1 0
2 0
3 0
4 0
5 0
6 0
7 0
8 0

1 6
2 3
3 6
4 4
5 3
6 5
7 8
8 8

1 7
2 4
3 9
4 6
5 2
6 7
7 9
8 5

1 8
2 8
3 2
4 6
5 2
6 9
7 9
8 2

1 6
2 8
3 7
4 6
5 1
6 7
7 1
8 0

1 6
2 3
3 6
4 4
5 3
6 5
7 8
8 8

1 7
2 4
3 9
4 6
5 2
6 7
7 9
8 5

1 8
2 8
3 2
4 6
5 2
6 9
7 9
8 2

1 6
2 8
3 7
4 6
5 1
6 7
7 1
8 0

1 6
2 3
3 6
4 4
5 3
6 5
7 8
8 8

1 7
2 4
3 9
4 6
5 2
6 7
7 9
8 5

1 8
2 8
3 2
4 6
5 2
6 9
7 9
8 2

1 6
2 8
3 7
4 6
5 1
6 7
7 1
8 0

1 6
2 3
3 6
4 4
5 3
6 5
7 8
8 8

1 7
2 4
3 9
4 6
5 2
6 7
7 9
8 5

1 8
2 8
3 2
4 6
5 2
6 9
7 9
8 2

1 6
2 8
3 7
4 6
5 1
6 7
7 1
8 0

1 6
2 3
3 6
4 4
5 3
6 5
7 8
8 8

1 7
2 4
3 9
4 6
5 2
6 7
7 9
8 5

1 8
2 8
3 2
4 6
5 2
6 9
7 9
8 2

1 6
2 8
3 7
4 6
5 1
6 7
7 1
8 0

1 6
2 3
3 6
4 4
5 3
6 5
7 8
8 8

1 7
2 4
3 9
4 6
5 2
6 7
7 9
8 5

1 8
2 8
3 2
4 6
5 2
6 9
7 9
8 2

1 6
2 8
3 7
4 6
5 1
6 7
7 1
8 0

1 6
2 3
3 6
4 4
5 3
6 5
7 8
8 8

1 7
2 4
3 9
4 6
5 2
6 7
7 9
8 5

1 8
2 8
3 2
4 6
5 2
6 9
7 9
8 2

1 6
2 8
3 7
4 6
5 1
6 7
7 1
8 0

1 6
2 3
3 6
4 4
5 3
6 5
7 8
8 8

1 7
2 4
3 9
4 6
5 2
6 7
7 9
8 5

1 8
2 8
3 2
4 6
5 2
6 9
7 9
8 2

1 6
2 8
3 7
4 6
5 1
6 7
7 1
8 0

1 6
2 3
3 6
4 4
5 3
6 5
7 8
8 8

1 7
2 4
3 9
4 6
5 2
6 7
7 9
8 5

1 8
2 8
3 2
4 6
5 2
6 9
7 9
8 2

1 6
2 8
3 7
4 6
5 1
6 7
7 1
8 0

1 6
2 3
3 6
4 4
5 3
6 5
7 8
8 8

1 7
2 4
3 9
4 6
5 2
6 7
7 9
8 5

1 8
2 8
3 2
4 6
5 2
6 9
7 9
8 2

1 6
2 8
3 7
4 6
5 1
6 7
7 1
8 0