1 0
2 0
3 0
4 0

1 1
2 5
3 1
4 6

1 0
2 0
3 7
4 2

1 3
2 2
3 3
4 2

1 9
2 7
3 3
4 7

1 0
2 9
3 0
4 1

1 0
2 4
3 7
4 1

1 1
2 5
3 1
4 6

1 0
2 0
3 7
4 2

1 3
2 2
3 3
4 2

1 9
2 7
3 3
4 7

1 0
2 9
3 0
4 1

1 0
2 4
3 7
4 1

1 1
2 5
3 1
4 6

1 0
2 0
3 7
4 2

1 3
2 2
3 3
4 2

1 9
2 7
3 3
4 7

1 0
2 9
3 0
4 1

1 0
2 4
3 7
4 1

1 1
2 5
3 1
4 6

1 0
2 0
3 7
4 2

1 3
2 2
3 3
4 2

1 9
2 7
3 3
4 7

1 0
2 9
3 0
4 1

1 0
2 4
3 7
4 1

1 1
2 5
3 1
4 6

1 0
2 0
3 7
4 2

1 3
2 2
3 3
4 2

1 9
2 7
3 3
4 7

1 0
2 9
3 0
4 1

1 0
2 4
3 7
4 1

1 1
2 5
3 1
4 6

1 0
2 0
3 7
4 2

1 3
2 2
3 3
4 2

1 9
2 7
3 3
4 7

1 0
2 9
3 0
4 1

1 0
2 4
3 7
4 1

1 1
2 5
3 1
4 6

1 0
2 0
3 7
4 2

1 3
2 2
3 3
4 2

1 9
2 7
3 3
4 7

1 0
2 9
3 0
4 1

1 0
2 4
3 7
4 1

1 1
2 5
3 1
4 6

1 0
2 0
3 7
4 2

1 3
2 2
3 3
4 2

1 9
2 7
3 3
4 7

1 0
2 9
3 0
4 1

1 0
2 4
3 7
4 1

1 1
2 5
3 1
4 6

1 0
2 0
3 7
4 2

1 3
2 2
3 3
4 2

1 9
2 7
3 3
4 7

1 0
2 9
3 0
4 1

1 0
2 4
3 7
4 1

1 1
2 5
3 1
4 6

1 0
2 0
3 7
4 2

1 3
2 2
3 3
4 2

1 9
2 7
3 3
4 7

1 0
2 9
3 0
4 1

1 0
2 4
3 7
4 1

1 1
2 5
3 1
4 6

1 0
2 0
3 7
4 2

1 3
2 2
3 3
4 2

1 9
2 7
3 3
4 7

1 0
2 9
3 0
4 1

1 0
2 4
3 7
4 1

1 1
2 5
3 1
4 6

1 0
2 0
3 7
4 2

1 3
2 2
3 3
4 2

1 9
2 7
3 3
4 7

1 0
2 9
3 0
4 1

1 0
2 4
3 7
4 1

1 1
2 5
3 1
4 6

1 0
2 0
3 7
4 2

1 3
2 2
3 3
4 2

1 9
2 7
3 3
4 7

1 0
2 9
3 0
4 1

1 0
2 4
3 7
4 1

1 1
2 5
3 1
4 6

1 0
2 0
3 7
4 2

1 3
2 2
3 3
4 2

1 9
2 7
3 3
4 7

1 0
2 9
3 0
4 1

1 0
2 4
3 7
4 1

1 1
2 5
3 1
4 6

1 0
2 0
3 7
4 2

1 3
2 2
3 3
4 2

1 9
2 7
3 3
4 7

1 0
2 9
3 0
4 1

1 0
2 4
3 7
4 1