1 0
2 0
3 0
4 0
5 0
6 0
7 0
8 0

1 2
2 1
3 6
4 9
5 4
6 7
7 6
8 6

1 1
2 7
3 0
4 1
5 2
6 8
7 2
8 3

1 3
2 4
3 4
4 8
5 2
6 8
7 8
8 3

1 6
2 2
3 2
4 5
5 1
6 2
7 1
8 3

1 9
2 9
3 1
4 7
5 0
6 0
7 3
8 1

1 5
2 7
3 0
4 4
5 0
6 5
7 3
8 9

1 2
2 1
3 6
4 9
5 4
6 7
7 6
8 6

1 1
2 7
3 0
4 1
5 2
6 8
7 2
8 3

1 3
2 4
3 4
4 8
5 2
6 8
7 8
8 3

1 6
2 2
3 2
4 5
5 1
6 2
7 1
8 3

1 9
2 9
3 1
4 7
5 0
6 0
7 3
8 1

1 5
2 7
3 0
4 4
5 0
6 5
7 3
8 9

1 2
2 1
3 6
4 9
5 4
6 7
7 6
8 6

1 1
2 7
3 0
4 1
5 2
6 8
7 2
8 3

1 3
2 4
3 4
4 8
5 2
6 8
7 8
8 3

1 6
2 2
3 2
4 5
5 1
6 2
7 1
8 3

1 9
2 9
3 1
4 7
5 0
6 0
7 3
8 1

1 5
2 7
3 0
4 4
5 0
6 5
7 3
8 9

1 2
2 1
3 6
4 9
5 4
6 7
7 6
8 6

1 1
2 7
3 0
4 1
5 2
6 8
7 2
8 3

1 3
2 4
3 4
4 8
5 2
6 8
7 8
8 3

1 6
2 2
3 2
4 5
5 1
6 2
7 1
8 3

1 9
2 9
3 1
4 7
5 0
6 0
7 3
8 1

1 5
2 7
3 0
4 4
5 0
6 5
7 3
8 9

1 2
2 1
3 6
4 9
5 4
6 7
7 6
8 6

1 1
2 7
3 0
4 1
5 2
6 8
7 2
8 3

1 3
2 4
3 4
4 8
5 2
6 8
7 8
8 3

1 6
2 2
3 2
4 5
5 1
6 2
7 1
8 3

1 9
2 9
3 1
4 7
5 0
6 0
7 3
8 1

1 5
2 7
3 0
4 4
5 0
6 5
7 3
8 9

1 2
2 1
3 6
4 9
5 4
6 7
7 6
8 6

1 1
2 7
3 0
4 1
5 2
6 8
7 2
8 3

1 3
2 4
3 4
4 8
5 2
6 8
7 8
8 3

1 6
2 2
3 2
4 5
5 1
6 2
7 1
8 3

1 9
2 9
3 1
4 7
5 0
6 0
7 3
8 1

1 5
2 7
3 0
4 4
5 0
6 5
7 3
8 9

1 2
2 1
3 6
4 9
5 4
6 7
7 6
8 6

1 1
2 7
3 0
4 1
5 2
6 8
7 2
8 3

1 3
2 4
3 4
4 8
5 2
6 8
7 8
8 3

1 6
2 2
3 2
4 5
5 1
6 2
7 1
8 3

1 9
2 9
3 1
4 7
5 0
6 0
7 3
8 1

1 5
2 7
3 0
4 4
5 0
6 5
7 3
8 9

1 2
2 1
3 6
4 9
5 4
6 7
7 6
8 6

1 1
2 7
3 0
4 1
5 2
6 8
7 2
8 3

1 3
2 4
3 4
4 8
5 2
6 8
7 8
8 3

1 6
2 2
3 2
4 5
5 1
6 2
7 1
8 3

1 9
2 9
3 1
4 7
5 0
6 0
7 3
8 1

1 5
2 7
3 0
4 4
5 0
6 5
7 3
8 9

1 2
2 1
3 6
4 9
5 4
6 7
7 6
8 6

1 1
2 7
3 0
4 1
5 2
6 8
7 2
8 3

1 3
2 4
3 4
4 8
5 2
6 8
7 8
8 3

1 6
2 2
3 2
4 5
5 1
6 2
7 1
8 3

1 9
2 9
3 1
4 7
5 0
6 0
7 3
8 1

1 5
2 7
3 0
4 4
5 0
6 5
7 3
8 9

1 2
2 1
3 6
4 9
5 4
6 7
7 6
8 6

1 1
2 7
3 0
4 1
5 2
6 8
7 2
8 3

1 3
2 4
3 4
4 8
5 2
6 8
7 8
8 3

1 6
2 2
3 2
4 5
5 1
6 2
7 1
8 3

1 9
2 9
3 1
4 7
5 0
6 0
7 3
8 1

1 5
2 7
3 0
4 4
5 0
6 5
7 3
8 9

1 2
2 1
3 6
4 9
5 4
6 7
7 6
8 6

1 1
2 7
3 0
4 1
5 2
6 8
7 2
8 3

1 3
2 4
3 4
4 8
5 2
6 8
7 8
8 3

1 6
2 2
3 2
4 5
5 1
6 2
7 1
8 3

1 9
2 9
3 1
4 7
5 0
6 0
7 3
8 1

1 5
2 7
3 0
4 4
5 0
6 5
7 3
8 9

1 2
2 1
3 6
4 9
5 4
6 7
7 6
8 6

1 1
2 7
3 0
4 1
5 2
6 8
7 2
8 3

1 3
2 4
3 4
4 8
5 2
6 8
7 8
8 3

1 6
2 2
3 2
4 5
5 1
6 2
7 1
8 3

1 9
2 9
3 1
4 7
5 0
6 0
7 3
8 1

1 5
2 7
3 0
4 4
5 0
6 5
7 3
8 9

1 2
2 1
3 6
4 9
5 4
6 7
7 6
8 6

1 1
2 7
3 0
4 1
5 2
6 8
7 2
8 3

1 3
2 4
3 4
4 8
5 2
6 8
7 8
8 3

1 6
2 2
3 2
4 5
5 1
6 2
7 1
8 3

1 9
2 9
3 1
4 7
5 0
6 0
7 3
8 1

1 5
2 7
3 0
4 4
5 0
6 5
7 3
8 9

1 2
2 1
3 6
4 9
5 4
6 7
7 6
8 6

1 1
2 7
3 0
4 1
5 2
6 8
7 2
8 3

1 3
2 4
3 4
4 8
5 2
6 8
7 8
8 3

1 6
2 2
3 2
4 5
5 1
6 2
7 1
8 3

1 9
2 9
3 1
4 7
5 0
6 0
7 3
8 1

1 5
2 7
3 0
4 4
5 0
6 5
7 3
8 9

1 2
2 1
3 6
4 9
5 4
6 7
7 6
8 6

1 1
2 7
3 0
4 1
5 2
6 8
7 2
8 3

1 3
2 4
3 4
4 8
5 2
6 8
7 8
8 3

1 6
2 2
3 2
4 5
5 1
6 2
7 1
8 3

1 9
2 9
3 1
4 7
5 0
6 0
7 3
8 1

1 5
2 7
3 0
4 4
5 0
6 5
7 3
8 9