1 0
2 0
3 0
4 0
5 0
6 0
7 0
8 0
9 0
10 0
11 0
12 0
13 0
14 0
15 0
16 0

1 1
2 7
3 8
4 5
5 2
6 5
7 7
8 6
9 3
10 2
11 9
12 6
13 9
14 9
15 7
16 0

1 2
2 5
3 9
4 8
5 6
6 3
7 8
8 6
9 6
10 1
11 0
12 5
13 6
14 5
15 8
16 0

1 2
2 1
3 6
4 2
5 4
6 4
7 5
8 5
9 2
10 6
11 1
12 2
13 5
14 3
15 4
16 6

1 9
2 7
3 8
4 2
5 3
6 8
7 5
8 2
9 9
10 9
11 2
12 6
13 9
14 9
15 2
16 2

1 1
2 7
3 8
4 5
5 2
6 5
7 7
8 6
9 3
10 2
11 9
12 6
13 9
14 9
15 7
16 0

1 2
2 5
3 9
4 8
5 6
6 3
7 8
8 6
9 6
10 1
11 0
12 5
13 6
14 5
15 8
16 0

1 2
2 1
3 6
4 2
5 4
6 4
7 5
8 5
9 2
10 6
11 1
12 2
13 5
14 3
15 4
16 6

1 9
2 7
3 8
4 2
5 3
6 8
7 5
8 2
9 9
10 9
11 2
12 6
13 9
14 9
15 2
16 2

1 1
2 7
3 8
4 5
5 2
6 5
7 7
8 6
9 3
10 2
11 9
12 6
13 9
14 9
15 7
16 0

1 2
2 5
3 9
4 8
5 6
6 3
7 8
8 6
9 6
10 1
11 0
12 5
13 6
14 5
15 8
16 0

1 2
2 1
3 6
4 2
5 4
6 4
7 5
8 5
9 2
10 6
11 1
12 2
13 5
14 3
15 4
16 6

1 9
2 7
3 8
4 2
5 3
6 8
7 5
8 2
9 9
10 9
11 2
12 6
13 9
14 9
15 2
16 2

1 1
2 7
3 8
4 5
5 2
6 5
7 7
8 6
9 3
10 2
11 9
12 6
13 9
14 9
15 7
16 0

1 2
2 5
3 9
4 8
5 6
6 3
7 8
8 6
9 6
10 1
11 0
12 5
13 6
14 5
15 8
16 0

1 2
2 1
3 6
4 2
5 4
6 4
7 5
8 5
9 2
10 6
11 1
12 2
13 5
14 3
15 4
16 6

1 9
2 7
3 8
4 2
5 3
6 8
7 5
8 2
9 9
10 9
11 2
12 6
13 9
14 9
15 2
16 2

1 1
2 7
3 8
4 5
5 2
6 5
7 7
8 6
9 3
10 2
11 9
12 6
13 9
14 9
15 7
16 0

1 2
2 5
3 9
4 8
5 6
6 3
7 8
8 6
9 6
10 1
11 0
12 5
13 6
14 5
15 8
16 0

1 2
2 1
3 6
4 2
5 4
6 4
7 5
8 5
9 2
10 6
11 1
12 2
13 5
14 3
15 4
16 6

1 9
2 7
3 8
4 2
5 3
6 8
7 5
8 2
9 9
10 9
11 2
12 6
13 9
14 9
15 2
16 2

1 1
2 7
3 8
4 5
5 2
6 5
7 7
8 6
9 3
10 2
11 9
12 6
13 9
14 9
15 7
16 0

1 2
2 5
3 9
4 8
5 6
6 3
7 8
8 6
9 6
10 1
11 0
12 5
13 6
14 5
15 8
16 0

1 2
2 1
3 6
4 2
5 4
6 4
7 5
8 5
9 2
10 6
11 1
12 2
13 5
14 3
15 4
16 6

1 9
2 7
3 8
4 2
5 3
6 8
7 5
8 2
9 9
10 9
11 2
12 6
13 9
14 9
15 2
16 2

1 1
2 7
3 8
4 5
5 2
6 5
7 7
8 6
9 3
10 2
11 9
12 6
13 9
14 9
15 7
16 0

1 2
2 5
3 9
4 8
5 6
6 3
7 8
8 6
9 6
10 1
11 0
12 5
13 6
14 5
15 8
16 0

1 2
2 1
3 6
4 2
5 4
6 4
7 5
8 5
9 2
10 6
11 1
12 2
13 5
14 3
15 4
16 6

1 9
2 7
3 8
4 2
5 3
6 8
7 5
8 2
9 9
10 9
11 2
12 6
13 9
14 9
15 2
16 2

1 1
2 7
3 8
4 5
5 2
6 5
7 7
8 6
9 3
10 2
11 9
12 6
13 9
14 9
15 7
16 0

1 2
2 5
3 9
4 8
5 6
6 3
7 8
8 6
9 6
10 1
11 0
12 5
13 6
14 5
15 8
16 0

1 2
2 1
3 6
4 2
5 4
6 4
7 5
8 5
9 2
10 6
11 1
12 2
13 5
14 3
15 4
16 6

1 9
2 7
3 8
4 2
5 3
6 8
7 5
8 2
9 9
10 9
11 2
12 6
13 9
14 9
15 2
16 2

1 1
2 7
3 8
4 5
5 2
6 5
7 7
8 6
9 3
10 2
11 9
12 6
13 9
14 9
15 7
16 0

1 2
2 5
3 9
4 8
5 6
6 3
7 8
8 6
9 6
10 1
11 0
12 5
13 6
14 5
15 8
16 0

1 2
2 1
3 6
4 2
5 4
6 4
7 5
8 5
9 2
10 6
11 1
12 2
13 5
14 3
15 4
16 6

1 9
2 7
3 8
4 2
5 3
6 8
7 5
8 2
9 9
10 9
11 2
12 6
13 9
14 9
15 2
16 2

1 1
2 7
3 8
4 5
5 2
6 5
7 7
8 6
9 3
10 2
11 9
12 6
13 9
14 9
15 7
16 0

1 2
2 5
3 9
4 8
5 6
6 3
7 8
8 6
9 6
10 1
11 0
12 5
13 6
14 5
15 8
16 0

1 2
2 1
3 6
4 2
5 4
6 4
7 5
8 5
9 2
10 6
11 1
12 2
13 5
14 3
15 4
16 6

1 9
2 7
3 8
4 2
5 3
6 8
7 5
8 2
9 9
10 9
11 2
12 6
13 9
14 9
15 2
16 2

1 1
2 7
3 8
4 5
5 2
6 5
7 7
8 6
9 3
10 2
11 9
12 6
13 9
14 9
15 7
16 0

1 2
2 5
3 9
4 8
5 6
6 3
7 8
8 6
9 6
10 1
11 0
12 5
13 6
14 5
15 8
16 0

1 2
2 1
3 6
4 2
5 4
6 4
7 5
8 5
9 2
10 6
11 1
12 2
13 5
14 3
15 4
16 6

1 9
2 7
3 8
4 2
5 3
6 8
7 5
8 2
9 9
10 9
11 2
12 6
13 9
14 9
15 2
16 2

1 1
2 7
3 8
4 5
5 2
6 5
7 7
8 6
9 3
10 2
11 9
12 6
13 9
14 9
15 7
16 0

1 2
2 5
3 9
4 8
5 6
6 3
7 8
8 6
9 6
10 1
11 0
12 5
13 6
14 5
15 8
16 0

1 2
2 1
3 6
4 2
5 4
6 4
7 5
8 5
9 2
10 6
11 1
12 2
13 5
14 3
15 4
16 6

1 9
2 7
3 8
4 2
5 3
6 8
7 5
8 2
9 9
10 9
11 2
12 6
13 9
14 9
15 2
16 2

1 1
2 7
3 8
4 5
5 2
6 5
7 7
8 6
9 3
10 2
11 9
12 6
13 9
14 9
15 7
16 0

1 2
2 5
3 9
4 8
5 6
6 3
7 8
8 6
9 6
10 1
11 0
12 5
13 6
14 5
15 8
16 0

1 2
2 1
3 6
4 2
5 4
6 4
7 5
8 5
9 2
10 6
11 1
12 2
13 5
14 3
15 4
16 6

1 9
2 7
3 8
4 2
5 3
6 8
7 5
8 2
9 9
10 9
11 2
12 6
13 9
14 9
15 2
16 2

1 1
2 7
3 8
4 5
5 2
6 5
7 7
8 6
9 3
10 2
11 9
12 6
13 9
14 9
15 7
16 0

1 2
2 5
3 9
4 8
5 6
6 3
7 8
8 6
9 6
10 1
11 0
12 5
13 6
14 5
15 8
16 0

1 2
2 1
3 6
4 2
5 4
6 4
7 5
8 5
9 2
10 6
11 1
12 2
13 5
14 3
15 4
16 6

1 9
2 7
3 8
4 2
5 3
6 8
7 5
8 2
9 9
10 9
11 2
12 6
13 9
14 9
15 2
16 2

1 1
2 7
3 8
4 5
5 2
6 5
7 7
8 6
9 3
10 2
11 9
12 6
13 9
14 9
15 7
16 0

1 2
2 5
3 9
4 8
5 6
6 3
7 8
8 6
9 6
10 1
11 0
12 5
13 6
14 5
15 8
16 0

1 2
2 1
3 6
4 2
5 4
6 4
7 5
8 5
9 2
10 6
11 1
12 2
13 5
14 3
15 4
16 6

1 9
2 7
3 8
4 2
5 3
6 8
7 5
8 2
9 9
10 9
11 2
12 6
13 9
14 9
15 2
16 2

1 1
2 7
3 8
4 5
5 2
6 5
7 7
8 6
9 3
10 2
11 9
12 6
13 9
14 9
15 7
16 0

1 2
2 5
3 9
4 8
5 6
6 3
7 8
8 6
9 6
10 1
11 0
12 5
13 6
14 5
15 8
16 0

1 2
2 1
3 6
4 2
5 4
6 4
7 5
8 5
9 2
10 6
11 1
12 2
13 5
14 3
15 4
16 6

1 9
2 7
3 8
4 2
5 3
6 8
7 5
8 2
9 9
10 9
11 2
12 6
13 9
14 9
15 2
16 2

1 1
2 7
3 8
4 5
5 2
6 5
7 7
8 6
9 3
10 2
11 9
12 6
13 9
14 9
15 7
16 0

1 2
2 5
3 9
4 8
5 6
6 3
7 8
8 6
9 6
10 1
11 0
12 5
13 6
14 5
15 8
16 0

1 2
2 1
3 6
4 2
5 4
6 4
7 5
8 5
9 2
10 6
11 1
12 2
13 5
14 3
15 4
16 6

1 9
2 7
3 8
4 2
5 3
6 8
7 5
8 2
9 9
10 9
11 2
12 6
13 9
14 9
15 2
16 2

1 1
2 7
3 8
4 5
5 2
6 5
7 7
8 6
9 3
10 2
11 9
12 6
13 9
14 9
15 7
16 0

1 2
2 5
3 9
4 8
5 6
6 3
7 8
8 6
9 6
10 1
11 0
12 5
13 6
14 5
15 8
16 0

1 2
2 1
3 6
4 2
5 4
6 4
7 5
8 5
9 2
10 6
11 1
12 2
13 5
14 3
15 4
16 6

1 9
2 7
3 8
4 2
5 3
6 8
7 5
8 2
9 9
10 9
11 2
12 6
13 9
14 9
15 2
16 2

1 1
2 7
3 8
4 5
5 2
6 5
7 7
8 6
9 3
10 2
11 9
12 6
13 9
14 9
15 7
16 0

1 2
2 5
3 9
4 8
5 6
6 3
7 8
8 6
9 6
10 1
11 0
12 5
13 6
14 5
15 8
16 0

1 2
2 1
3 6
4 2
5 4
6 4
7 5
8 5
9 2
10 6
11 1
12 2
13 5
14 3
15 4
16 6

1 9
2 7
3 8
4 2
5 3
6 8
7 5
8 2
9 9
10 9
11 2
12 6
13 9
14 9
15 2
16 2

1 1
2 7
3 8
4 5
5 2
6 5
7 7
8 6
9 3
10 2
11 9
12 6
13 9
14 9
15 7
16 0

1 2
2 5
3 9
4 8
5 6
6 3
7 8
8 6
9 6
10 1
11 0
12 5
13 6
14 5
15 8
16 0

1 2
2 1
3 6
4 2
5 4
6 4
7 5
8 5
9 2
10 6
11 1
12 2
13 5
14 3
15 4
16 6

1 9
2 7
3 8
4 2
5 3
6 8
7 5
8 2
9 9
10 9
11 2
12 6
13 9
14 9
15 2
16 2