1 0
2 0
3 0
4 0

1 0
2 2
3 1
4 5

1 4
2 0
3 8
4 9

1 0
2 2
3 1
4 5

1 4
2 0
3 8
4 9

1 0
2 2
3 1
4 5

1 4
2 0
3 8
4 9

1 0
2 2
3 1
4 5

1 4
2 0
3 8
4 9

1 0
2 2
3 1
4 5

1 4
2 0
3 8
4 9

1 0
2 2
3 1
4 5

1 4
2 0
3 8
4 9

1 0
2 2
3 1
4 5

1 4
2 0
3 8
4 9

1 0
2 2
3 1
4 5

1 4
2 0
3 8
4 9

1 0
2 2
3 1
4 5

1 4
2 0
3 8
4 9

1 0
2 2
3 1
4 5

1 4
2 0
3 8
4 9

1 0
2 2
3 1
4 5

1 4
2 0
3 8
4 9

1 0
2 2
3 1
4 5

1 4
2 0
3 8
4 9

1 0
2 2
3 1
4 5

1 4
2 0
3 8
4 9

1 0
2 2
3 1
4 5

1 4
2 0
3 8
4 9

1 0
2 2
3 1
4 5

1 4
2 0
3 8
4 9