1 0
2 0
3 0
4 0

1 0
2 5
3 1
4 0

1 7
2 5
3 0
4 9

1 1
2 0
3 1
4 8

1 7
2 6
3 2
4 5

1 8
2 7
3 7
4 0

1 5
2 6
3 9
4 8

1 0
2 5
3 1
4 0

1 7
2 5
3 0
4 9

1 1
2 0
3 1
4 8

1 7
2 6
3 2
4 5

1 8
2 7
3 7
4 0

1 5
2 6
3 9
4 8

1 0
2 5
3 1
4 0

1 7
2 5
3 0
4 9

1 1
2 0
3 1
4 8

1 7
2 6
3 2
4 5

1 8
2 7
3 7
4 0

1 5
2 6
3 9
4 8

1 0
2 5
3 1
4 0

1 7
2 5
3 0
4 9

1 1
2 0
3 1
4 8

1 7
2 6
3 2
4 5

1 8
2 7
3 7
4 0

1 5
2 6
3 9
4 8

1 0
2 5
3 1
4 0

1 7
2 5
3 0
4 9

1 1
2 0
3 1
4 8

1 7
2 6
3 2
4 5

1 8
2 7
3 7
4 0

1 5
2 6
3 9
4 8

1 0
2 5
3 1
4 0

1 7
2 5
3 0
4 9

1 1
2 0
3 1
4 8

1 7
2 6
3 2
4 5

1 8
2 7
3 7
4 0

1 5
2 6
3 9
4 8

1 0
2 5
3 1
4 0

1 7
2 5
3 0
4 9

1 1
2 0
3 1
4 8

1 7
2 6
3 2
4 5

1 8
2 7
3 7
4 0

1 5
2 6
3 9
4 8

1 0
2 5
3 1
4 0

1 7
2 5
3 0
4 9

1 1
2 0
3 1
4 8

1 7
2 6
3 2
4 5

1 8
2 7
3 7
4 0

1 5
2 6
3 9
4 8

1 0
2 5
3 1
4 0

1 7
2 5
3 0
4 9

1 1
2 0
3 1
4 8

1 7
2 6
3 2
4 5

1 8
2 7
3 7
4 0

1 5
2 6
3 9
4 8

1 0
2 5
3 1
4 0

1 7
2 5
3 0
4 9

1 1
2 0
3 1
4 8

1 7
2 6
3 2
4 5

1 8
2 7
3 7
4 0

1 5
2 6
3 9
4 8

1 0
2 5
3 1
4 0

1 7
2 5
3 0
4 9

1 1
2 0
3 1
4 8

1 7
2 6
3 2
4 5

1 8
2 7
3 7
4 0

1 5
2 6
3 9
4 8

1 0
2 5
3 1
4 0

1 7
2 5
3 0
4 9

1 1
2 0
3 1
4 8

1 7
2 6
3 2
4 5

1 8
2 7
3 7
4 0

1 5
2 6
3 9
4 8

1 0
2 5
3 1
4 0

1 7
2 5
3 0
4 9

1 1
2 0
3 1
4 8

1 7
2 6
3 2
4 5

1 8
2 7
3 7
4 0

1 5
2 6
3 9
4 8

1 0
2 5
3 1
4 0

1 7
2 5
3 0
4 9

1 1
2 0
3 1
4 8

1 7
2 6
3 2
4 5

1 8
2 7
3 7
4 0

1 5
2 6
3 9
4 8

1 0
2 5
3 1
4 0

1 7
2 5
3 0
4 9

1 1
2 0
3 1
4 8

1 7
2 6
3 2
4 5

1 8
2 7
3 7
4 0

1 5
2 6
3 9
4 8

1 0
2 5
3 1
4 0

1 7
2 5
3 0
4 9

1 1
2 0
3 1
4 8

1 7
2 6
3 2
4 5

1 8
2 7
3 7
4 0

1 5
2 6
3 9
4 8

1 0
2 5
3 1
4 0

1 7
2 5
3 0
4 9

1 1
2 0
3 1
4 8

1 7
2 6
3 2
4 5

1 8
2 7
3 7
4 0

1 5
2 6
3 9
4 8

1 0
2 5
3 1
4 0

1 7
2 5
3 0
4 9

1 1
2 0
3 1
4 8

1 7
2 6
3 2
4 5

1 8
2 7
3 7
4 0

1 5
2 6
3 9
4 8

1 0
2 5
3 1
4 0

1 7
2 5
3 0
4 9

1 1
2 0
3 1
4 8

1 7
2 6
3 2
4 5

1 8
2 7
3 7
4 0

1 5
2 6
3 9
4 8

1 0
2 5
3 1
4 0

1 7
2 5
3 0
4 9

1 1
2 0
3 1
4 8

1 7
2 6
3 2
4 5

1 8
2 7
3 7
4 0

1 5
2 6
3 9
4 8