1 0
2 0
3 0
4 0
5 0
6 0
7 0
8 0

1 13
2 15
3 10
4 20
5 15
6 18
7 20
8 10

1 13
2 14
3 11
4 14
5 18
6 19
7 14
8 11

1 17
2 16
3 12
4 11
5 13
6 10
7 15
8 13

1 12
2 10
3 20
4 11
5 19
6 11
7 16
8 16

1 16
2 15
3 10
4 20
5 18
6 19
7 11
8 16

1 15
2 17
3 13
4 20
5 20
6 20
7 13
8 17

1 13
2 15
3 10
4 20
5 15
6 18
7 20
8 10

1 13
2 14
3 11
4 14
5 18
6 19
7 14
8 11

1 17
2 16
3 12
4 11
5 13
6 10
7 15
8 13

1 12
2 10
3 20
4 11
5 19
6 11
7 16
8 16

1 16
2 15
3 10
4 20
5 18
6 19
7 11
8 16

1 15
2 17
3 13
4 20
5 20
6 20
7 13
8 17

1 13
2 15
3 10
4 20
5 15
6 18
7 20
8 10

1 13
2 14
3 11
4 14
5 18
6 19
7 14
8 11

1 17
2 16
3 12
4 11
5 13
6 10
7 15
8 13

1 12
2 10
3 20
4 11
5 19
6 11
7 16
8 16

1 16
2 15
3 10
4 20
5 18
6 19
7 11
8 16

1 15
2 17
3 13
4 20
5 20
6 20
7 13
8 17

1 13
2 15
3 10
4 20
5 15
6 18
7 20
8 10

1 13
2 14
3 11
4 14
5 18
6 19
7 14
8 11

1 17
2 16
3 12
4 11
5 13
6 10
7 15
8 13

1 12
2 10
3 20
4 11
5 19
6 11
7 16
8 16

1 16
2 15
3 10
4 20
5 18
6 19
7 11
8 16

1 15
2 17
3 13
4 20
5 20
6 20
7 13
8 17

1 13
2 15
3 10
4 20
5 15
6 18
7 20
8 10

1 13
2 14
3 11
4 14
5 18
6 19
7 14
8 11

1 17
2 16
3 12
4 11
5 13
6 10
7 15
8 13

1 12
2 10
3 20
4 11
5 19
6 11
7 16
8 16

1 16
2 15
3 10
4 20
5 18
6 19
7 11
8 16

1 15
2 17
3 13
4 20
5 20
6 20
7 13
8 17

1 13
2 15
3 10
4 20
5 15
6 18
7 20
8 10

1 13
2 14
3 11
4 14
5 18
6 19
7 14
8 11

1 17
2 16
3 12
4 11
5 13
6 10
7 15
8 13

1 12
2 10
3 20
4 11
5 19
6 11
7 16
8 16

1 16
2 15
3 10
4 20
5 18
6 19
7 11
8 16

1 15
2 17
3 13
4 20
5 20
6 20
7 13
8 17

1 13
2 15
3 10
4 20
5 15
6 18
7 20
8 10

1 13
2 14
3 11
4 14
5 18
6 19
7 14
8 11

1 17
2 16
3 12
4 11
5 13
6 10
7 15
8 13

1 12
2 10
3 20
4 11
5 19
6 11
7 16
8 16

1 16
2 15
3 10
4 20
5 18
6 19
7 11
8 16

1 15
2 17
3 13
4 20
5 20
6 20
7 13
8 17

1 13
2 15
3 10
4 20
5 15
6 18
7 20
8 10

1 13
2 14
3 11
4 14
5 18
6 19
7 14
8 11

1 17
2 16
3 12
4 11
5 13
6 10
7 15
8 13

1 12
2 10
3 20
4 11
5 19
6 11
7 16
8 16

1 16
2 15
3 10
4 20
5 18
6 19
7 11
8 16

1 15
2 17
3 13
4 20
5 20
6 20
7 13
8 17

1 13
2 15
3 10
4 20
5 15
6 18
7 20
8 10

1 13
2 14
3 11
4 14
5 18
6 19
7 14
8 11

1 17
2 16
3 12
4 11
5 13
6 10
7 15
8 13

1 12
2 10
3 20
4 11
5 19
6 11
7 16
8 16

1 16
2 15
3 10
4 20
5 18
6 19
7 11
8 16

1 15
2 17
3 13
4 20
5 20
6 20
7 13
8 17

1 13
2 15
3 10
4 20
5 15
6 18
7 20
8 10

1 13
2 14
3 11
4 14
5 18
6 19
7 14
8 11

1 17
2 16
3 12
4 11
5 13
6 10
7 15
8 13

1 12
2 10
3 20
4 11
5 19
6 11
7 16
8 16

1 16
2 15
3 10
4 20
5 18
6 19
7 11
8 16

1 15
2 17
3 13
4 20
5 20
6 20
7 13
8 17

1 13
2 15
3 10
4 20
5 15
6 18
7 20
8 10

1 13
2 14
3 11
4 14
5 18
6 19
7 14
8 11

1 17
2 16
3 12
4 11
5 13
6 10
7 15
8 13

1 12
2 10
3 20
4 11
5 19
6 11
7 16
8 16

1 16
2 15
3 10
4 20
5 18
6 19
7 11
8 16

1 15
2 17
3 13
4 20
5 20
6 20
7 13
8 17

1 13
2 15
3 10
4 20
5 15
6 18
7 20
8 10

1 13
2 14
3 11
4 14
5 18
6 19
7 14
8 11

1 17
2 16
3 12
4 11
5 13
6 10
7 15
8 13

1 12
2 10
3 20
4 11
5 19
6 11
7 16
8 16

1 16
2 15
3 10
4 20
5 18
6 19
7 11
8 16

1 15
2 17
3 13
4 20
5 20
6 20
7 13
8 17

1 13
2 15
3 10
4 20
5 15
6 18
7 20
8 10

1 13
2 14
3 11
4 14
5 18
6 19
7 14
8 11

1 17
2 16
3 12
4 11
5 13
6 10
7 15
8 13

1 12
2 10
3 20
4 11
5 19
6 11
7 16
8 16

1 16
2 15
3 10
4 20
5 18
6 19
7 11
8 16

1 15
2 17
3 13
4 20
5 20
6 20
7 13
8 17

1 13
2 15
3 10
4 20
5 15
6 18
7 20
8 10

1 13
2 14
3 11
4 14
5 18
6 19
7 14
8 11

1 17
2 16
3 12
4 11
5 13
6 10
7 15
8 13

1 12
2 10
3 20
4 11
5 19
6 11
7 16
8 16

1 16
2 15
3 10
4 20
5 18
6 19
7 11
8 16

1 15
2 17
3 13
4 20
5 20
6 20
7 13
8 17

1 13
2 15
3 10
4 20
5 15
6 18
7 20
8 10

1 13
2 14
3 11
4 14
5 18
6 19
7 14
8 11

1 17
2 16
3 12
4 11
5 13
6 10
7 15
8 13

1 12
2 10
3 20
4 11
5 19
6 11
7 16
8 16

1 16
2 15
3 10
4 20
5 18
6 19
7 11
8 16

1 15
2 17
3 13
4 20
5 20
6 20
7 13
8 17