1 0
2 0
3 0
4 0
5 0
6 0
7 0
8 0
9 0
10 0
11 0
12 0
13 0
14 0
15 0
16 0

1 11
2 19
3 13
4 12
5 14
6 13
7 15
8 16
9 13
10 17
11 13
12 15
13 11
14 19
15 11
16 11

1 12
2 11
3 16
4 19
5 10
6 15
7 10
8 15
9 18
10 20
11 17
12 14
13 13
14 13
15 14
16 20

1 15
2 19
3 20
4 18
5 19
6 12
7 16
8 20
9 12
10 11
11 19
12 20
13 13
14 11
15 20
16 17

1 16
2 19
3 17
4 13
5 19
6 12
7 14
8 11
9 15
10 14
11 10
12 20
13 18
14 18
15 20
16 12

1 11
2 19
3 13
4 12
5 14
6 13
7 15
8 16
9 13
10 17
11 13
12 15
13 11
14 19
15 11
16 11

1 12
2 11
3 16
4 19
5 10
6 15
7 10
8 15
9 18
10 20
11 17
12 14
13 13
14 13
15 14
16 20

1 15
2 19
3 20
4 18
5 19
6 12
7 16
8 20
9 12
10 11
11 19
12 20
13 13
14 11
15 20
16 17

1 16
2 19
3 17
4 13
5 19
6 12
7 14
8 11
9 15
10 14
11 10
12 20
13 18
14 18
15 20
16 12

1 11
2 19
3 13
4 12
5 14
6 13
7 15
8 16
9 13
10 17
11 13
12 15
13 11
14 19
15 11
16 11

1 12
2 11
3 16
4 19
5 10
6 15
7 10
8 15
9 18
10 20
11 17
12 14
13 13
14 13
15 14
16 20

1 15
2 19
3 20
4 18
5 19
6 12
7 16
8 20
9 12
10 11
11 19
12 20
13 13
14 11
15 20
16 17

1 16
2 19
3 17
4 13
5 19
6 12
7 14
8 11
9 15
10 14
11 10
12 20
13 18
14 18
15 20
16 12

1 11
2 19
3 13
4 12
5 14
6 13
7 15
8 16
9 13
10 17
11 13
12 15
13 11
14 19
15 11
16 11

1 12
2 11
3 16
4 19
5 10
6 15
7 10
8 15
9 18
10 20
11 17
12 14
13 13
14 13
15 14
16 20

1 15
2 19
3 20
4 18
5 19
6 12
7 16
8 20
9 12
10 11
11 19
12 20
13 13
14 11
15 20
16 17

1 16
2 19
3 17
4 13
5 19
6 12
7 14
8 11
9 15
10 14
11 10
12 20
13 18
14 18
15 20
16 12

1 11
2 19
3 13
4 12
5 14
6 13
7 15
8 16
9 13
10 17
11 13
12 15
13 11
14 19
15 11
16 11

1 12
2 11
3 16
4 19
5 10
6 15
7 10
8 15
9 18
10 20
11 17
12 14
13 13
14 13
15 14
16 20

1 15
2 19
3 20
4 18
5 19
6 12
7 16
8 20
9 12
10 11
11 19
12 20
13 13
14 11
15 20
16 17

1 16
2 19
3 17
4 13
5 19
6 12
7 14
8 11
9 15
10 14
11 10
12 20
13 18
14 18
15 20
16 12

1 11
2 19
3 13
4 12
5 14
6 13
7 15
8 16
9 13
10 17
11 13
12 15
13 11
14 19
15 11
16 11

1 12
2 11
3 16
4 19
5 10
6 15
7 10
8 15
9 18
10 20
11 17
12 14
13 13
14 13
15 14
16 20

1 15
2 19
3 20
4 18
5 19
6 12
7 16
8 20
9 12
10 11
11 19
12 20
13 13
14 11
15 20
16 17

1 16
2 19
3 17
4 13
5 19
6 12
7 14
8 11
9 15
10 14
11 10
12 20
13 18
14 18
15 20
16 12

1 11
2 19
3 13
4 12
5 14
6 13
7 15
8 16
9 13
10 17
11 13
12 15
13 11
14 19
15 11
16 11

1 12
2 11
3 16
4 19
5 10
6 15
7 10
8 15
9 18
10 20
11 17
12 14
13 13
14 13
15 14
16 20

1 15
2 19
3 20
4 18
5 19
6 12
7 16
8 20
9 12
10 11
11 19
12 20
13 13
14 11
15 20
16 17

1 16
2 19
3 17
4 13
5 19
6 12
7 14
8 11
9 15
10 14
11 10
12 20
13 18
14 18
15 20
16 12

1 11
2 19
3 13
4 12
5 14
6 13
7 15
8 16
9 13
10 17
11 13
12 15
13 11
14 19
15 11
16 11

1 12
2 11
3 16
4 19
5 10
6 15
7 10
8 15
9 18
10 20
11 17
12 14
13 13
14 13
15 14
16 20

1 15
2 19
3 20
4 18
5 19
6 12
7 16
8 20
9 12
10 11
11 19
12 20
13 13
14 11
15 20
16 17

1 16
2 19
3 17
4 13
5 19
6 12
7 14
8 11
9 15
10 14
11 10
12 20
13 18
14 18
15 20
16 12

1 11
2 19
3 13
4 12
5 14
6 13
7 15
8 16
9 13
10 17
11 13
12 15
13 11
14 19
15 11
16 11

1 12
2 11
3 16
4 19
5 10
6 15
7 10
8 15
9 18
10 20
11 17
12 14
13 13
14 13
15 14
16 20

1 15
2 19
3 20
4 18
5 19
6 12
7 16
8 20
9 12
10 11
11 19
12 20
13 13
14 11
15 20
16 17

1 16
2 19
3 17
4 13
5 19
6 12
7 14
8 11
9 15
10 14
11 10
12 20
13 18
14 18
15 20
16 12

1 11
2 19
3 13
4 12
5 14
6 13
7 15
8 16
9 13
10 17
11 13
12 15
13 11
14 19
15 11
16 11

1 12
2 11
3 16
4 19
5 10
6 15
7 10
8 15
9 18
10 20
11 17
12 14
13 13
14 13
15 14
16 20

1 15
2 19
3 20
4 18
5 19
6 12
7 16
8 20
9 12
10 11
11 19
12 20
13 13
14 11
15 20
16 17

1 16
2 19
3 17
4 13
5 19
6 12
7 14
8 11
9 15
10 14
11 10
12 20
13 18
14 18
15 20
16 12

1 11
2 19
3 13
4 12
5 14
6 13
7 15
8 16
9 13
10 17
11 13
12 15
13 11
14 19
15 11
16 11

1 12
2 11
3 16
4 19
5 10
6 15
7 10
8 15
9 18
10 20
11 17
12 14
13 13
14 13
15 14
16 20

1 15
2 19
3 20
4 18
5 19
6 12
7 16
8 20
9 12
10 11
11 19
12 20
13 13
14 11
15 20
16 17

1 16
2 19
3 17
4 13
5 19
6 12
7 14
8 11
9 15
10 14
11 10
12 20
13 18
14 18
15 20
16 12

1 11
2 19
3 13
4 12
5 14
6 13
7 15
8 16
9 13
10 17
11 13
12 15
13 11
14 19
15 11
16 11

1 12
2 11
3 16
4 19
5 10
6 15
7 10
8 15
9 18
10 20
11 17
12 14
13 13
14 13
15 14
16 20

1 15
2 19
3 20
4 18
5 19
6 12
7 16
8 20
9 12
10 11
11 19
12 20
13 13
14 11
15 20
16 17

1 16
2 19
3 17
4 13
5 19
6 12
7 14
8 11
9 15
10 14
11 10
12 20
13 18
14 18
15 20
16 12

1 11
2 19
3 13
4 12
5 14
6 13
7 15
8 16
9 13
10 17
11 13
12 15
13 11
14 19
15 11
16 11

1 12
2 11
3 16
4 19
5 10
6 15
7 10
8 15
9 18
10 20
11 17
12 14
13 13
14 13
15 14
16 20

1 15
2 19
3 20
4 18
5 19
6 12
7 16
8 20
9 12
10 11
11 19
12 20
13 13
14 11
15 20
16 17

1 16
2 19
3 17
4 13
5 19
6 12
7 14
8 11
9 15
10 14
11 10
12 20
13 18
14 18
15 20
16 12

1 11
2 19
3 13
4 12
5 14
6 13
7 15
8 16
9 13
10 17
11 13
12 15
13 11
14 19
15 11
16 11

1 12
2 11
3 16
4 19
5 10
6 15
7 10
8 15
9 18
10 20
11 17
12 14
13 13
14 13
15 14
16 20

1 15
2 19
3 20
4 18
5 19
6 12
7 16
8 20
9 12
10 11
11 19
12 20
13 13
14 11
15 20
16 17

1 16
2 19
3 17
4 13
5 19
6 12
7 14
8 11
9 15
10 14
11 10
12 20
13 18
14 18
15 20
16 12

1 11
2 19
3 13
4 12
5 14
6 13
7 15
8 16
9 13
10 17
11 13
12 15
13 11
14 19
15 11
16 11

1 12
2 11
3 16
4 19
5 10
6 15
7 10
8 15
9 18
10 20
11 17
12 14
13 13
14 13
15 14
16 20

1 15
2 19
3 20
4 18
5 19
6 12
7 16
8 20
9 12
10 11
11 19
12 20
13 13
14 11
15 20
16 17

1 16
2 19
3 17
4 13
5 19
6 12
7 14
8 11
9 15
10 14
11 10
12 20
13 18
14 18
15 20
16 12