1 0
2 0
3 0
4 0

1 3
2 8
3 7
4 1

1 6
2 1
3 4
4 2

1 0
2 6
3 7
4 8

1 8
2 6
3 4
4 8

1 3
2 8
3 7
4 1

1 6
2 1
3 4
4 2

1 0
2 6
3 7
4 8

1 8
2 6
3 4
4 8

1 3
2 8
3 7
4 1

1 6
2 1
3 4
4 2

1 0
2 6
3 7
4 8

1 8
2 6
3 4
4 8

1 3
2 8
3 7
4 1

1 6
2 1
3 4
4 2

1 0
2 6
3 7
4 8

1 8
2 6
3 4
4 8

1 3
2 8
3 7
4 1

1 6
2 1
3 4
4 2

1 0
2 6
3 7
4 8

1 8
2 6
3 4
4 8

1 3
2 8
3 7
4 1

1 6
2 1
3 4
4 2

1 0
2 6
3 7
4 8

1 8
2 6
3 4
4 8

1 3
2 8
3 7
4 1

1 6
2 1
3 4
4 2

1 0
2 6
3 7
4 8

1 8
2 6
3 4
4 8

1 3
2 8
3 7
4 1

1 6
2 1
3 4
4 2

1 0
2 6
3 7
4 8

1 8
2 6
3 4
4 8

1 3
2 8
3 7
4 1

1 6
2 1
3 4
4 2

1 0
2 6
3 7
4 8

1 8
2 6
3 4
4 8

1 3
2 8
3 7
4 1

1 6
2 1
3 4
4 2

1 0
2 6
3 7
4 8

1 8
2 6
3 4
4 8