1 0
2 0
3 0
4 0

1 10
2 14
3 16
4 10

1 20
2 14
3 15
4 14

1 19
2 15
3 10
4 16

1 12
2 17
3 18
4 14

1 10
2 14
3 16
4 10

1 20
2 14
3 15
4 14

1 19
2 15
3 10
4 16

1 12
2 17
3 18
4 14

1 10
2 14
3 16
4 10

1 20
2 14
3 15
4 14

1 19
2 15
3 10
4 16

1 12
2 17
3 18
4 14

1 10
2 14
3 16
4 10

1 20
2 14
3 15
4 14

1 19
2 15
3 10
4 16

1 12
2 17
3 18
4 14

1 10
2 14
3 16
4 10

1 20
2 14
3 15
4 14

1 19
2 15
3 10
4 16

1 12
2 17
3 18
4 14

1 10
2 14
3 16
4 10

1 20
2 14
3 15
4 14

1 19
2 15
3 10
4 16

1 12
2 17
3 18
4 14

1 10
2 14
3 16
4 10

1 20
2 14
3 15
4 14

1 19
2 15
3 10
4 16

1 12
2 17
3 18
4 14

1 10
2 14
3 16
4 10

1 20
2 14
3 15
4 14

1 19
2 15
3 10
4 16

1 12
2 17
3 18
4 14

1 10
2 14
3 16
4 10

1 20
2 14
3 15
4 14

1 19
2 15
3 10
4 16

1 12
2 17
3 18
4 14

1 10
2 14
3 16
4 10

1 20
2 14
3 15
4 14

1 19
2 15
3 10
4 16

1 12
2 17
3 18
4 14

1 10
2 14
3 16
4 10

1 20
2 14
3 15
4 14

1 19
2 15
3 10
4 16

1 12
2 17
3 18
4 14

1 10
2 14
3 16
4 10

1 20
2 14
3 15
4 14

1 19
2 15
3 10
4 16

1 12
2 17
3 18
4 14

1 10
2 14
3 16
4 10

1 20
2 14
3 15
4 14

1 19
2 15
3 10
4 16

1 12
2 17
3 18
4 14

1 10
2 14
3 16
4 10

1 20
2 14
3 15
4 14

1 19
2 15
3 10
4 16

1 12
2 17
3 18
4 14

1 10
2 14
3 16
4 10

1 20
2 14
3 15
4 14

1 19
2 15
3 10
4 16

1 12
2 17
3 18
4 14

1 10
2 14
3 16
4 10

1 20
2 14
3 15
4 14

1 19
2 15
3 10
4 16

1 12
2 17
3 18
4 14

1 10
2 14
3 16
4 10

1 20
2 14
3 15
4 14

1 19
2 15
3 10
4 16

1 12
2 17
3 18
4 14

1 10
2 14
3 16
4 10

1 20
2 14
3 15
4 14

1 19
2 15
3 10
4 16

1 12
2 17
3 18
4 14

1 10
2 14
3 16
4 10

1 20
2 14
3 15
4 14

1 19
2 15
3 10
4 16

1 12
2 17
3 18
4 14

1 10
2 14
3 16
4 10

1 20
2 14
3 15
4 14

1 19
2 15
3 10
4 16

1 12
2 17
3 18
4 14