1 0
2 0
3 0
4 0
5 0
6 0
7 0
8 0
9 0
10 0
11 0
12 0
13 0
14 0
15 0
16 0

1 9
2 8
3 3
4 8
5 1
6 8
7 0
8 1
9 1
10 5
11 1
12 3
13 1
14 2
15 0
16 2

1 2
2 7
3 2
4 7
5 9
6 9
7 0
8 8
9 1
10 1
11 3
12 3
13 6
14 6
15 5
16 3

1 3
2 5
3 3
4 9
5 3
6 7
7 6
8 5
9 9
10 5
11 8
12 1
13 3
14 0
15 9
16 2

1 5
2 3
3 3
4 3
5 5
6 3
7 3
8 4
9 5
10 6
11 2
12 9
13 9
14 9
15 5
16 8

1 9
2 8
3 3
4 8
5 1
6 8
7 0
8 1
9 1
10 5
11 1
12 3
13 1
14 2
15 0
16 2

1 2
2 7
3 2
4 7
5 9
6 9
7 0
8 8
9 1
10 1
11 3
12 3
13 6
14 6
15 5
16 3

1 3
2 5
3 3
4 9
5 3
6 7
7 6
8 5
9 9
10 5
11 8
12 1
13 3
14 0
15 9
16 2

1 5
2 3
3 3
4 3
5 5
6 3
7 3
8 4
9 5
10 6
11 2
12 9
13 9
14 9
15 5
16 8

1 9
2 8
3 3
4 8
5 1
6 8
7 0
8 1
9 1
10 5
11 1
12 3
13 1
14 2
15 0
16 2

1 2
2 7
3 2
4 7
5 9
6 9
7 0
8 8
9 1
10 1
11 3
12 3
13 6
14 6
15 5
16 3

1 3
2 5
3 3
4 9
5 3
6 7
7 6
8 5
9 9
10 5
11 8
12 1
13 3
14 0
15 9
16 2

1 5
2 3
3 3
4 3
5 5
6 3
7 3
8 4
9 5
10 6
11 2
12 9
13 9
14 9
15 5
16 8

1 9
2 8
3 3
4 8
5 1
6 8
7 0
8 1
9 1
10 5
11 1
12 3
13 1
14 2
15 0
16 2

1 2
2 7
3 2
4 7
5 9
6 9
7 0
8 8
9 1
10 1
11 3
12 3
13 6
14 6
15 5
16 3

1 3
2 5
3 3
4 9
5 3
6 7
7 6
8 5
9 9
10 5
11 8
12 1
13 3
14 0
15 9
16 2

1 5
2 3
3 3
4 3
5 5
6 3
7 3
8 4
9 5
10 6
11 2
12 9
13 9
14 9
15 5
16 8

1 9
2 8
3 3
4 8
5 1
6 8
7 0
8 1
9 1
10 5
11 1
12 3
13 1
14 2
15 0
16 2

1 2
2 7
3 2
4 7
5 9
6 9
7 0
8 8
9 1
10 1
11 3
12 3
13 6
14 6
15 5
16 3

1 3
2 5
3 3
4 9
5 3
6 7
7 6
8 5
9 9
10 5
11 8
12 1
13 3
14 0
15 9
16 2

1 5
2 3
3 3
4 3
5 5
6 3
7 3
8 4
9 5
10 6
11 2
12 9
13 9
14 9
15 5
16 8

1 9
2 8
3 3
4 8
5 1
6 8
7 0
8 1
9 1
10 5
11 1
12 3
13 1
14 2
15 0
16 2

1 2
2 7
3 2
4 7
5 9
6 9
7 0
8 8
9 1
10 1
11 3
12 3
13 6
14 6
15 5
16 3

1 3
2 5
3 3
4 9
5 3
6 7
7 6
8 5
9 9
10 5
11 8
12 1
13 3
14 0
15 9
16 2

1 5
2 3
3 3
4 3
5 5
6 3
7 3
8 4
9 5
10 6
11 2
12 9
13 9
14 9
15 5
16 8

1 9
2 8
3 3
4 8
5 1
6 8
7 0
8 1
9 1
10 5
11 1
12 3
13 1
14 2
15 0
16 2

1 2
2 7
3 2
4 7
5 9
6 9
7 0
8 8
9 1
10 1
11 3
12 3
13 6
14 6
15 5
16 3

1 3
2 5
3 3
4 9
5 3
6 7
7 6
8 5
9 9
10 5
11 8
12 1
13 3
14 0
15 9
16 2

1 5
2 3
3 3
4 3
5 5
6 3
7 3
8 4
9 5
10 6
11 2
12 9
13 9
14 9
15 5
16 8

1 9
2 8
3 3
4 8
5 1
6 8
7 0
8 1
9 1
10 5
11 1
12 3
13 1
14 2
15 0
16 2

1 2
2 7
3 2
4 7
5 9
6 9
7 0
8 8
9 1
10 1
11 3
12 3
13 6
14 6
15 5
16 3

1 3
2 5
3 3
4 9
5 3
6 7
7 6
8 5
9 9
10 5
11 8
12 1
13 3
14 0
15 9
16 2

1 5
2 3
3 3
4 3
5 5
6 3
7 3
8 4
9 5
10 6
11 2
12 9
13 9
14 9
15 5
16 8

1 9
2 8
3 3
4 8
5 1
6 8
7 0
8 1
9 1
10 5
11 1
12 3
13 1
14 2
15 0
16 2

1 2
2 7
3 2
4 7
5 9
6 9
7 0
8 8
9 1
10 1
11 3
12 3
13 6
14 6
15 5
16 3

1 3
2 5
3 3
4 9
5 3
6 7
7 6
8 5
9 9
10 5
11 8
12 1
13 3
14 0
15 9
16 2

1 5
2 3
3 3
4 3
5 5
6 3
7 3
8 4
9 5
10 6
11 2
12 9
13 9
14 9
15 5
16 8

1 9
2 8
3 3
4 8
5 1
6 8
7 0
8 1
9 1
10 5
11 1
12 3
13 1
14 2
15 0
16 2

1 2
2 7
3 2
4 7
5 9
6 9
7 0
8 8
9 1
10 1
11 3
12 3
13 6
14 6
15 5
16 3

1 3
2 5
3 3
4 9
5 3
6 7
7 6
8 5
9 9
10 5
11 8
12 1
13 3
14 0
15 9
16 2

1 5
2 3
3 3
4 3
5 5
6 3
7 3
8 4
9 5
10 6
11 2
12 9
13 9
14 9
15 5
16 8