1 0
2 0
3 0
4 0

1 17
2 18
3 10
4 13

1 11
2 17
3 12
4 16

1 17
2 18
3 10
4 13

1 11
2 17
3 12
4 16

1 17
2 18
3 10
4 13

1 11
2 17
3 12
4 16

1 17
2 18
3 10
4 13

1 11
2 17
3 12
4 16

1 17
2 18
3 10
4 13

1 11
2 17
3 12
4 16

1 17
2 18
3 10
4 13

1 11
2 17
3 12
4 16

1 17
2 18
3 10
4 13

1 11
2 17
3 12
4 16

1 17
2 18
3 10
4 13

1 11
2 17
3 12
4 16

1 17
2 18
3 10
4 13

1 11
2 17
3 12
4 16

1 17
2 18
3 10
4 13

1 11
2 17
3 12
4 16

1 17
2 18
3 10
4 13

1 11
2 17
3 12
4 16

1 17
2 18
3 10
4 13

1 11
2 17
3 12
4 16

1 17
2 18
3 10
4 13

1 11
2 17
3 12
4 16

1 17
2 18
3 10
4 13

1 11
2 17
3 12
4 16

1 17
2 18
3 10
4 13

1 11
2 17
3 12
4 16

1 17
2 18
3 10
4 13

1 11
2 17
3 12
4 16

1 17
2 18
3 10
4 13

1 11
2 17
3 12
4 16

1 17
2 18
3 10
4 13

1 11
2 17
3 12
4 16

1 17
2 18
3 10
4 13

1 11
2 17
3 12
4 16

1 17
2 18
3 10
4 13

1 11
2 17
3 12
4 16