1 0
2 0
3 0
4 0
5 0
6 0
7 0
8 0
9 0
10 0
11 0
12 0
13 0
14 0
15 0
16 0

1 7
2 7
3 0
4 4
5 5
6 2
7 6
8 6
9 0
10 3
11 6
12 5
13 6
14 5
15 5
16 2

1 3
2 5
3 9
4 7
5 3
6 0
7 7
8 1
9 2
10 1
11 7
12 0
13 5
14 6
15 5
16 6

1 7
2 7
3 0
4 4
5 5
6 2
7 6
8 6
9 0
10 3
11 6
12 5
13 6
14 5
15 5
16 2

1 3
2 5
3 9
4 7
5 3
6 0
7 7
8 1
9 2
10 1
11 7
12 0
13 5
14 6
15 5
16 6

1 7
2 7
3 0
4 4
5 5
6 2
7 6
8 6
9 0
10 3
11 6
12 5
13 6
14 5
15 5
16 2

1 3
2 5
3 9
4 7
5 3
6 0
7 7
8 1
9 2
10 1
11 7
12 0
13 5
14 6
15 5
16 6

1 7
2 7
3 0
4 4
5 5
6 2
7 6
8 6
9 0
10 3
11 6
12 5
13 6
14 5
15 5
16 2

1 3
2 5
3 9
4 7
5 3
6 0
7 7
8 1
9 2
10 1
11 7
12 0
13 5
14 6
15 5
16 6

1 7
2 7
3 0
4 4
5 5
6 2
7 6
8 6
9 0
10 3
11 6
12 5
13 6
14 5
15 5
16 2

1 3
2 5
3 9
4 7
5 3
6 0
7 7
8 1
9 2
10 1
11 7
12 0
13 5
14 6
15 5
16 6

1 7
2 7
3 0
4 4
5 5
6 2
7 6
8 6
9 0
10 3
11 6
12 5
13 6
14 5
15 5
16 2

1 3
2 5
3 9
4 7
5 3
6 0
7 7
8 1
9 2
10 1
11 7
12 0
13 5
14 6
15 5
16 6

1 7
2 7
3 0
4 4
5 5
6 2
7 6
8 6
9 0
10 3
11 6
12 5
13 6
14 5
15 5
16 2

1 3
2 5
3 9
4 7
5 3
6 0
7 7
8 1
9 2
10 1
11 7
12 0
13 5
14 6
15 5
16 6

1 7
2 7
3 0
4 4
5 5
6 2
7 6
8 6
9 0
10 3
11 6
12 5
13 6
14 5
15 5
16 2

1 3
2 5
3 9
4 7
5 3
6 0
7 7
8 1
9 2
10 1
11 7
12 0
13 5
14 6
15 5
16 6

1 7
2 7
3 0
4 4
5 5
6 2
7 6
8 6
9 0
10 3
11 6
12 5
13 6
14 5
15 5
16 2

1 3
2 5
3 9
4 7
5 3
6 0
7 7
8 1
9 2
10 1
11 7
12 0
13 5
14 6
15 5
16 6

1 7
2 7
3 0
4 4
5 5
6 2
7 6
8 6
9 0
10 3
11 6
12 5
13 6
14 5
15 5
16 2

1 3
2 5
3 9
4 7
5 3
6 0
7 7
8 1
9 2
10 1
11 7
12 0
13 5
14 6
15 5
16 6

1 7
2 7
3 0
4 4
5 5
6 2
7 6
8 6
9 0
10 3
11 6
12 5
13 6
14 5
15 5
16 2

1 3
2 5
3 9
4 7
5 3
6 0
7 7
8 1
9 2
10 1
11 7
12 0
13 5
14 6
15 5
16 6

1 7
2 7
3 0
4 4
5 5
6 2
7 6
8 6
9 0
10 3
11 6
12 5
13 6
14 5
15 5
16 2

1 3
2 5
3 9
4 7
5 3
6 0
7 7
8 1
9 2
10 1
11 7
12 0
13 5
14 6
15 5
16 6

1 7
2 7
3 0
4 4
5 5
6 2
7 6
8 6
9 0
10 3
11 6
12 5
13 6
14 5
15 5
16 2

1 3
2 5
3 9
4 7
5 3
6 0
7 7
8 1
9 2
10 1
11 7
12 0
13 5
14 6
15 5
16 6

1 7
2 7
3 0
4 4
5 5
6 2
7 6
8 6
9 0
10 3
11 6
12 5
13 6
14 5
15 5
16 2

1 3
2 5
3 9
4 7
5 3
6 0
7 7
8 1
9 2
10 1
11 7
12 0
13 5
14 6
15 5
16 6

1 7
2 7
3 0
4 4
5 5
6 2
7 6
8 6
9 0
10 3
11 6
12 5
13 6
14 5
15 5
16 2

1 3
2 5
3 9
4 7
5 3
6 0
7 7
8 1
9 2
10 1
11 7
12 0
13 5
14 6
15 5
16 6

1 7
2 7
3 0
4 4
5 5
6 2
7 6
8 6
9 0
10 3
11 6
12 5
13 6
14 5
15 5
16 2

1 3
2 5
3 9
4 7
5 3
6 0
7 7
8 1
9 2
10 1
11 7
12 0
13 5
14 6
15 5
16 6

1 7
2 7
3 0
4 4
5 5
6 2
7 6
8 6
9 0
10 3
11 6
12 5
13 6
14 5
15 5
16 2

1 3
2 5
3 9
4 7
5 3
6 0
7 7
8 1
9 2
10 1
11 7
12 0
13 5
14 6
15 5
16 6

1 7
2 7
3 0
4 4
5 5
6 2
7 6
8 6
9 0
10 3
11 6
12 5
13 6
14 5
15 5
16 2

1 3
2 5
3 9
4 7
5 3
6 0
7 7
8 1
9 2
10 1
11 7
12 0
13 5
14 6
15 5
16 6

1 7
2 7
3 0
4 4
5 5
6 2
7 6
8 6
9 0
10 3
11 6
12 5
13 6
14 5
15 5
16 2

1 3
2 5
3 9
4 7
5 3
6 0
7 7
8 1
9 2
10 1
11 7
12 0
13 5
14 6
15 5
16 6

1 7
2 7
3 0
4 4
5 5
6 2
7 6
8 6
9 0
10 3
11 6
12 5
13 6
14 5
15 5
16 2

1 3
2 5
3 9
4 7
5 3
6 0
7 7
8 1
9 2
10 1
11 7
12 0
13 5
14 6
15 5
16 6