1 0
2 0
3 0
4 0

1 0
2 7
3 0
4 1

1 8
2 4
3 3
4 5

1 0
2 7
3 0
4 1

1 8
2 4
3 3
4 5

1 0
2 7
3 0
4 1

1 8
2 4
3 3
4 5

1 0
2 7
3 0
4 1

1 8
2 4
3 3
4 5

1 0
2 7
3 0
4 1

1 8
2 4
3 3
4 5

1 0
2 7
3 0
4 1

1 8
2 4
3 3
4 5

1 0
2 7
3 0
4 1

1 8
2 4
3 3
4 5

1 0
2 7
3 0
4 1

1 8
2 4
3 3
4 5

1 0
2 7
3 0
4 1

1 8
2 4
3 3
4 5

1 0
2 7
3 0
4 1

1 8
2 4
3 3
4 5

1 0
2 7
3 0
4 1

1 8
2 4
3 3
4 5

1 0
2 7
3 0
4 1

1 8
2 4
3 3
4 5

1 0
2 7
3 0
4 1

1 8
2 4
3 3
4 5

1 0
2 7
3 0
4 1

1 8
2 4
3 3
4 5

1 0
2 7
3 0
4 1

1 8
2 4
3 3
4 5