1 0
2 0
3 0
4 0

1 17
2 13
3 18
4 12

1 15
2 16
3 16
4 16

1 13
2 15
3 14
4 11

1 19
2 12
3 10
4 15

1 15
2 10
3 20
4 19

1 17
2 18
3 15
4 16

1 17
2 13
3 18
4 12

1 15
2 16
3 16
4 16

1 13
2 15
3 14
4 11

1 19
2 12
3 10
4 15

1 15
2 10
3 20
4 19

1 17
2 18
3 15
4 16

1 17
2 13
3 18
4 12

1 15
2 16
3 16
4 16

1 13
2 15
3 14
4 11

1 19
2 12
3 10
4 15

1 15
2 10
3 20
4 19

1 17
2 18
3 15
4 16

1 17
2 13
3 18
4 12

1 15
2 16
3 16
4 16

1 13
2 15
3 14
4 11

1 19
2 12
3 10
4 15

1 15
2 10
3 20
4 19

1 17
2 18
3 15
4 16

1 17
2 13
3 18
4 12

1 15
2 16
3 16
4 16

1 13
2 15
3 14
4 11

1 19
2 12
3 10
4 15

1 15
2 10
3 20
4 19

1 17
2 18
3 15
4 16

1 17
2 13
3 18
4 12

1 15
2 16
3 16
4 16

1 13
2 15
3 14
4 11

1 19
2 12
3 10
4 15

1 15
2 10
3 20
4 19

1 17
2 18
3 15
4 16

1 17
2 13
3 18
4 12

1 15
2 16
3 16
4 16

1 13
2 15
3 14
4 11

1 19
2 12
3 10
4 15

1 15
2 10
3 20
4 19

1 17
2 18
3 15
4 16

1 17
2 13
3 18
4 12

1 15
2 16
3 16
4 16

1 13
2 15
3 14
4 11

1 19
2 12
3 10
4 15

1 15
2 10
3 20
4 19

1 17
2 18
3 15
4 16

1 17
2 13
3 18
4 12

1 15
2 16
3 16
4 16

1 13
2 15
3 14
4 11

1 19
2 12
3 10
4 15

1 15
2 10
3 20
4 19

1 17
2 18
3 15
4 16

1 17
2 13
3 18
4 12

1 15
2 16
3 16
4 16

1 13
2 15
3 14
4 11

1 19
2 12
3 10
4 15

1 15
2 10
3 20
4 19

1 17
2 18
3 15
4 16

1 17
2 13
3 18
4 12

1 15
2 16
3 16
4 16

1 13
2 15
3 14
4 11

1 19
2 12
3 10
4 15

1 15
2 10
3 20
4 19

1 17
2 18
3 15
4 16

1 17
2 13
3 18
4 12

1 15
2 16
3 16
4 16

1 13
2 15
3 14
4 11

1 19
2 12
3 10
4 15

1 15
2 10
3 20
4 19

1 17
2 18
3 15
4 16

1 17
2 13
3 18
4 12

1 15
2 16
3 16
4 16

1 13
2 15
3 14
4 11

1 19
2 12
3 10
4 15

1 15
2 10
3 20
4 19

1 17
2 18
3 15
4 16

1 17
2 13
3 18
4 12

1 15
2 16
3 16
4 16

1 13
2 15
3 14
4 11

1 19
2 12
3 10
4 15

1 15
2 10
3 20
4 19

1 17
2 18
3 15
4 16

1 17
2 13
3 18
4 12

1 15
2 16
3 16
4 16

1 13
2 15
3 14
4 11

1 19
2 12
3 10
4 15

1 15
2 10
3 20
4 19

1 17
2 18
3 15
4 16