1 0
2 0
3 0
4 0
5 0
6 0
7 0
8 0

1 7
2 3
3 9
4 4
5 1
6 5
7 2
8 8

1 3
2 2
3 0
4 5
5 4
6 3
7 3
8 7

1 5
2 9
3 3
4 2
5 4
6 6
7 6
8 6

1 6
2 7
3 0
4 4
5 0
6 1
7 4
8 4

1 7
2 9
3 4
4 2
5 6
6 9
7 2
8 3

1 5
2 3
3 0
4 3
5 5
6 8
7 3
8 9

1 7
2 3
3 9
4 4
5 1
6 5
7 2
8 8

1 3
2 2
3 0
4 5
5 4
6 3
7 3
8 7

1 5
2 9
3 3
4 2
5 4
6 6
7 6
8 6

1 6
2 7
3 0
4 4
5 0
6 1
7 4
8 4

1 7
2 9
3 4
4 2
5 6
6 9
7 2
8 3

1 5
2 3
3 0
4 3
5 5
6 8
7 3
8 9

1 7
2 3
3 9
4 4
5 1
6 5
7 2
8 8

1 3
2 2
3 0
4 5
5 4
6 3
7 3
8 7

1 5
2 9
3 3
4 2
5 4
6 6
7 6
8 6

1 6
2 7
3 0
4 4
5 0
6 1
7 4
8 4

1 7
2 9
3 4
4 2
5 6
6 9
7 2
8 3

1 5
2 3
3 0
4 3
5 5
6 8
7 3
8 9

1 7
2 3
3 9
4 4
5 1
6 5
7 2
8 8

1 3
2 2
3 0
4 5
5 4
6 3
7 3
8 7

1 5
2 9
3 3
4 2
5 4
6 6
7 6
8 6

1 6
2 7
3 0
4 4
5 0
6 1
7 4
8 4

1 7
2 9
3 4
4 2
5 6
6 9
7 2
8 3

1 5
2 3
3 0
4 3
5 5
6 8
7 3
8 9

1 7
2 3
3 9
4 4
5 1
6 5
7 2
8 8

1 3
2 2
3 0
4 5
5 4
6 3
7 3
8 7

1 5
2 9
3 3
4 2
5 4
6 6
7 6
8 6

1 6
2 7
3 0
4 4
5 0
6 1
7 4
8 4

1 7
2 9
3 4
4 2
5 6
6 9
7 2
8 3

1 5
2 3
3 0
4 3
5 5
6 8
7 3
8 9

1 7
2 3
3 9
4 4
5 1
6 5
7 2
8 8

1 3
2 2
3 0
4 5
5 4
6 3
7 3
8 7

1 5
2 9
3 3
4 2
5 4
6 6
7 6
8 6

1 6
2 7
3 0
4 4
5 0
6 1
7 4
8 4

1 7
2 9
3 4
4 2
5 6
6 9
7 2
8 3

1 5
2 3
3 0
4 3
5 5
6 8
7 3
8 9

1 7
2 3
3 9
4 4
5 1
6 5
7 2
8 8

1 3
2 2
3 0
4 5
5 4
6 3
7 3
8 7

1 5
2 9
3 3
4 2
5 4
6 6
7 6
8 6

1 6
2 7
3 0
4 4
5 0
6 1
7 4
8 4

1 7
2 9
3 4
4 2
5 6
6 9
7 2
8 3

1 5
2 3
3 0
4 3
5 5
6 8
7 3
8 9

1 7
2 3
3 9
4 4
5 1
6 5
7 2
8 8

1 3
2 2
3 0
4 5
5 4
6 3
7 3
8 7

1 5
2 9
3 3
4 2
5 4
6 6
7 6
8 6

1 6
2 7
3 0
4 4
5 0
6 1
7 4
8 4

1 7
2 9
3 4
4 2
5 6
6 9
7 2
8 3

1 5
2 3
3 0
4 3
5 5
6 8
7 3
8 9

1 7
2 3
3 9
4 4
5 1
6 5
7 2
8 8

1 3
2 2
3 0
4 5
5 4
6 3
7 3
8 7

1 5
2 9
3 3
4 2
5 4
6 6
7 6
8 6

1 6
2 7
3 0
4 4
5 0
6 1
7 4
8 4

1 7
2 9
3 4
4 2
5 6
6 9
7 2
8 3

1 5
2 3
3 0
4 3
5 5
6 8
7 3
8 9

1 7
2 3
3 9
4 4
5 1
6 5
7 2
8 8

1 3
2 2
3 0
4 5
5 4
6 3
7 3
8 7

1 5
2 9
3 3
4 2
5 4
6 6
7 6
8 6

1 6
2 7
3 0
4 4
5 0
6 1
7 4
8 4

1 7
2 9
3 4
4 2
5 6
6 9
7 2
8 3

1 5
2 3
3 0
4 3
5 5
6 8
7 3
8 9