1 0
2 0
3 0
4 0
5 0
6 0
7 0
8 0
9 0
10 0
11 0
12 0
13 0
14 0
15 0
16 0

1 6
2 8
3 4
4 6
5 2
6 5
7 8
8 2
9 8
10 2
11 5
12 2
13 0
14 7
15 1
16 6

1 6
2 7
3 4
4 5
5 8
6 7
7 1
8 4
9 1
10 5
11 8
12 6
13 2
14 4
15 5
16 1

1 3
2 9
3 4
4 6
5 9
6 7
7 9
8 2
9 7
10 5
11 2
12 5
13 4
14 6
15 2
16 0

1 8
2 9
3 1
4 3
5 9
6 9
7 3
8 4
9 6
10 6
11 9
12 5
13 1
14 8
15 7
16 1

1 4
2 6
3 3
4 3
5 1
6 0
7 3
8 3
9 7
10 4
11 6
12 6
13 4
14 9
15 8
16 0

1 6
2 9
3 0
4 4
5 3
6 7
7 5
8 4
9 8
10 0
11 6
12 6
13 5
14 7
15 1
16 0

1 6
2 8
3 4
4 6
5 2
6 5
7 8
8 2
9 8
10 2
11 5
12 2
13 0
14 7
15 1
16 6

1 6
2 7
3 4
4 5
5 8
6 7
7 1
8 4
9 1
10 5
11 8
12 6
13 2
14 4
15 5
16 1

1 3
2 9
3 4
4 6
5 9
6 7
7 9
8 2
9 7
10 5
11 2
12 5
13 4
14 6
15 2
16 0

1 8
2 9
3 1
4 3
5 9
6 9
7 3
8 4
9 6
10 6
11 9
12 5
13 1
14 8
15 7
16 1

1 4
2 6
3 3
4 3
5 1
6 0
7 3
8 3
9 7
10 4
11 6
12 6
13 4
14 9
15 8
16 0

1 6
2 9
3 0
4 4
5 3
6 7
7 5
8 4
9 8
10 0
11 6
12 6
13 5
14 7
15 1
16 0

1 6
2 8
3 4
4 6
5 2
6 5
7 8
8 2
9 8
10 2
11 5
12 2
13 0
14 7
15 1
16 6

1 6
2 7
3 4
4 5
5 8
6 7
7 1
8 4
9 1
10 5
11 8
12 6
13 2
14 4
15 5
16 1

1 3
2 9
3 4
4 6
5 9
6 7
7 9
8 2
9 7
10 5
11 2
12 5
13 4
14 6
15 2
16 0

1 8
2 9
3 1
4 3
5 9
6 9
7 3
8 4
9 6
10 6
11 9
12 5
13 1
14 8
15 7
16 1

1 4
2 6
3 3
4 3
5 1
6 0
7 3
8 3
9 7
10 4
11 6
12 6
13 4
14 9
15 8
16 0

1 6
2 9
3 0
4 4
5 3
6 7
7 5
8 4
9 8
10 0
11 6
12 6
13 5
14 7
15 1
16 0

1 6
2 8
3 4
4 6
5 2
6 5
7 8
8 2
9 8
10 2
11 5
12 2
13 0
14 7
15 1
16 6

1 6
2 7
3 4
4 5
5 8
6 7
7 1
8 4
9 1
10 5
11 8
12 6
13 2
14 4
15 5
16 1

1 3
2 9
3 4
4 6
5 9
6 7
7 9
8 2
9 7
10 5
11 2
12 5
13 4
14 6
15 2
16 0

1 8
2 9
3 1
4 3
5 9
6 9
7 3
8 4
9 6
10 6
11 9
12 5
13 1
14 8
15 7
16 1

1 4
2 6
3 3
4 3
5 1
6 0
7 3
8 3
9 7
10 4
11 6
12 6
13 4
14 9
15 8
16 0

1 6
2 9
3 0
4 4
5 3
6 7
7 5
8 4
9 8
10 0
11 6
12 6
13 5
14 7
15 1
16 0

1 6
2 8
3 4
4 6
5 2
6 5
7 8
8 2
9 8
10 2
11 5
12 2
13 0
14 7
15 1
16 6

1 6
2 7
3 4
4 5
5 8
6 7
7 1
8 4
9 1
10 5
11 8
12 6
13 2
14 4
15 5
16 1

1 3
2 9
3 4
4 6
5 9
6 7
7 9
8 2
9 7
10 5
11 2
12 5
13 4
14 6
15 2
16 0

1 8
2 9
3 1
4 3
5 9
6 9
7 3
8 4
9 6
10 6
11 9
12 5
13 1
14 8
15 7
16 1

1 4
2 6
3 3
4 3
5 1
6 0
7 3
8 3
9 7
10 4
11 6
12 6
13 4
14 9
15 8
16 0

1 6
2 9
3 0
4 4
5 3
6 7
7 5
8 4
9 8
10 0
11 6
12 6
13 5
14 7
15 1
16 0

1 6
2 8
3 4
4 6
5 2
6 5
7 8
8 2
9 8
10 2
11 5
12 2
13 0
14 7
15 1
16 6

1 6
2 7
3 4
4 5
5 8
6 7
7 1
8 4
9 1
10 5
11 8
12 6
13 2
14 4
15 5
16 1

1 3
2 9
3 4
4 6
5 9
6 7
7 9
8 2
9 7
10 5
11 2
12 5
13 4
14 6
15 2
16 0

1 8
2 9
3 1
4 3
5 9
6 9
7 3
8 4
9 6
10 6
11 9
12 5
13 1
14 8
15 7
16 1

1 4
2 6
3 3
4 3
5 1
6 0
7 3
8 3
9 7
10 4
11 6
12 6
13 4
14 9
15 8
16 0

1 6
2 9
3 0
4 4
5 3
6 7
7 5
8 4
9 8
10 0
11 6
12 6
13 5
14 7
15 1
16 0

1 6
2 8
3 4
4 6
5 2
6 5
7 8
8 2
9 8
10 2
11 5
12 2
13 0
14 7
15 1
16 6

1 6
2 7
3 4
4 5
5 8
6 7
7 1
8 4
9 1
10 5
11 8
12 6
13 2
14 4
15 5
16 1

1 3
2 9
3 4
4 6
5 9
6 7
7 9
8 2
9 7
10 5
11 2
12 5
13 4
14 6
15 2
16 0

1 8
2 9
3 1
4 3
5 9
6 9
7 3
8 4
9 6
10 6
11 9
12 5
13 1
14 8
15 7
16 1

1 4
2 6
3 3
4 3
5 1
6 0
7 3
8 3
9 7
10 4
11 6
12 6
13 4
14 9
15 8
16 0

1 6
2 9
3 0
4 4
5 3
6 7
7 5
8 4
9 8
10 0
11 6
12 6
13 5
14 7
15 1
16 0

1 6
2 8
3 4
4 6
5 2
6 5
7 8
8 2
9 8
10 2
11 5
12 2
13 0
14 7
15 1
16 6

1 6
2 7
3 4
4 5
5 8
6 7
7 1
8 4
9 1
10 5
11 8
12 6
13 2
14 4
15 5
16 1

1 3
2 9
3 4
4 6
5 9
6 7
7 9
8 2
9 7
10 5
11 2
12 5
13 4
14 6
15 2
16 0

1 8
2 9
3 1
4 3
5 9
6 9
7 3
8 4
9 6
10 6
11 9
12 5
13 1
14 8
15 7
16 1

1 4
2 6
3 3
4 3
5 1
6 0
7 3
8 3
9 7
10 4
11 6
12 6
13 4
14 9
15 8
16 0

1 6
2 9
3 0
4 4
5 3
6 7
7 5
8 4
9 8
10 0
11 6
12 6
13 5
14 7
15 1
16 0

1 6
2 8
3 4
4 6
5 2
6 5
7 8
8 2
9 8
10 2
11 5
12 2
13 0
14 7
15 1
16 6

1 6
2 7
3 4
4 5
5 8
6 7
7 1
8 4
9 1
10 5
11 8
12 6
13 2
14 4
15 5
16 1

1 3
2 9
3 4
4 6
5 9
6 7
7 9
8 2
9 7
10 5
11 2
12 5
13 4
14 6
15 2
16 0

1 8
2 9
3 1
4 3
5 9
6 9
7 3
8 4
9 6
10 6
11 9
12 5
13 1
14 8
15 7
16 1

1 4
2 6
3 3
4 3
5 1
6 0
7 3
8 3
9 7
10 4
11 6
12 6
13 4
14 9
15 8
16 0

1 6
2 9
3 0
4 4
5 3
6 7
7 5
8 4
9 8
10 0
11 6
12 6
13 5
14 7
15 1
16 0

1 6
2 8
3 4
4 6
5 2
6 5
7 8
8 2
9 8
10 2
11 5
12 2
13 0
14 7
15 1
16 6

1 6
2 7
3 4
4 5
5 8
6 7
7 1
8 4
9 1
10 5
11 8
12 6
13 2
14 4
15 5
16 1

1 3
2 9
3 4
4 6
5 9
6 7
7 9
8 2
9 7
10 5
11 2
12 5
13 4
14 6
15 2
16 0

1 8
2 9
3 1
4 3
5 9
6 9
7 3
8 4
9 6
10 6
11 9
12 5
13 1
14 8
15 7
16 1

1 4
2 6
3 3
4 3
5 1
6 0
7 3
8 3
9 7
10 4
11 6
12 6
13 4
14 9
15 8
16 0

1 6
2 9
3 0
4 4
5 3
6 7
7 5
8 4
9 8
10 0
11 6
12 6
13 5
14 7
15 1
16 0

1 6
2 8
3 4
4 6
5 2
6 5
7 8
8 2
9 8
10 2
11 5
12 2
13 0
14 7
15 1
16 6

1 6
2 7
3 4
4 5
5 8
6 7
7 1
8 4
9 1
10 5
11 8
12 6
13 2
14 4
15 5
16 1

1 3
2 9
3 4
4 6
5 9
6 7
7 9
8 2
9 7
10 5
11 2
12 5
13 4
14 6
15 2
16 0

1 8
2 9
3 1
4 3
5 9
6 9
7 3
8 4
9 6
10 6
11 9
12 5
13 1
14 8
15 7
16 1

1 4
2 6
3 3
4 3
5 1
6 0
7 3
8 3
9 7
10 4
11 6
12 6
13 4
14 9
15 8
16 0

1 6
2 9
3 0
4 4
5 3
6 7
7 5
8 4
9 8
10 0
11 6
12 6
13 5
14 7
15 1
16 0

1 6
2 8
3 4
4 6
5 2
6 5
7 8
8 2
9 8
10 2
11 5
12 2
13 0
14 7
15 1
16 6

1 6
2 7
3 4
4 5
5 8
6 7
7 1
8 4
9 1
10 5
11 8
12 6
13 2
14 4
15 5
16 1

1 3
2 9
3 4
4 6
5 9
6 7
7 9
8 2
9 7
10 5
11 2
12 5
13 4
14 6
15 2
16 0

1 8
2 9
3 1
4 3
5 9
6 9
7 3
8 4
9 6
10 6
11 9
12 5
13 1
14 8
15 7
16 1

1 4
2 6
3 3
4 3
5 1
6 0
7 3
8 3
9 7
10 4
11 6
12 6
13 4
14 9
15 8
16 0

1 6
2 9
3 0
4 4
5 3
6 7
7 5
8 4
9 8
10 0
11 6
12 6
13 5
14 7
15 1
16 0

1 6
2 8
3 4
4 6
5 2
6 5
7 8
8 2
9 8
10 2
11 5
12 2
13 0
14 7
15 1
16 6

1 6
2 7
3 4
4 5
5 8
6 7
7 1
8 4
9 1
10 5
11 8
12 6
13 2
14 4
15 5
16 1

1 3
2 9
3 4
4 6
5 9
6 7
7 9
8 2
9 7
10 5
11 2
12 5
13 4
14 6
15 2
16 0

1 8
2 9
3 1
4 3
5 9
6 9
7 3
8 4
9 6
10 6
11 9
12 5
13 1
14 8
15 7
16 1

1 4
2 6
3 3
4 3
5 1
6 0
7 3
8 3
9 7
10 4
11 6
12 6
13 4
14 9
15 8
16 0

1 6
2 9
3 0
4 4
5 3
6 7
7 5
8 4
9 8
10 0
11 6
12 6
13 5
14 7
15 1
16 0

1 6
2 8
3 4
4 6
5 2
6 5
7 8
8 2
9 8
10 2
11 5
12 2
13 0
14 7
15 1
16 6

1 6
2 7
3 4
4 5
5 8
6 7
7 1
8 4
9 1
10 5
11 8
12 6
13 2
14 4
15 5
16 1

1 3
2 9
3 4
4 6
5 9
6 7
7 9
8 2
9 7
10 5
11 2
12 5
13 4
14 6
15 2
16 0

1 8
2 9
3 1
4 3
5 9
6 9
7 3
8 4
9 6
10 6
11 9
12 5
13 1
14 8
15 7
16 1

1 4
2 6
3 3
4 3
5 1
6 0
7 3
8 3
9 7
10 4
11 6
12 6
13 4
14 9
15 8
16 0

1 6
2 9
3 0
4 4
5 3
6 7
7 5
8 4
9 8
10 0
11 6
12 6
13 5
14 7
15 1
16 0

1 6
2 8
3 4
4 6
5 2
6 5
7 8
8 2
9 8
10 2
11 5
12 2
13 0
14 7
15 1
16 6

1 6
2 7
3 4
4 5
5 8
6 7
7 1
8 4
9 1
10 5
11 8
12 6
13 2
14 4
15 5
16 1

1 3
2 9
3 4
4 6
5 9
6 7
7 9
8 2
9 7
10 5
11 2
12 5
13 4
14 6
15 2
16 0

1 8
2 9
3 1
4 3
5 9
6 9
7 3
8 4
9 6
10 6
11 9
12 5
13 1
14 8
15 7
16 1

1 4
2 6
3 3
4 3
5 1
6 0
7 3
8 3
9 7
10 4
11 6
12 6
13 4
14 9
15 8
16 0

1 6
2 9
3 0
4 4
5 3
6 7
7 5
8 4
9 8
10 0
11 6
12 6
13 5
14 7
15 1
16 0

1 6
2 8
3 4
4 6
5 2
6 5
7 8
8 2
9 8
10 2
11 5
12 2
13 0
14 7
15 1
16 6

1 6
2 7
3 4
4 5
5 8
6 7
7 1
8 4
9 1
10 5
11 8
12 6
13 2
14 4
15 5
16 1

1 3
2 9
3 4
4 6
5 9
6 7
7 9
8 2
9 7
10 5
11 2
12 5
13 4
14 6
15 2
16 0

1 8
2 9
3 1
4 3
5 9
6 9
7 3
8 4
9 6
10 6
11 9
12 5
13 1
14 8
15 7
16 1

1 4
2 6
3 3
4 3
5 1
6 0
7 3
8 3
9 7
10 4
11 6
12 6
13 4
14 9
15 8
16 0

1 6
2 9
3 0
4 4
5 3
6 7
7 5
8 4
9 8
10 0
11 6
12 6
13 5
14 7
15 1
16 0

1 6
2 8
3 4
4 6
5 2
6 5
7 8
8 2
9 8
10 2
11 5
12 2
13 0
14 7
15 1
16 6

1 6
2 7
3 4
4 5
5 8
6 7
7 1
8 4
9 1
10 5
11 8
12 6
13 2
14 4
15 5
16 1

1 3
2 9
3 4
4 6
5 9
6 7
7 9
8 2
9 7
10 5
11 2
12 5
13 4
14 6
15 2
16 0

1 8
2 9
3 1
4 3
5 9
6 9
7 3
8 4
9 6
10 6
11 9
12 5
13 1
14 8
15 7
16 1

1 4
2 6
3 3
4 3
5 1
6 0
7 3
8 3
9 7
10 4
11 6
12 6
13 4
14 9
15 8
16 0

1 6
2 9
3 0
4 4
5 3
6 7
7 5
8 4
9 8
10 0
11 6
12 6
13 5
14 7
15 1
16 0

1 6
2 8
3 4
4 6
5 2
6 5
7 8
8 2
9 8
10 2
11 5
12 2
13 0
14 7
15 1
16 6

1 6
2 7
3 4
4 5
5 8
6 7
7 1
8 4
9 1
10 5
11 8
12 6
13 2
14 4
15 5
16 1

1 3
2 9
3 4
4 6
5 9
6 7
7 9
8 2
9 7
10 5
11 2
12 5
13 4
14 6
15 2
16 0

1 8
2 9
3 1
4 3
5 9
6 9
7 3
8 4
9 6
10 6
11 9
12 5
13 1
14 8
15 7
16 1

1 4
2 6
3 3
4 3
5 1
6 0
7 3
8 3
9 7
10 4
11 6
12 6
13 4
14 9
15 8
16 0

1 6
2 9
3 0
4 4
5 3
6 7
7 5
8 4
9 8
10 0
11 6
12 6
13 5
14 7
15 1
16 0

1 6
2 8
3 4
4 6
5 2
6 5
7 8
8 2
9 8
10 2
11 5
12 2
13 0
14 7
15 1
16 6

1 6
2 7
3 4
4 5
5 8
6 7
7 1
8 4
9 1
10 5
11 8
12 6
13 2
14 4
15 5
16 1

1 3
2 9
3 4
4 6
5 9
6 7
7 9
8 2
9 7
10 5
11 2
12 5
13 4
14 6
15 2
16 0

1 8
2 9
3 1
4 3
5 9
6 9
7 3
8 4
9 6
10 6
11 9
12 5
13 1
14 8
15 7
16 1

1 4
2 6
3 3
4 3
5 1
6 0
7 3
8 3
9 7
10 4
11 6
12 6
13 4
14 9
15 8
16 0

1 6
2 9
3 0
4 4
5 3
6 7
7 5
8 4
9 8
10 0
11 6
12 6
13 5
14 7
15 1
16 0

1 6
2 8
3 4
4 6
5 2
6 5
7 8
8 2
9 8
10 2
11 5
12 2
13 0
14 7
15 1
16 6

1 6
2 7
3 4
4 5
5 8
6 7
7 1
8 4
9 1
10 5
11 8
12 6
13 2
14 4
15 5
16 1

1 3
2 9
3 4
4 6
5 9
6 7
7 9
8 2
9 7
10 5
11 2
12 5
13 4
14 6
15 2
16 0

1 8
2 9
3 1
4 3
5 9
6 9
7 3
8 4
9 6
10 6
11 9
12 5
13 1
14 8
15 7
16 1

1 4
2 6
3 3
4 3
5 1
6 0
7 3
8 3
9 7
10 4
11 6
12 6
13 4
14 9
15 8
16 0

1 6
2 9
3 0
4 4
5 3
6 7
7 5
8 4
9 8
10 0
11 6
12 6
13 5
14 7
15 1
16 0