1 0
2 0
3 0
4 0
5 0
6 0
7 0
8 0
9 0
10 0
11 0
12 0
13 0
14 0
15 0
16 0

1 19
2 20
3 12
4 13
5 13
6 14
7 17
8 11
9 12
10 17
11 20
12 13
13 12
14 10
15 10
16 15

1 12
2 15
3 13
4 10
5 12
6 11
7 17
8 20
9 17
10 17
11 18
12 17
13 13
14 20
15 10
16 15

1 19
2 20
3 12
4 13
5 13
6 14
7 17
8 11
9 12
10 17
11 20
12 13
13 12
14 10
15 10
16 15

1 12
2 15
3 13
4 10
5 12
6 11
7 17
8 20
9 17
10 17
11 18
12 17
13 13
14 20
15 10
16 15

1 19
2 20
3 12
4 13
5 13
6 14
7 17
8 11
9 12
10 17
11 20
12 13
13 12
14 10
15 10
16 15

1 12
2 15
3 13
4 10
5 12
6 11
7 17
8 20
9 17
10 17
11 18
12 17
13 13
14 20
15 10
16 15

1 19
2 20
3 12
4 13
5 13
6 14
7 17
8 11
9 12
10 17
11 20
12 13
13 12
14 10
15 10
16 15

1 12
2 15
3 13
4 10
5 12
6 11
7 17
8 20
9 17
10 17
11 18
12 17
13 13
14 20
15 10
16 15

1 19
2 20
3 12
4 13
5 13
6 14
7 17
8 11
9 12
10 17
11 20
12 13
13 12
14 10
15 10
16 15

1 12
2 15
3 13
4 10
5 12
6 11
7 17
8 20
9 17
10 17
11 18
12 17
13 13
14 20
15 10
16 15

1 19
2 20
3 12
4 13
5 13
6 14
7 17
8 11
9 12
10 17
11 20
12 13
13 12
14 10
15 10
16 15

1 12
2 15
3 13
4 10
5 12
6 11
7 17
8 20
9 17
10 17
11 18
12 17
13 13
14 20
15 10
16 15

1 19
2 20
3 12
4 13
5 13
6 14
7 17
8 11
9 12
10 17
11 20
12 13
13 12
14 10
15 10
16 15

1 12
2 15
3 13
4 10
5 12
6 11
7 17
8 20
9 17
10 17
11 18
12 17
13 13
14 20
15 10
16 15

1 19
2 20
3 12
4 13
5 13
6 14
7 17
8 11
9 12
10 17
11 20
12 13
13 12
14 10
15 10
16 15

1 12
2 15
3 13
4 10
5 12
6 11
7 17
8 20
9 17
10 17
11 18
12 17
13 13
14 20
15 10
16 15

1 19
2 20
3 12
4 13
5 13
6 14
7 17
8 11
9 12
10 17
11 20
12 13
13 12
14 10
15 10
16 15

1 12
2 15
3 13
4 10
5 12
6 11
7 17
8 20
9 17
10 17
11 18
12 17
13 13
14 20
15 10
16 15

1 19
2 20
3 12
4 13
5 13
6 14
7 17
8 11
9 12
10 17
11 20
12 13
13 12
14 10
15 10
16 15

1 12
2 15
3 13
4 10
5 12
6 11
7 17
8 20
9 17
10 17
11 18
12 17
13 13
14 20
15 10
16 15