1 0
2 0
3 0
4 0
5 0
6 0
7 0
8 0

1 20
2 11
3 11
4 17
5 19
6 16
7 10
8 10

1 12
2 12
3 20
4 13
5 10
6 19
7 13
8 16

1 17
2 17
3 15
4 10
5 15
6 12
7 12
8 15

1 15
2 12
3 15
4 16
5 14
6 14
7 12
8 17

1 14
2 15
3 18
4 13
5 13
6 14
7 12
8 10

1 15
2 15
3 11
4 19
5 11
6 13
7 20
8 16

1 20
2 11
3 11
4 17
5 19
6 16
7 10
8 10

1 12
2 12
3 20
4 13
5 10
6 19
7 13
8 16

1 17
2 17
3 15
4 10
5 15
6 12
7 12
8 15

1 15
2 12
3 15
4 16
5 14
6 14
7 12
8 17

1 14
2 15
3 18
4 13
5 13
6 14
7 12
8 10

1 15
2 15
3 11
4 19
5 11
6 13
7 20
8 16

1 20
2 11
3 11
4 17
5 19
6 16
7 10
8 10

1 12
2 12
3 20
4 13
5 10
6 19
7 13
8 16

1 17
2 17
3 15
4 10
5 15
6 12
7 12
8 15

1 15
2 12
3 15
4 16
5 14
6 14
7 12
8 17

1 14
2 15
3 18
4 13
5 13
6 14
7 12
8 10

1 15
2 15
3 11
4 19
5 11
6 13
7 20
8 16

1 20
2 11
3 11
4 17
5 19
6 16
7 10
8 10

1 12
2 12
3 20
4 13
5 10
6 19
7 13
8 16

1 17
2 17
3 15
4 10
5 15
6 12
7 12
8 15

1 15
2 12
3 15
4 16
5 14
6 14
7 12
8 17

1 14
2 15
3 18
4 13
5 13
6 14
7 12
8 10

1 15
2 15
3 11
4 19
5 11
6 13
7 20
8 16

1 20
2 11
3 11
4 17
5 19
6 16
7 10
8 10

1 12
2 12
3 20
4 13
5 10
6 19
7 13
8 16

1 17
2 17
3 15
4 10
5 15
6 12
7 12
8 15

1 15
2 12
3 15
4 16
5 14
6 14
7 12
8 17

1 14
2 15
3 18
4 13
5 13
6 14
7 12
8 10

1 15
2 15
3 11
4 19
5 11
6 13
7 20
8 16

1 20
2 11
3 11
4 17
5 19
6 16
7 10
8 10

1 12
2 12
3 20
4 13
5 10
6 19
7 13
8 16

1 17
2 17
3 15
4 10
5 15
6 12
7 12
8 15

1 15
2 12
3 15
4 16
5 14
6 14
7 12
8 17

1 14
2 15
3 18
4 13
5 13
6 14
7 12
8 10

1 15
2 15
3 11
4 19
5 11
6 13
7 20
8 16

1 20
2 11
3 11
4 17
5 19
6 16
7 10
8 10

1 12
2 12
3 20
4 13
5 10
6 19
7 13
8 16

1 17
2 17
3 15
4 10
5 15
6 12
7 12
8 15

1 15
2 12
3 15
4 16
5 14
6 14
7 12
8 17

1 14
2 15
3 18
4 13
5 13
6 14
7 12
8 10

1 15
2 15
3 11
4 19
5 11
6 13
7 20
8 16

1 20
2 11
3 11
4 17
5 19
6 16
7 10
8 10

1 12
2 12
3 20
4 13
5 10
6 19
7 13
8 16

1 17
2 17
3 15
4 10
5 15
6 12
7 12
8 15

1 15
2 12
3 15
4 16
5 14
6 14
7 12
8 17

1 14
2 15
3 18
4 13
5 13
6 14
7 12
8 10

1 15
2 15
3 11
4 19
5 11
6 13
7 20
8 16

1 20
2 11
3 11
4 17
5 19
6 16
7 10
8 10

1 12
2 12
3 20
4 13
5 10
6 19
7 13
8 16

1 17
2 17
3 15
4 10
5 15
6 12
7 12
8 15

1 15
2 12
3 15
4 16
5 14
6 14
7 12
8 17

1 14
2 15
3 18
4 13
5 13
6 14
7 12
8 10

1 15
2 15
3 11
4 19
5 11
6 13
7 20
8 16

1 20
2 11
3 11
4 17
5 19
6 16
7 10
8 10

1 12
2 12
3 20
4 13
5 10
6 19
7 13
8 16

1 17
2 17
3 15
4 10
5 15
6 12
7 12
8 15

1 15
2 12
3 15
4 16
5 14
6 14
7 12
8 17

1 14
2 15
3 18
4 13
5 13
6 14
7 12
8 10

1 15
2 15
3 11
4 19
5 11
6 13
7 20
8 16

1 20
2 11
3 11
4 17
5 19
6 16
7 10
8 10

1 12
2 12
3 20
4 13
5 10
6 19
7 13
8 16

1 17
2 17
3 15
4 10
5 15
6 12
7 12
8 15

1 15
2 12
3 15
4 16
5 14
6 14
7 12
8 17

1 14
2 15
3 18
4 13
5 13
6 14
7 12
8 10

1 15
2 15
3 11
4 19
5 11
6 13
7 20
8 16

1 20
2 11
3 11
4 17
5 19
6 16
7 10
8 10

1 12
2 12
3 20
4 13
5 10
6 19
7 13
8 16

1 17
2 17
3 15
4 10
5 15
6 12
7 12
8 15

1 15
2 12
3 15
4 16
5 14
6 14
7 12
8 17

1 14
2 15
3 18
4 13
5 13
6 14
7 12
8 10

1 15
2 15
3 11
4 19
5 11
6 13
7 20
8 16

1 20
2 11
3 11
4 17
5 19
6 16
7 10
8 10

1 12
2 12
3 20
4 13
5 10
6 19
7 13
8 16

1 17
2 17
3 15
4 10
5 15
6 12
7 12
8 15

1 15
2 12
3 15
4 16
5 14
6 14
7 12
8 17

1 14
2 15
3 18
4 13
5 13
6 14
7 12
8 10

1 15
2 15
3 11
4 19
5 11
6 13
7 20
8 16

1 20
2 11
3 11
4 17
5 19
6 16
7 10
8 10

1 12
2 12
3 20
4 13
5 10
6 19
7 13
8 16

1 17
2 17
3 15
4 10
5 15
6 12
7 12
8 15

1 15
2 12
3 15
4 16
5 14
6 14
7 12
8 17

1 14
2 15
3 18
4 13
5 13
6 14
7 12
8 10

1 15
2 15
3 11
4 19
5 11
6 13
7 20
8 16

1 20
2 11
3 11
4 17
5 19
6 16
7 10
8 10

1 12
2 12
3 20
4 13
5 10
6 19
7 13
8 16

1 17
2 17
3 15
4 10
5 15
6 12
7 12
8 15

1 15
2 12
3 15
4 16
5 14
6 14
7 12
8 17

1 14
2 15
3 18
4 13
5 13
6 14
7 12
8 10

1 15
2 15
3 11
4 19
5 11
6 13
7 20
8 16

1 20
2 11
3 11
4 17
5 19
6 16
7 10
8 10

1 12
2 12
3 20
4 13
5 10
6 19
7 13
8 16

1 17
2 17
3 15
4 10
5 15
6 12
7 12
8 15

1 15
2 12
3 15
4 16
5 14
6 14
7 12
8 17

1 14
2 15
3 18
4 13
5 13
6 14
7 12
8 10

1 15
2 15
3 11
4 19
5 11
6 13
7 20
8 16

1 20
2 11
3 11
4 17
5 19
6 16
7 10
8 10

1 12
2 12
3 20
4 13
5 10
6 19
7 13
8 16

1 17
2 17
3 15
4 10
5 15
6 12
7 12
8 15

1 15
2 12
3 15
4 16
5 14
6 14
7 12
8 17

1 14
2 15
3 18
4 13
5 13
6 14
7 12
8 10

1 15
2 15
3 11
4 19
5 11
6 13
7 20
8 16

1 20
2 11
3 11
4 17
5 19
6 16
7 10
8 10

1 12
2 12
3 20
4 13
5 10
6 19
7 13
8 16

1 17
2 17
3 15
4 10
5 15
6 12
7 12
8 15

1 15
2 12
3 15
4 16
5 14
6 14
7 12
8 17

1 14
2 15
3 18
4 13
5 13
6 14
7 12
8 10

1 15
2 15
3 11
4 19
5 11
6 13
7 20
8 16

1 20
2 11
3 11
4 17
5 19
6 16
7 10
8 10

1 12
2 12
3 20
4 13
5 10
6 19
7 13
8 16

1 17
2 17
3 15
4 10
5 15
6 12
7 12
8 15

1 15
2 12
3 15
4 16
5 14
6 14
7 12
8 17

1 14
2 15
3 18
4 13
5 13
6 14
7 12
8 10

1 15
2 15
3 11
4 19
5 11
6 13
7 20
8 16

1 20
2 11
3 11
4 17
5 19
6 16
7 10
8 10

1 12
2 12
3 20
4 13
5 10
6 19
7 13
8 16

1 17
2 17
3 15
4 10
5 15
6 12
7 12
8 15

1 15
2 12
3 15
4 16
5 14
6 14
7 12
8 17

1 14
2 15
3 18
4 13
5 13
6 14
7 12
8 10

1 15
2 15
3 11
4 19
5 11
6 13
7 20
8 16