1 0
2 0
3 0
4 0
5 0
6 0
7 0
8 0
9 0
10 0
11 0
12 0
13 0
14 0
15 0
16 0

1 13
2 20
3 20
4 20
5 18
6 19
7 11
8 19
9 14
10 17
11 12
12 12
13 18
14 15
15 18
16 18

1 20
2 11
3 11
4 15
5 19
6 10
7 20
8 16
9 13
10 13
11 15
12 10
13 10
14 10
15 14
16 18

1 19
2 13
3 16
4 12
5 10
6 19
7 19
8 15
9 18
10 11
11 18
12 20
13 16
14 14
15 16
16 12

1 18
2 10
3 10
4 16
5 17
6 20
7 19
8 19
9 14
10 16
11 19
12 10
13 17
14 16
15 13
16 20

1 13
2 20
3 20
4 20
5 18
6 19
7 11
8 19
9 14
10 17
11 12
12 12
13 18
14 15
15 18
16 18

1 20
2 11
3 11
4 15
5 19
6 10
7 20
8 16
9 13
10 13
11 15
12 10
13 10
14 10
15 14
16 18

1 19
2 13
3 16
4 12
5 10
6 19
7 19
8 15
9 18
10 11
11 18
12 20
13 16
14 14
15 16
16 12

1 18
2 10
3 10
4 16
5 17
6 20
7 19
8 19
9 14
10 16
11 19
12 10
13 17
14 16
15 13
16 20

1 13
2 20
3 20
4 20
5 18
6 19
7 11
8 19
9 14
10 17
11 12
12 12
13 18
14 15
15 18
16 18

1 20
2 11
3 11
4 15
5 19
6 10
7 20
8 16
9 13
10 13
11 15
12 10
13 10
14 10
15 14
16 18

1 19
2 13
3 16
4 12
5 10
6 19
7 19
8 15
9 18
10 11
11 18
12 20
13 16
14 14
15 16
16 12

1 18
2 10
3 10
4 16
5 17
6 20
7 19
8 19
9 14
10 16
11 19
12 10
13 17
14 16
15 13
16 20

1 13
2 20
3 20
4 20
5 18
6 19
7 11
8 19
9 14
10 17
11 12
12 12
13 18
14 15
15 18
16 18

1 20
2 11
3 11
4 15
5 19
6 10
7 20
8 16
9 13
10 13
11 15
12 10
13 10
14 10
15 14
16 18

1 19
2 13
3 16
4 12
5 10
6 19
7 19
8 15
9 18
10 11
11 18
12 20
13 16
14 14
15 16
16 12

1 18
2 10
3 10
4 16
5 17
6 20
7 19
8 19
9 14
10 16
11 19
12 10
13 17
14 16
15 13
16 20

1 13
2 20
3 20
4 20
5 18
6 19
7 11
8 19
9 14
10 17
11 12
12 12
13 18
14 15
15 18
16 18

1 20
2 11
3 11
4 15
5 19
6 10
7 20
8 16
9 13
10 13
11 15
12 10
13 10
14 10
15 14
16 18

1 19
2 13
3 16
4 12
5 10
6 19
7 19
8 15
9 18
10 11
11 18
12 20
13 16
14 14
15 16
16 12

1 18
2 10
3 10
4 16
5 17
6 20
7 19
8 19
9 14
10 16
11 19
12 10
13 17
14 16
15 13
16 20

1 13
2 20
3 20
4 20
5 18
6 19
7 11
8 19
9 14
10 17
11 12
12 12
13 18
14 15
15 18
16 18

1 20
2 11
3 11
4 15
5 19
6 10
7 20
8 16
9 13
10 13
11 15
12 10
13 10
14 10
15 14
16 18

1 19
2 13
3 16
4 12
5 10
6 19
7 19
8 15
9 18
10 11
11 18
12 20
13 16
14 14
15 16
16 12

1 18
2 10
3 10
4 16
5 17
6 20
7 19
8 19
9 14
10 16
11 19
12 10
13 17
14 16
15 13
16 20

1 13
2 20
3 20
4 20
5 18
6 19
7 11
8 19
9 14
10 17
11 12
12 12
13 18
14 15
15 18
16 18

1 20
2 11
3 11
4 15
5 19
6 10
7 20
8 16
9 13
10 13
11 15
12 10
13 10
14 10
15 14
16 18

1 19
2 13
3 16
4 12
5 10
6 19
7 19
8 15
9 18
10 11
11 18
12 20
13 16
14 14
15 16
16 12

1 18
2 10
3 10
4 16
5 17
6 20
7 19
8 19
9 14
10 16
11 19
12 10
13 17
14 16
15 13
16 20

1 13
2 20
3 20
4 20
5 18
6 19
7 11
8 19
9 14
10 17
11 12
12 12
13 18
14 15
15 18
16 18

1 20
2 11
3 11
4 15
5 19
6 10
7 20
8 16
9 13
10 13
11 15
12 10
13 10
14 10
15 14
16 18

1 19
2 13
3 16
4 12
5 10
6 19
7 19
8 15
9 18
10 11
11 18
12 20
13 16
14 14
15 16
16 12

1 18
2 10
3 10
4 16
5 17
6 20
7 19
8 19
9 14
10 16
11 19
12 10
13 17
14 16
15 13
16 20

1 13
2 20
3 20
4 20
5 18
6 19
7 11
8 19
9 14
10 17
11 12
12 12
13 18
14 15
15 18
16 18

1 20
2 11
3 11
4 15
5 19
6 10
7 20
8 16
9 13
10 13
11 15
12 10
13 10
14 10
15 14
16 18

1 19
2 13
3 16
4 12
5 10
6 19
7 19
8 15
9 18
10 11
11 18
12 20
13 16
14 14
15 16
16 12

1 18
2 10
3 10
4 16
5 17
6 20
7 19
8 19
9 14
10 16
11 19
12 10
13 17
14 16
15 13
16 20

1 13
2 20
3 20
4 20
5 18
6 19
7 11
8 19
9 14
10 17
11 12
12 12
13 18
14 15
15 18
16 18

1 20
2 11
3 11
4 15
5 19
6 10
7 20
8 16
9 13
10 13
11 15
12 10
13 10
14 10
15 14
16 18

1 19
2 13
3 16
4 12
5 10
6 19
7 19
8 15
9 18
10 11
11 18
12 20
13 16
14 14
15 16
16 12

1 18
2 10
3 10
4 16
5 17
6 20
7 19
8 19
9 14
10 16
11 19
12 10
13 17
14 16
15 13
16 20

1 13
2 20
3 20
4 20
5 18
6 19
7 11
8 19
9 14
10 17
11 12
12 12
13 18
14 15
15 18
16 18

1 20
2 11
3 11
4 15
5 19
6 10
7 20
8 16
9 13
10 13
11 15
12 10
13 10
14 10
15 14
16 18

1 19
2 13
3 16
4 12
5 10
6 19
7 19
8 15
9 18
10 11
11 18
12 20
13 16
14 14
15 16
16 12

1 18
2 10
3 10
4 16
5 17
6 20
7 19
8 19
9 14
10 16
11 19
12 10
13 17
14 16
15 13
16 20

1 13
2 20
3 20
4 20
5 18
6 19
7 11
8 19
9 14
10 17
11 12
12 12
13 18
14 15
15 18
16 18

1 20
2 11
3 11
4 15
5 19
6 10
7 20
8 16
9 13
10 13
11 15
12 10
13 10
14 10
15 14
16 18

1 19
2 13
3 16
4 12
5 10
6 19
7 19
8 15
9 18
10 11
11 18
12 20
13 16
14 14
15 16
16 12

1 18
2 10
3 10
4 16
5 17
6 20
7 19
8 19
9 14
10 16
11 19
12 10
13 17
14 16
15 13
16 20

1 13
2 20
3 20
4 20
5 18
6 19
7 11
8 19
9 14
10 17
11 12
12 12
13 18
14 15
15 18
16 18

1 20
2 11
3 11
4 15
5 19
6 10
7 20
8 16
9 13
10 13
11 15
12 10
13 10
14 10
15 14
16 18

1 19
2 13
3 16
4 12
5 10
6 19
7 19
8 15
9 18
10 11
11 18
12 20
13 16
14 14
15 16
16 12

1 18
2 10
3 10
4 16
5 17
6 20
7 19
8 19
9 14
10 16
11 19
12 10
13 17
14 16
15 13
16 20

1 13
2 20
3 20
4 20
5 18
6 19
7 11
8 19
9 14
10 17
11 12
12 12
13 18
14 15
15 18
16 18

1 20
2 11
3 11
4 15
5 19
6 10
7 20
8 16
9 13
10 13
11 15
12 10
13 10
14 10
15 14
16 18

1 19
2 13
3 16
4 12
5 10
6 19
7 19
8 15
9 18
10 11
11 18
12 20
13 16
14 14
15 16
16 12

1 18
2 10
3 10
4 16
5 17
6 20
7 19
8 19
9 14
10 16
11 19
12 10
13 17
14 16
15 13
16 20

1 13
2 20
3 20
4 20
5 18
6 19
7 11
8 19
9 14
10 17
11 12
12 12
13 18
14 15
15 18
16 18

1 20
2 11
3 11
4 15
5 19
6 10
7 20
8 16
9 13
10 13
11 15
12 10
13 10
14 10
15 14
16 18

1 19
2 13
3 16
4 12
5 10
6 19
7 19
8 15
9 18
10 11
11 18
12 20
13 16
14 14
15 16
16 12

1 18
2 10
3 10
4 16
5 17
6 20
7 19
8 19
9 14
10 16
11 19
12 10
13 17
14 16
15 13
16 20

1 13
2 20
3 20
4 20
5 18
6 19
7 11
8 19
9 14
10 17
11 12
12 12
13 18
14 15
15 18
16 18

1 20
2 11
3 11
4 15
5 19
6 10
7 20
8 16
9 13
10 13
11 15
12 10
13 10
14 10
15 14
16 18

1 19
2 13
3 16
4 12
5 10
6 19
7 19
8 15
9 18
10 11
11 18
12 20
13 16
14 14
15 16
16 12

1 18
2 10
3 10
4 16
5 17
6 20
7 19
8 19
9 14
10 16
11 19
12 10
13 17
14 16
15 13
16 20

1 13
2 20
3 20
4 20
5 18
6 19
7 11
8 19
9 14
10 17
11 12
12 12
13 18
14 15
15 18
16 18

1 20
2 11
3 11
4 15
5 19
6 10
7 20
8 16
9 13
10 13
11 15
12 10
13 10
14 10
15 14
16 18

1 19
2 13
3 16
4 12
5 10
6 19
7 19
8 15
9 18
10 11
11 18
12 20
13 16
14 14
15 16
16 12

1 18
2 10
3 10
4 16
5 17
6 20
7 19
8 19
9 14
10 16
11 19
12 10
13 17
14 16
15 13
16 20

1 13
2 20
3 20
4 20
5 18
6 19
7 11
8 19
9 14
10 17
11 12
12 12
13 18
14 15
15 18
16 18

1 20
2 11
3 11
4 15
5 19
6 10
7 20
8 16
9 13
10 13
11 15
12 10
13 10
14 10
15 14
16 18

1 19
2 13
3 16
4 12
5 10
6 19
7 19
8 15
9 18
10 11
11 18
12 20
13 16
14 14
15 16
16 12

1 18
2 10
3 10
4 16
5 17
6 20
7 19
8 19
9 14
10 16
11 19
12 10
13 17
14 16
15 13
16 20

1 13
2 20
3 20
4 20
5 18
6 19
7 11
8 19
9 14
10 17
11 12
12 12
13 18
14 15
15 18
16 18

1 20
2 11
3 11
4 15
5 19
6 10
7 20
8 16
9 13
10 13
11 15
12 10
13 10
14 10
15 14
16 18

1 19
2 13
3 16
4 12
5 10
6 19
7 19
8 15
9 18
10 11
11 18
12 20
13 16
14 14
15 16
16 12

1 18
2 10
3 10
4 16
5 17
6 20
7 19
8 19
9 14
10 16
11 19
12 10
13 17
14 16
15 13
16 20

1 13
2 20
3 20
4 20
5 18
6 19
7 11
8 19
9 14
10 17
11 12
12 12
13 18
14 15
15 18
16 18

1 20
2 11
3 11
4 15
5 19
6 10
7 20
8 16
9 13
10 13
11 15
12 10
13 10
14 10
15 14
16 18

1 19
2 13
3 16
4 12
5 10
6 19
7 19
8 15
9 18
10 11
11 18
12 20
13 16
14 14
15 16
16 12

1 18
2 10
3 10
4 16
5 17
6 20
7 19
8 19
9 14
10 16
11 19
12 10
13 17
14 16
15 13
16 20