1 0
2 0
3 0
4 0
5 0
6 0
7 0
8 0

1 14
2 14
3 18
4 18
5 13
6 19
7 13
8 14

1 11
2 15
3 14
4 15
5 20
6 20
7 18
8 12

1 14
2 14
3 18
4 18
5 13
6 19
7 13
8 14

1 11
2 15
3 14
4 15
5 20
6 20
7 18
8 12

1 14
2 14
3 18
4 18
5 13
6 19
7 13
8 14

1 11
2 15
3 14
4 15
5 20
6 20
7 18
8 12

1 14
2 14
3 18
4 18
5 13
6 19
7 13
8 14

1 11
2 15
3 14
4 15
5 20
6 20
7 18
8 12

1 14
2 14
3 18
4 18
5 13
6 19
7 13
8 14

1 11
2 15
3 14
4 15
5 20
6 20
7 18
8 12

1 14
2 14
3 18
4 18
5 13
6 19
7 13
8 14

1 11
2 15
3 14
4 15
5 20
6 20
7 18
8 12

1 14
2 14
3 18
4 18
5 13
6 19
7 13
8 14

1 11
2 15
3 14
4 15
5 20
6 20
7 18
8 12

1 14
2 14
3 18
4 18
5 13
6 19
7 13
8 14

1 11
2 15
3 14
4 15
5 20
6 20
7 18
8 12

1 14
2 14
3 18
4 18
5 13
6 19
7 13
8 14

1 11
2 15
3 14
4 15
5 20
6 20
7 18
8 12

1 14
2 14
3 18
4 18
5 13
6 19
7 13
8 14

1 11
2 15
3 14
4 15
5 20
6 20
7 18
8 12