1 0
2 0
3 0
4 0

1 11
2 19
3 19
4 13

1 20
2 16
3 19
4 14

1 19
2 16
3 12
4 18

1 15
2 18
3 14
4 13

1 17
2 17
3 14
4 11

1 20
2 13
3 14
4 11

1 11
2 19
3 19
4 13

1 20
2 16
3 19
4 14

1 19
2 16
3 12
4 18

1 15
2 18
3 14
4 13

1 17
2 17
3 14
4 11

1 20
2 13
3 14
4 11

1 11
2 19
3 19
4 13

1 20
2 16
3 19
4 14

1 19
2 16
3 12
4 18

1 15
2 18
3 14
4 13

1 17
2 17
3 14
4 11

1 20
2 13
3 14
4 11

1 11
2 19
3 19
4 13

1 20
2 16
3 19
4 14

1 19
2 16
3 12
4 18

1 15
2 18
3 14
4 13

1 17
2 17
3 14
4 11

1 20
2 13
3 14
4 11

1 11
2 19
3 19
4 13

1 20
2 16
3 19
4 14

1 19
2 16
3 12
4 18

1 15
2 18
3 14
4 13

1 17
2 17
3 14
4 11

1 20
2 13
3 14
4 11

1 11
2 19
3 19
4 13

1 20
2 16
3 19
4 14

1 19
2 16
3 12
4 18

1 15
2 18
3 14
4 13

1 17
2 17
3 14
4 11

1 20
2 13
3 14
4 11

1 11
2 19
3 19
4 13

1 20
2 16
3 19
4 14

1 19
2 16
3 12
4 18

1 15
2 18
3 14
4 13

1 17
2 17
3 14
4 11

1 20
2 13
3 14
4 11

1 11
2 19
3 19
4 13

1 20
2 16
3 19
4 14

1 19
2 16
3 12
4 18

1 15
2 18
3 14
4 13

1 17
2 17
3 14
4 11

1 20
2 13
3 14
4 11

1 11
2 19
3 19
4 13

1 20
2 16
3 19
4 14

1 19
2 16
3 12
4 18

1 15
2 18
3 14
4 13

1 17
2 17
3 14
4 11

1 20
2 13
3 14
4 11

1 11
2 19
3 19
4 13

1 20
2 16
3 19
4 14

1 19
2 16
3 12
4 18

1 15
2 18
3 14
4 13

1 17
2 17
3 14
4 11

1 20
2 13
3 14
4 11

1 11
2 19
3 19
4 13

1 20
2 16
3 19
4 14

1 19
2 16
3 12
4 18

1 15
2 18
3 14
4 13

1 17
2 17
3 14
4 11

1 20
2 13
3 14
4 11

1 11
2 19
3 19
4 13

1 20
2 16
3 19
4 14

1 19
2 16
3 12
4 18

1 15
2 18
3 14
4 13

1 17
2 17
3 14
4 11

1 20
2 13
3 14
4 11

1 11
2 19
3 19
4 13

1 20
2 16
3 19
4 14

1 19
2 16
3 12
4 18

1 15
2 18
3 14
4 13

1 17
2 17
3 14
4 11

1 20
2 13
3 14
4 11

1 11
2 19
3 19
4 13

1 20
2 16
3 19
4 14

1 19
2 16
3 12
4 18

1 15
2 18
3 14
4 13

1 17
2 17
3 14
4 11

1 20
2 13
3 14
4 11

1 11
2 19
3 19
4 13

1 20
2 16
3 19
4 14

1 19
2 16
3 12
4 18

1 15
2 18
3 14
4 13

1 17
2 17
3 14
4 11

1 20
2 13
3 14
4 11