1 0
2 0
3 0
4 0

1 5
2 0
3 0
4 0

1 3
2 8
3 0
4 1

1 8
2 2
3 6
4 4

1 6
2 5
3 3
4 5

1 5
2 0
3 0
4 0

1 3
2 8
3 0
4 1

1 8
2 2
3 6
4 4

1 6
2 5
3 3
4 5

1 5
2 0
3 0
4 0

1 3
2 8
3 0
4 1

1 8
2 2
3 6
4 4

1 6
2 5
3 3
4 5

1 5
2 0
3 0
4 0

1 3
2 8
3 0
4 1

1 8
2 2
3 6
4 4

1 6
2 5
3 3
4 5

1 5
2 0
3 0
4 0

1 3
2 8
3 0
4 1

1 8
2 2
3 6
4 4

1 6
2 5
3 3
4 5

1 5
2 0
3 0
4 0

1 3
2 8
3 0
4 1

1 8
2 2
3 6
4 4

1 6
2 5
3 3
4 5

1 5
2 0
3 0
4 0

1 3
2 8
3 0
4 1

1 8
2 2
3 6
4 4

1 6
2 5
3 3
4 5

1 5
2 0
3 0
4 0

1 3
2 8
3 0
4 1

1 8
2 2
3 6
4 4

1 6
2 5
3 3
4 5

1 5
2 0
3 0
4 0

1 3
2 8
3 0
4 1

1 8
2 2
3 6
4 4

1 6
2 5
3 3
4 5

1 5
2 0
3 0
4 0

1 3
2 8
3 0
4 1

1 8
2 2
3 6
4 4

1 6
2 5
3 3
4 5

1 5
2 0
3 0
4 0

1 3
2 8
3 0
4 1

1 8
2 2
3 6
4 4

1 6
2 5
3 3
4 5

1 5
2 0
3 0
4 0

1 3
2 8
3 0
4 1

1 8
2 2
3 6
4 4

1 6
2 5
3 3
4 5

1 5
2 0
3 0
4 0

1 3
2 8
3 0
4 1

1 8
2 2
3 6
4 4

1 6
2 5
3 3
4 5

1 5
2 0
3 0
4 0

1 3
2 8
3 0
4 1

1 8
2 2
3 6
4 4

1 6
2 5
3 3
4 5

1 5
2 0
3 0
4 0

1 3
2 8
3 0
4 1

1 8
2 2
3 6
4 4

1 6
2 5
3 3
4 5

1 5
2 0
3 0
4 0

1 3
2 8
3 0
4 1

1 8
2 2
3 6
4 4

1 6
2 5
3 3
4 5

1 5
2 0
3 0
4 0

1 3
2 8
3 0
4 1

1 8
2 2
3 6
4 4

1 6
2 5
3 3
4 5

1 5
2 0
3 0
4 0

1 3
2 8
3 0
4 1

1 8
2 2
3 6
4 4

1 6
2 5
3 3
4 5

1 5
2 0
3 0
4 0

1 3
2 8
3 0
4 1

1 8
2 2
3 6
4 4

1 6
2 5
3 3
4 5

1 5
2 0
3 0
4 0

1 3
2 8
3 0
4 1

1 8
2 2
3 6
4 4

1 6
2 5
3 3
4 5