1 0
2 0
3 0
4 0
5 0
6 0
7 0
8 0

1 19
2 16
3 11
4 17
5 16
6 10
7 18
8 16

1 12
2 13
3 17
4 15
5 16
6 17
7 19
8 17

1 17
2 13
3 20
4 11
5 14
6 15
7 19
8 13

1 19
2 10
3 18
4 20
5 18
6 19
7 16
8 11

1 19
2 16
3 11
4 17
5 16
6 10
7 18
8 16

1 12
2 13
3 17
4 15
5 16
6 17
7 19
8 17

1 17
2 13
3 20
4 11
5 14
6 15
7 19
8 13

1 19
2 10
3 18
4 20
5 18
6 19
7 16
8 11

1 19
2 16
3 11
4 17
5 16
6 10
7 18
8 16

1 12
2 13
3 17
4 15
5 16
6 17
7 19
8 17

1 17
2 13
3 20
4 11
5 14
6 15
7 19
8 13

1 19
2 10
3 18
4 20
5 18
6 19
7 16
8 11

1 19
2 16
3 11
4 17
5 16
6 10
7 18
8 16

1 12
2 13
3 17
4 15
5 16
6 17
7 19
8 17

1 17
2 13
3 20
4 11
5 14
6 15
7 19
8 13

1 19
2 10
3 18
4 20
5 18
6 19
7 16
8 11

1 19
2 16
3 11
4 17
5 16
6 10
7 18
8 16

1 12
2 13
3 17
4 15
5 16
6 17
7 19
8 17

1 17
2 13
3 20
4 11
5 14
6 15
7 19
8 13

1 19
2 10
3 18
4 20
5 18
6 19
7 16
8 11

1 19
2 16
3 11
4 17
5 16
6 10
7 18
8 16

1 12
2 13
3 17
4 15
5 16
6 17
7 19
8 17

1 17
2 13
3 20
4 11
5 14
6 15
7 19
8 13

1 19
2 10
3 18
4 20
5 18
6 19
7 16
8 11

1 19
2 16
3 11
4 17
5 16
6 10
7 18
8 16

1 12
2 13
3 17
4 15
5 16
6 17
7 19
8 17

1 17
2 13
3 20
4 11
5 14
6 15
7 19
8 13

1 19
2 10
3 18
4 20
5 18
6 19
7 16
8 11

1 19
2 16
3 11
4 17
5 16
6 10
7 18
8 16

1 12
2 13
3 17
4 15
5 16
6 17
7 19
8 17

1 17
2 13
3 20
4 11
5 14
6 15
7 19
8 13

1 19
2 10
3 18
4 20
5 18
6 19
7 16
8 11

1 19
2 16
3 11
4 17
5 16
6 10
7 18
8 16

1 12
2 13
3 17
4 15
5 16
6 17
7 19
8 17

1 17
2 13
3 20
4 11
5 14
6 15
7 19
8 13

1 19
2 10
3 18
4 20
5 18
6 19
7 16
8 11

1 19
2 16
3 11
4 17
5 16
6 10
7 18
8 16

1 12
2 13
3 17
4 15
5 16
6 17
7 19
8 17

1 17
2 13
3 20
4 11
5 14
6 15
7 19
8 13

1 19
2 10
3 18
4 20
5 18
6 19
7 16
8 11

1 19
2 16
3 11
4 17
5 16
6 10
7 18
8 16

1 12
2 13
3 17
4 15
5 16
6 17
7 19
8 17

1 17
2 13
3 20
4 11
5 14
6 15
7 19
8 13

1 19
2 10
3 18
4 20
5 18
6 19
7 16
8 11

1 19
2 16
3 11
4 17
5 16
6 10
7 18
8 16

1 12
2 13
3 17
4 15
5 16
6 17
7 19
8 17

1 17
2 13
3 20
4 11
5 14
6 15
7 19
8 13

1 19
2 10
3 18
4 20
5 18
6 19
7 16
8 11

1 19
2 16
3 11
4 17
5 16
6 10
7 18
8 16

1 12
2 13
3 17
4 15
5 16
6 17
7 19
8 17

1 17
2 13
3 20
4 11
5 14
6 15
7 19
8 13

1 19
2 10
3 18
4 20
5 18
6 19
7 16
8 11

1 19
2 16
3 11
4 17
5 16
6 10
7 18
8 16

1 12
2 13
3 17
4 15
5 16
6 17
7 19
8 17

1 17
2 13
3 20
4 11
5 14
6 15
7 19
8 13

1 19
2 10
3 18
4 20
5 18
6 19
7 16
8 11

1 19
2 16
3 11
4 17
5 16
6 10
7 18
8 16

1 12
2 13
3 17
4 15
5 16
6 17
7 19
8 17

1 17
2 13
3 20
4 11
5 14
6 15
7 19
8 13

1 19
2 10
3 18
4 20
5 18
6 19
7 16
8 11