1 0
2 0
3 0
4 0
5 0
6 0
7 0
8 0

1 15
2 15
3 10
4 13
5 18
6 13
7 15
8 14

1 11
2 13
3 18
4 16
5 16
6 20
7 16
8 18

1 11
2 17
3 14
4 19
5 17
6 16
7 12
8 10

1 10
2 20
3 20
4 10
5 15
6 10
7 11
8 12

1 15
2 15
3 10
4 13
5 18
6 13
7 15
8 14

1 11
2 13
3 18
4 16
5 16
6 20
7 16
8 18

1 11
2 17
3 14
4 19
5 17
6 16
7 12
8 10

1 10
2 20
3 20
4 10
5 15
6 10
7 11
8 12

1 15
2 15
3 10
4 13
5 18
6 13
7 15
8 14

1 11
2 13
3 18
4 16
5 16
6 20
7 16
8 18

1 11
2 17
3 14
4 19
5 17
6 16
7 12
8 10

1 10
2 20
3 20
4 10
5 15
6 10
7 11
8 12

1 15
2 15
3 10
4 13
5 18
6 13
7 15
8 14

1 11
2 13
3 18
4 16
5 16
6 20
7 16
8 18

1 11
2 17
3 14
4 19
5 17
6 16
7 12
8 10

1 10
2 20
3 20
4 10
5 15
6 10
7 11
8 12

1 15
2 15
3 10
4 13
5 18
6 13
7 15
8 14

1 11
2 13
3 18
4 16
5 16
6 20
7 16
8 18

1 11
2 17
3 14
4 19
5 17
6 16
7 12
8 10

1 10
2 20
3 20
4 10
5 15
6 10
7 11
8 12

1 15
2 15
3 10
4 13
5 18
6 13
7 15
8 14

1 11
2 13
3 18
4 16
5 16
6 20
7 16
8 18

1 11
2 17
3 14
4 19
5 17
6 16
7 12
8 10

1 10
2 20
3 20
4 10
5 15
6 10
7 11
8 12

1 15
2 15
3 10
4 13
5 18
6 13
7 15
8 14

1 11
2 13
3 18
4 16
5 16
6 20
7 16
8 18

1 11
2 17
3 14
4 19
5 17
6 16
7 12
8 10

1 10
2 20
3 20
4 10
5 15
6 10
7 11
8 12

1 15
2 15
3 10
4 13
5 18
6 13
7 15
8 14

1 11
2 13
3 18
4 16
5 16
6 20
7 16
8 18

1 11
2 17
3 14
4 19
5 17
6 16
7 12
8 10

1 10
2 20
3 20
4 10
5 15
6 10
7 11
8 12

1 15
2 15
3 10
4 13
5 18
6 13
7 15
8 14

1 11
2 13
3 18
4 16
5 16
6 20
7 16
8 18

1 11
2 17
3 14
4 19
5 17
6 16
7 12
8 10

1 10
2 20
3 20
4 10
5 15
6 10
7 11
8 12

1 15
2 15
3 10
4 13
5 18
6 13
7 15
8 14

1 11
2 13
3 18
4 16
5 16
6 20
7 16
8 18

1 11
2 17
3 14
4 19
5 17
6 16
7 12
8 10

1 10
2 20
3 20
4 10
5 15
6 10
7 11
8 12

1 15
2 15
3 10
4 13
5 18
6 13
7 15
8 14

1 11
2 13
3 18
4 16
5 16
6 20
7 16
8 18

1 11
2 17
3 14
4 19
5 17
6 16
7 12
8 10

1 10
2 20
3 20
4 10
5 15
6 10
7 11
8 12

1 15
2 15
3 10
4 13
5 18
6 13
7 15
8 14

1 11
2 13
3 18
4 16
5 16
6 20
7 16
8 18

1 11
2 17
3 14
4 19
5 17
6 16
7 12
8 10

1 10
2 20
3 20
4 10
5 15
6 10
7 11
8 12

1 15
2 15
3 10
4 13
5 18
6 13
7 15
8 14

1 11
2 13
3 18
4 16
5 16
6 20
7 16
8 18

1 11
2 17
3 14
4 19
5 17
6 16
7 12
8 10

1 10
2 20
3 20
4 10
5 15
6 10
7 11
8 12

1 15
2 15
3 10
4 13
5 18
6 13
7 15
8 14

1 11
2 13
3 18
4 16
5 16
6 20
7 16
8 18

1 11
2 17
3 14
4 19
5 17
6 16
7 12
8 10

1 10
2 20
3 20
4 10
5 15
6 10
7 11
8 12

1 15
2 15
3 10
4 13
5 18
6 13
7 15
8 14

1 11
2 13
3 18
4 16
5 16
6 20
7 16
8 18

1 11
2 17
3 14
4 19
5 17
6 16
7 12
8 10

1 10
2 20
3 20
4 10
5 15
6 10
7 11
8 12