1 0
2 0
3 0
4 0
5 0
6 0
7 0
8 0

1 12
2 14
3 18
4 18
5 20
6 14
7 17
8 13

1 10
2 10
3 16
4 13
5 17
6 18
7 11
8 14

1 15
2 17
3 16
4 13
5 12
6 17
7 13
8 20

1 14
2 16
3 17
4 12
5 19
6 19
7 10
8 12

1 20
2 15
3 16
4 19
5 14
6 11
7 18
8 11

1 17
2 18
3 15
4 10
5 10
6 13
7 14
8 13

1 12
2 14
3 18
4 18
5 20
6 14
7 17
8 13

1 10
2 10
3 16
4 13
5 17
6 18
7 11
8 14

1 15
2 17
3 16
4 13
5 12
6 17
7 13
8 20

1 14
2 16
3 17
4 12
5 19
6 19
7 10
8 12

1 20
2 15
3 16
4 19
5 14
6 11
7 18
8 11

1 17
2 18
3 15
4 10
5 10
6 13
7 14
8 13

1 12
2 14
3 18
4 18
5 20
6 14
7 17
8 13

1 10
2 10
3 16
4 13
5 17
6 18
7 11
8 14

1 15
2 17
3 16
4 13
5 12
6 17
7 13
8 20

1 14
2 16
3 17
4 12
5 19
6 19
7 10
8 12

1 20
2 15
3 16
4 19
5 14
6 11
7 18
8 11

1 17
2 18
3 15
4 10
5 10
6 13
7 14
8 13

1 12
2 14
3 18
4 18
5 20
6 14
7 17
8 13

1 10
2 10
3 16
4 13
5 17
6 18
7 11
8 14

1 15
2 17
3 16
4 13
5 12
6 17
7 13
8 20

1 14
2 16
3 17
4 12
5 19
6 19
7 10
8 12

1 20
2 15
3 16
4 19
5 14
6 11
7 18
8 11

1 17
2 18
3 15
4 10
5 10
6 13
7 14
8 13

1 12
2 14
3 18
4 18
5 20
6 14
7 17
8 13

1 10
2 10
3 16
4 13
5 17
6 18
7 11
8 14

1 15
2 17
3 16
4 13
5 12
6 17
7 13
8 20

1 14
2 16
3 17
4 12
5 19
6 19
7 10
8 12

1 20
2 15
3 16
4 19
5 14
6 11
7 18
8 11

1 17
2 18
3 15
4 10
5 10
6 13
7 14
8 13

1 12
2 14
3 18
4 18
5 20
6 14
7 17
8 13

1 10
2 10
3 16
4 13
5 17
6 18
7 11
8 14

1 15
2 17
3 16
4 13
5 12
6 17
7 13
8 20

1 14
2 16
3 17
4 12
5 19
6 19
7 10
8 12

1 20
2 15
3 16
4 19
5 14
6 11
7 18
8 11

1 17
2 18
3 15
4 10
5 10
6 13
7 14
8 13

1 12
2 14
3 18
4 18
5 20
6 14
7 17
8 13

1 10
2 10
3 16
4 13
5 17
6 18
7 11
8 14

1 15
2 17
3 16
4 13
5 12
6 17
7 13
8 20

1 14
2 16
3 17
4 12
5 19
6 19
7 10
8 12

1 20
2 15
3 16
4 19
5 14
6 11
7 18
8 11

1 17
2 18
3 15
4 10
5 10
6 13
7 14
8 13

1 12
2 14
3 18
4 18
5 20
6 14
7 17
8 13

1 10
2 10
3 16
4 13
5 17
6 18
7 11
8 14

1 15
2 17
3 16
4 13
5 12
6 17
7 13
8 20

1 14
2 16
3 17
4 12
5 19
6 19
7 10
8 12

1 20
2 15
3 16
4 19
5 14
6 11
7 18
8 11

1 17
2 18
3 15
4 10
5 10
6 13
7 14
8 13

1 12
2 14
3 18
4 18
5 20
6 14
7 17
8 13

1 10
2 10
3 16
4 13
5 17
6 18
7 11
8 14

1 15
2 17
3 16
4 13
5 12
6 17
7 13
8 20

1 14
2 16
3 17
4 12
5 19
6 19
7 10
8 12

1 20
2 15
3 16
4 19
5 14
6 11
7 18
8 11

1 17
2 18
3 15
4 10
5 10
6 13
7 14
8 13

1 12
2 14
3 18
4 18
5 20
6 14
7 17
8 13

1 10
2 10
3 16
4 13
5 17
6 18
7 11
8 14

1 15
2 17
3 16
4 13
5 12
6 17
7 13
8 20

1 14
2 16
3 17
4 12
5 19
6 19
7 10
8 12

1 20
2 15
3 16
4 19
5 14
6 11
7 18
8 11

1 17
2 18
3 15
4 10
5 10
6 13
7 14
8 13