1 0
2 0
3 0
4 0
5 0
6 0
7 0
8 0

1 9
2 5
3 2
4 7
5 9
6 1
7 5
8 5

1 0
2 8
3 4
4 5
5 1
6 9
7 7
8 8

1 3
2 8
3 8
4 1
5 5
6 0
7 5
8 0

1 1
2 3
3 5
4 3
5 4
6 2
7 8
8 0

1 9
2 5
3 2
4 7
5 9
6 1
7 5
8 5

1 0
2 8
3 4
4 5
5 1
6 9
7 7
8 8

1 3
2 8
3 8
4 1
5 5
6 0
7 5
8 0

1 1
2 3
3 5
4 3
5 4
6 2
7 8
8 0

1 9
2 5
3 2
4 7
5 9
6 1
7 5
8 5

1 0
2 8
3 4
4 5
5 1
6 9
7 7
8 8

1 3
2 8
3 8
4 1
5 5
6 0
7 5
8 0

1 1
2 3
3 5
4 3
5 4
6 2
7 8
8 0

1 9
2 5
3 2
4 7
5 9
6 1
7 5
8 5

1 0
2 8
3 4
4 5
5 1
6 9
7 7
8 8

1 3
2 8
3 8
4 1
5 5
6 0
7 5
8 0

1 1
2 3
3 5
4 3
5 4
6 2
7 8
8 0

1 9
2 5
3 2
4 7
5 9
6 1
7 5
8 5

1 0
2 8
3 4
4 5
5 1
6 9
7 7
8 8

1 3
2 8
3 8
4 1
5 5
6 0
7 5
8 0

1 1
2 3
3 5
4 3
5 4
6 2
7 8
8 0

1 9
2 5
3 2
4 7
5 9
6 1
7 5
8 5

1 0
2 8
3 4
4 5
5 1
6 9
7 7
8 8

1 3
2 8
3 8
4 1
5 5
6 0
7 5
8 0

1 1
2 3
3 5
4 3
5 4
6 2
7 8
8 0

1 9
2 5
3 2
4 7
5 9
6 1
7 5
8 5

1 0
2 8
3 4
4 5
5 1
6 9
7 7
8 8

1 3
2 8
3 8
4 1
5 5
6 0
7 5
8 0

1 1
2 3
3 5
4 3
5 4
6 2
7 8
8 0

1 9
2 5
3 2
4 7
5 9
6 1
7 5
8 5

1 0
2 8
3 4
4 5
5 1
6 9
7 7
8 8

1 3
2 8
3 8
4 1
5 5
6 0
7 5
8 0

1 1
2 3
3 5
4 3
5 4
6 2
7 8
8 0

1 9
2 5
3 2
4 7
5 9
6 1
7 5
8 5

1 0
2 8
3 4
4 5
5 1
6 9
7 7
8 8

1 3
2 8
3 8
4 1
5 5
6 0
7 5
8 0

1 1
2 3
3 5
4 3
5 4
6 2
7 8
8 0

1 9
2 5
3 2
4 7
5 9
6 1
7 5
8 5

1 0
2 8
3 4
4 5
5 1
6 9
7 7
8 8

1 3
2 8
3 8
4 1
5 5
6 0
7 5
8 0

1 1
2 3
3 5
4 3
5 4
6 2
7 8
8 0

1 9
2 5
3 2
4 7
5 9
6 1
7 5
8 5

1 0
2 8
3 4
4 5
5 1
6 9
7 7
8 8

1 3
2 8
3 8
4 1
5 5
6 0
7 5
8 0

1 1
2 3
3 5
4 3
5 4
6 2
7 8
8 0

1 9
2 5
3 2
4 7
5 9
6 1
7 5
8 5

1 0
2 8
3 4
4 5
5 1
6 9
7 7
8 8

1 3
2 8
3 8
4 1
5 5
6 0
7 5
8 0

1 1
2 3
3 5
4 3
5 4
6 2
7 8
8 0

1 9
2 5
3 2
4 7
5 9
6 1
7 5
8 5

1 0
2 8
3 4
4 5
5 1
6 9
7 7
8 8

1 3
2 8
3 8
4 1
5 5
6 0
7 5
8 0

1 1
2 3
3 5
4 3
5 4
6 2
7 8
8 0

1 9
2 5
3 2
4 7
5 9
6 1
7 5
8 5

1 0
2 8
3 4
4 5
5 1
6 9
7 7
8 8

1 3
2 8
3 8
4 1
5 5
6 0
7 5
8 0

1 1
2 3
3 5
4 3
5 4
6 2
7 8
8 0

1 9
2 5
3 2
4 7
5 9
6 1
7 5
8 5

1 0
2 8
3 4
4 5
5 1
6 9
7 7
8 8

1 3
2 8
3 8
4 1
5 5
6 0
7 5
8 0

1 1
2 3
3 5
4 3
5 4
6 2
7 8
8 0