1 0
2 0
3 0
4 0
5 0
6 0
7 0
8 0
9 0
10 0
11 0
12 0
13 0
14 0
15 0
16 0

1 15
2 17
3 16
4 11
5 18
6 13
7 20
8 19
9 12
10 15
11 11
12 13
13 16
14 20
15 14
16 13

1 15
2 12
3 11
4 18
5 11
6 19
7 20
8 11
9 10
10 10
11 15
12 12
13 11
14 15
15 20
16 13

1 15
2 17
3 16
4 11
5 18
6 13
7 20
8 19
9 12
10 15
11 11
12 13
13 16
14 20
15 14
16 13

1 15
2 12
3 11
4 18
5 11
6 19
7 20
8 11
9 10
10 10
11 15
12 12
13 11
14 15
15 20
16 13

1 15
2 17
3 16
4 11
5 18
6 13
7 20
8 19
9 12
10 15
11 11
12 13
13 16
14 20
15 14
16 13

1 15
2 12
3 11
4 18
5 11
6 19
7 20
8 11
9 10
10 10
11 15
12 12
13 11
14 15
15 20
16 13

1 15
2 17
3 16
4 11
5 18
6 13
7 20
8 19
9 12
10 15
11 11
12 13
13 16
14 20
15 14
16 13

1 15
2 12
3 11
4 18
5 11
6 19
7 20
8 11
9 10
10 10
11 15
12 12
13 11
14 15
15 20
16 13

1 15
2 17
3 16
4 11
5 18
6 13
7 20
8 19
9 12
10 15
11 11
12 13
13 16
14 20
15 14
16 13

1 15
2 12
3 11
4 18
5 11
6 19
7 20
8 11
9 10
10 10
11 15
12 12
13 11
14 15
15 20
16 13

1 15
2 17
3 16
4 11
5 18
6 13
7 20
8 19
9 12
10 15
11 11
12 13
13 16
14 20
15 14
16 13

1 15
2 12
3 11
4 18
5 11
6 19
7 20
8 11
9 10
10 10
11 15
12 12
13 11
14 15
15 20
16 13

1 15
2 17
3 16
4 11
5 18
6 13
7 20
8 19
9 12
10 15
11 11
12 13
13 16
14 20
15 14
16 13

1 15
2 12
3 11
4 18
5 11
6 19
7 20
8 11
9 10
10 10
11 15
12 12
13 11
14 15
15 20
16 13

1 15
2 17
3 16
4 11
5 18
6 13
7 20
8 19
9 12
10 15
11 11
12 13
13 16
14 20
15 14
16 13

1 15
2 12
3 11
4 18
5 11
6 19
7 20
8 11
9 10
10 10
11 15
12 12
13 11
14 15
15 20
16 13

1 15
2 17
3 16
4 11
5 18
6 13
7 20
8 19
9 12
10 15
11 11
12 13
13 16
14 20
15 14
16 13

1 15
2 12
3 11
4 18
5 11
6 19
7 20
8 11
9 10
10 10
11 15
12 12
13 11
14 15
15 20
16 13

1 15
2 17
3 16
4 11
5 18
6 13
7 20
8 19
9 12
10 15
11 11
12 13
13 16
14 20
15 14
16 13

1 15
2 12
3 11
4 18
5 11
6 19
7 20
8 11
9 10
10 10
11 15
12 12
13 11
14 15
15 20
16 13

1 15
2 17
3 16
4 11
5 18
6 13
7 20
8 19
9 12
10 15
11 11
12 13
13 16
14 20
15 14
16 13

1 15
2 12
3 11
4 18
5 11
6 19
7 20
8 11
9 10
10 10
11 15
12 12
13 11
14 15
15 20
16 13

1 15
2 17
3 16
4 11
5 18
6 13
7 20
8 19
9 12
10 15
11 11
12 13
13 16
14 20
15 14
16 13

1 15
2 12
3 11
4 18
5 11
6 19
7 20
8 11
9 10
10 10
11 15
12 12
13 11
14 15
15 20
16 13

1 15
2 17
3 16
4 11
5 18
6 13
7 20
8 19
9 12
10 15
11 11
12 13
13 16
14 20
15 14
16 13

1 15
2 12
3 11
4 18
5 11
6 19
7 20
8 11
9 10
10 10
11 15
12 12
13 11
14 15
15 20
16 13

1 15
2 17
3 16
4 11
5 18
6 13
7 20
8 19
9 12
10 15
11 11
12 13
13 16
14 20
15 14
16 13

1 15
2 12
3 11
4 18
5 11
6 19
7 20
8 11
9 10
10 10
11 15
12 12
13 11
14 15
15 20
16 13

1 15
2 17
3 16
4 11
5 18
6 13
7 20
8 19
9 12
10 15
11 11
12 13
13 16
14 20
15 14
16 13

1 15
2 12
3 11
4 18
5 11
6 19
7 20
8 11
9 10
10 10
11 15
12 12
13 11
14 15
15 20
16 13

1 15
2 17
3 16
4 11
5 18
6 13
7 20
8 19
9 12
10 15
11 11
12 13
13 16
14 20
15 14
16 13

1 15
2 12
3 11
4 18
5 11
6 19
7 20
8 11
9 10
10 10
11 15
12 12
13 11
14 15
15 20
16 13

1 15
2 17
3 16
4 11
5 18
6 13
7 20
8 19
9 12
10 15
11 11
12 13
13 16
14 20
15 14
16 13

1 15
2 12
3 11
4 18
5 11
6 19
7 20
8 11
9 10
10 10
11 15
12 12
13 11
14 15
15 20
16 13

1 15
2 17
3 16
4 11
5 18
6 13
7 20
8 19
9 12
10 15
11 11
12 13
13 16
14 20
15 14
16 13

1 15
2 12
3 11
4 18
5 11
6 19
7 20
8 11
9 10
10 10
11 15
12 12
13 11
14 15
15 20
16 13

1 15
2 17
3 16
4 11
5 18
6 13
7 20
8 19
9 12
10 15
11 11
12 13
13 16
14 20
15 14
16 13

1 15
2 12
3 11
4 18
5 11
6 19
7 20
8 11
9 10
10 10
11 15
12 12
13 11
14 15
15 20
16 13

1 15
2 17
3 16
4 11
5 18
6 13
7 20
8 19
9 12
10 15
11 11
12 13
13 16
14 20
15 14
16 13

1 15
2 12
3 11
4 18
5 11
6 19
7 20
8 11
9 10
10 10
11 15
12 12
13 11
14 15
15 20
16 13