1 0
2 0
3 0
4 0
5 0
6 0
7 0
8 0

1 9
2 8
3 2
4 1
5 0
6 0
7 8
8 2

1 0
2 5
3 4
4 6
5 7
6 0
7 7
8 3

1 0
2 4
3 4
4 5
5 2
6 3
7 6
8 9

1 1
2 0
3 4
4 2
5 3
6 7
7 7
8 6

1 5
2 9
3 3
4 9
5 7
6 2
7 7
8 3

1 9
2 4
3 6
4 0
5 9
6 3
7 1
8 8

1 9
2 8
3 2
4 1
5 0
6 0
7 8
8 2

1 0
2 5
3 4
4 6
5 7
6 0
7 7
8 3

1 0
2 4
3 4
4 5
5 2
6 3
7 6
8 9

1 1
2 0
3 4
4 2
5 3
6 7
7 7
8 6

1 5
2 9
3 3
4 9
5 7
6 2
7 7
8 3

1 9
2 4
3 6
4 0
5 9
6 3
7 1
8 8

1 9
2 8
3 2
4 1
5 0
6 0
7 8
8 2

1 0
2 5
3 4
4 6
5 7
6 0
7 7
8 3

1 0
2 4
3 4
4 5
5 2
6 3
7 6
8 9

1 1
2 0
3 4
4 2
5 3
6 7
7 7
8 6

1 5
2 9
3 3
4 9
5 7
6 2
7 7
8 3

1 9
2 4
3 6
4 0
5 9
6 3
7 1
8 8

1 9
2 8
3 2
4 1
5 0
6 0
7 8
8 2

1 0
2 5
3 4
4 6
5 7
6 0
7 7
8 3

1 0
2 4
3 4
4 5
5 2
6 3
7 6
8 9

1 1
2 0
3 4
4 2
5 3
6 7
7 7
8 6

1 5
2 9
3 3
4 9
5 7
6 2
7 7
8 3

1 9
2 4
3 6
4 0
5 9
6 3
7 1
8 8

1 9
2 8
3 2
4 1
5 0
6 0
7 8
8 2

1 0
2 5
3 4
4 6
5 7
6 0
7 7
8 3

1 0
2 4
3 4
4 5
5 2
6 3
7 6
8 9

1 1
2 0
3 4
4 2
5 3
6 7
7 7
8 6

1 5
2 9
3 3
4 9
5 7
6 2
7 7
8 3

1 9
2 4
3 6
4 0
5 9
6 3
7 1
8 8

1 9
2 8
3 2
4 1
5 0
6 0
7 8
8 2

1 0
2 5
3 4
4 6
5 7
6 0
7 7
8 3

1 0
2 4
3 4
4 5
5 2
6 3
7 6
8 9

1 1
2 0
3 4
4 2
5 3
6 7
7 7
8 6

1 5
2 9
3 3
4 9
5 7
6 2
7 7
8 3

1 9
2 4
3 6
4 0
5 9
6 3
7 1
8 8

1 9
2 8
3 2
4 1
5 0
6 0
7 8
8 2

1 0
2 5
3 4
4 6
5 7
6 0
7 7
8 3

1 0
2 4
3 4
4 5
5 2
6 3
7 6
8 9

1 1
2 0
3 4
4 2
5 3
6 7
7 7
8 6

1 5
2 9
3 3
4 9
5 7
6 2
7 7
8 3

1 9
2 4
3 6
4 0
5 9
6 3
7 1
8 8

1 9
2 8
3 2
4 1
5 0
6 0
7 8
8 2

1 0
2 5
3 4
4 6
5 7
6 0
7 7
8 3

1 0
2 4
3 4
4 5
5 2
6 3
7 6
8 9

1 1
2 0
3 4
4 2
5 3
6 7
7 7
8 6

1 5
2 9
3 3
4 9
5 7
6 2
7 7
8 3

1 9
2 4
3 6
4 0
5 9
6 3
7 1
8 8

1 9
2 8
3 2
4 1
5 0
6 0
7 8
8 2

1 0
2 5
3 4
4 6
5 7
6 0
7 7
8 3

1 0
2 4
3 4
4 5
5 2
6 3
7 6
8 9

1 1
2 0
3 4
4 2
5 3
6 7
7 7
8 6

1 5
2 9
3 3
4 9
5 7
6 2
7 7
8 3

1 9
2 4
3 6
4 0
5 9
6 3
7 1
8 8

1 9
2 8
3 2
4 1
5 0
6 0
7 8
8 2

1 0
2 5
3 4
4 6
5 7
6 0
7 7
8 3

1 0
2 4
3 4
4 5
5 2
6 3
7 6
8 9

1 1
2 0
3 4
4 2
5 3
6 7
7 7
8 6

1 5
2 9
3 3
4 9
5 7
6 2
7 7
8 3

1 9
2 4
3 6
4 0
5 9
6 3
7 1
8 8

1 9
2 8
3 2
4 1
5 0
6 0
7 8
8 2

1 0
2 5
3 4
4 6
5 7
6 0
7 7
8 3

1 0
2 4
3 4
4 5
5 2
6 3
7 6
8 9

1 1
2 0
3 4
4 2
5 3
6 7
7 7
8 6

1 5
2 9
3 3
4 9
5 7
6 2
7 7
8 3

1 9
2 4
3 6
4 0
5 9
6 3
7 1
8 8

1 9
2 8
3 2
4 1
5 0
6 0
7 8
8 2

1 0
2 5
3 4
4 6
5 7
6 0
7 7
8 3

1 0
2 4
3 4
4 5
5 2
6 3
7 6
8 9

1 1
2 0
3 4
4 2
5 3
6 7
7 7
8 6

1 5
2 9
3 3
4 9
5 7
6 2
7 7
8 3

1 9
2 4
3 6
4 0
5 9
6 3
7 1
8 8

1 9
2 8
3 2
4 1
5 0
6 0
7 8
8 2

1 0
2 5
3 4
4 6
5 7
6 0
7 7
8 3

1 0
2 4
3 4
4 5
5 2
6 3
7 6
8 9

1 1
2 0
3 4
4 2
5 3
6 7
7 7
8 6

1 5
2 9
3 3
4 9
5 7
6 2
7 7
8 3

1 9
2 4
3 6
4 0
5 9
6 3
7 1
8 8

1 9
2 8
3 2
4 1
5 0
6 0
7 8
8 2

1 0
2 5
3 4
4 6
5 7
6 0
7 7
8 3

1 0
2 4
3 4
4 5
5 2
6 3
7 6
8 9

1 1
2 0
3 4
4 2
5 3
6 7
7 7
8 6

1 5
2 9
3 3
4 9
5 7
6 2
7 7
8 3

1 9
2 4
3 6
4 0
5 9
6 3
7 1
8 8

1 9
2 8
3 2
4 1
5 0
6 0
7 8
8 2

1 0
2 5
3 4
4 6
5 7
6 0
7 7
8 3

1 0
2 4
3 4
4 5
5 2
6 3
7 6
8 9

1 1
2 0
3 4
4 2
5 3
6 7
7 7
8 6

1 5
2 9
3 3
4 9
5 7
6 2
7 7
8 3

1 9
2 4
3 6
4 0
5 9
6 3
7 1
8 8

1 9
2 8
3 2
4 1
5 0
6 0
7 8
8 2

1 0
2 5
3 4
4 6
5 7
6 0
7 7
8 3

1 0
2 4
3 4
4 5
5 2
6 3
7 6
8 9

1 1
2 0
3 4
4 2
5 3
6 7
7 7
8 6

1 5
2 9
3 3
4 9
5 7
6 2
7 7
8 3

1 9
2 4
3 6
4 0
5 9
6 3
7 1
8 8

1 9
2 8
3 2
4 1
5 0
6 0
7 8
8 2

1 0
2 5
3 4
4 6
5 7
6 0
7 7
8 3

1 0
2 4
3 4
4 5
5 2
6 3
7 6
8 9

1 1
2 0
3 4
4 2
5 3
6 7
7 7
8 6

1 5
2 9
3 3
4 9
5 7
6 2
7 7
8 3

1 9
2 4
3 6
4 0
5 9
6 3
7 1
8 8

1 9
2 8
3 2
4 1
5 0
6 0
7 8
8 2

1 0
2 5
3 4
4 6
5 7
6 0
7 7
8 3

1 0
2 4
3 4
4 5
5 2
6 3
7 6
8 9

1 1
2 0
3 4
4 2
5 3
6 7
7 7
8 6

1 5
2 9
3 3
4 9
5 7
6 2
7 7
8 3

1 9
2 4
3 6
4 0
5 9
6 3
7 1
8 8

1 9
2 8
3 2
4 1
5 0
6 0
7 8
8 2

1 0
2 5
3 4
4 6
5 7
6 0
7 7
8 3

1 0
2 4
3 4
4 5
5 2
6 3
7 6
8 9

1 1
2 0
3 4
4 2
5 3
6 7
7 7
8 6

1 5
2 9
3 3
4 9
5 7
6 2
7 7
8 3

1 9
2 4
3 6
4 0
5 9
6 3
7 1
8 8

1 9
2 8
3 2
4 1
5 0
6 0
7 8
8 2

1 0
2 5
3 4
4 6
5 7
6 0
7 7
8 3

1 0
2 4
3 4
4 5
5 2
6 3
7 6
8 9

1 1
2 0
3 4
4 2
5 3
6 7
7 7
8 6

1 5
2 9
3 3
4 9
5 7
6 2
7 7
8 3

1 9
2 4
3 6
4 0
5 9
6 3
7 1
8 8