1 0
2 0
3 0
4 0

1 6
2 7
3 6
4 5

1 7
2 2
3 8
4 6

1 4
2 8
3 5
4 1

1 6
2 1
3 5
4 1

1 7
2 6
3 8
4 7

1 1
2 8
3 0
4 8

1 6
2 7
3 6
4 5

1 7
2 2
3 8
4 6

1 4
2 8
3 5
4 1

1 6
2 1
3 5
4 1

1 7
2 6
3 8
4 7

1 1
2 8
3 0
4 8

1 6
2 7
3 6
4 5

1 7
2 2
3 8
4 6

1 4
2 8
3 5
4 1

1 6
2 1
3 5
4 1

1 7
2 6
3 8
4 7

1 1
2 8
3 0
4 8

1 6
2 7
3 6
4 5

1 7
2 2
3 8
4 6

1 4
2 8
3 5
4 1

1 6
2 1
3 5
4 1

1 7
2 6
3 8
4 7

1 1
2 8
3 0
4 8

1 6
2 7
3 6
4 5

1 7
2 2
3 8
4 6

1 4
2 8
3 5
4 1

1 6
2 1
3 5
4 1

1 7
2 6
3 8
4 7

1 1
2 8
3 0
4 8

1 6
2 7
3 6
4 5

1 7
2 2
3 8
4 6

1 4
2 8
3 5
4 1

1 6
2 1
3 5
4 1

1 7
2 6
3 8
4 7

1 1
2 8
3 0
4 8

1 6
2 7
3 6
4 5

1 7
2 2
3 8
4 6

1 4
2 8
3 5
4 1

1 6
2 1
3 5
4 1

1 7
2 6
3 8
4 7

1 1
2 8
3 0
4 8

1 6
2 7
3 6
4 5

1 7
2 2
3 8
4 6

1 4
2 8
3 5
4 1

1 6
2 1
3 5
4 1

1 7
2 6
3 8
4 7

1 1
2 8
3 0
4 8

1 6
2 7
3 6
4 5

1 7
2 2
3 8
4 6

1 4
2 8
3 5
4 1

1 6
2 1
3 5
4 1

1 7
2 6
3 8
4 7

1 1
2 8
3 0
4 8

1 6
2 7
3 6
4 5

1 7
2 2
3 8
4 6

1 4
2 8
3 5
4 1

1 6
2 1
3 5
4 1

1 7
2 6
3 8
4 7

1 1
2 8
3 0
4 8