1 0
2 0
3 0
4 0
5 0
6 0
7 0
8 0
9 0
10 0
11 0
12 0
13 0
14 0
15 0
16 0

1 2
2 3
3 7
4 9
5 4
6 6
7 8
8 7
9 9
10 2
11 8
12 5
13 0
14 3
15 9
16 3

1 0
2 9
3 2
4 3
5 4
6 9
7 3
8 8
9 5
10 5
11 9
12 1
13 8
14 1
15 8
16 0

1 8
2 6
3 0
4 3
5 0
6 0
7 8
8 3
9 9
10 4
11 5
12 6
13 8
14 4
15 4
16 7

1 5
2 8
3 3
4 6
5 5
6 2
7 9
8 3
9 2
10 6
11 0
12 1
13 5
14 4
15 6
16 1

1 2
2 3
3 7
4 9
5 4
6 6
7 8
8 7
9 9
10 2
11 8
12 5
13 0
14 3
15 9
16 3

1 0
2 9
3 2
4 3
5 4
6 9
7 3
8 8
9 5
10 5
11 9
12 1
13 8
14 1
15 8
16 0

1 8
2 6
3 0
4 3
5 0
6 0
7 8
8 3
9 9
10 4
11 5
12 6
13 8
14 4
15 4
16 7

1 5
2 8
3 3
4 6
5 5
6 2
7 9
8 3
9 2
10 6
11 0
12 1
13 5
14 4
15 6
16 1

1 2
2 3
3 7
4 9
5 4
6 6
7 8
8 7
9 9
10 2
11 8
12 5
13 0
14 3
15 9
16 3

1 0
2 9
3 2
4 3
5 4
6 9
7 3
8 8
9 5
10 5
11 9
12 1
13 8
14 1
15 8
16 0

1 8
2 6
3 0
4 3
5 0
6 0
7 8
8 3
9 9
10 4
11 5
12 6
13 8
14 4
15 4
16 7

1 5
2 8
3 3
4 6
5 5
6 2
7 9
8 3
9 2
10 6
11 0
12 1
13 5
14 4
15 6
16 1

1 2
2 3
3 7
4 9
5 4
6 6
7 8
8 7
9 9
10 2
11 8
12 5
13 0
14 3
15 9
16 3

1 0
2 9
3 2
4 3
5 4
6 9
7 3
8 8
9 5
10 5
11 9
12 1
13 8
14 1
15 8
16 0

1 8
2 6
3 0
4 3
5 0
6 0
7 8
8 3
9 9
10 4
11 5
12 6
13 8
14 4
15 4
16 7

1 5
2 8
3 3
4 6
5 5
6 2
7 9
8 3
9 2
10 6
11 0
12 1
13 5
14 4
15 6
16 1

1 2
2 3
3 7
4 9
5 4
6 6
7 8
8 7
9 9
10 2
11 8
12 5
13 0
14 3
15 9
16 3

1 0
2 9
3 2
4 3
5 4
6 9
7 3
8 8
9 5
10 5
11 9
12 1
13 8
14 1
15 8
16 0

1 8
2 6
3 0
4 3
5 0
6 0
7 8
8 3
9 9
10 4
11 5
12 6
13 8
14 4
15 4
16 7

1 5
2 8
3 3
4 6
5 5
6 2
7 9
8 3
9 2
10 6
11 0
12 1
13 5
14 4
15 6
16 1

1 2
2 3
3 7
4 9
5 4
6 6
7 8
8 7
9 9
10 2
11 8
12 5
13 0
14 3
15 9
16 3

1 0
2 9
3 2
4 3
5 4
6 9
7 3
8 8
9 5
10 5
11 9
12 1
13 8
14 1
15 8
16 0

1 8
2 6
3 0
4 3
5 0
6 0
7 8
8 3
9 9
10 4
11 5
12 6
13 8
14 4
15 4
16 7

1 5
2 8
3 3
4 6
5 5
6 2
7 9
8 3
9 2
10 6
11 0
12 1
13 5
14 4
15 6
16 1

1 2
2 3
3 7
4 9
5 4
6 6
7 8
8 7
9 9
10 2
11 8
12 5
13 0
14 3
15 9
16 3

1 0
2 9
3 2
4 3
5 4
6 9
7 3
8 8
9 5
10 5
11 9
12 1
13 8
14 1
15 8
16 0

1 8
2 6
3 0
4 3
5 0
6 0
7 8
8 3
9 9
10 4
11 5
12 6
13 8
14 4
15 4
16 7

1 5
2 8
3 3
4 6
5 5
6 2
7 9
8 3
9 2
10 6
11 0
12 1
13 5
14 4
15 6
16 1

1 2
2 3
3 7
4 9
5 4
6 6
7 8
8 7
9 9
10 2
11 8
12 5
13 0
14 3
15 9
16 3

1 0
2 9
3 2
4 3
5 4
6 9
7 3
8 8
9 5
10 5
11 9
12 1
13 8
14 1
15 8
16 0

1 8
2 6
3 0
4 3
5 0
6 0
7 8
8 3
9 9
10 4
11 5
12 6
13 8
14 4
15 4
16 7

1 5
2 8
3 3
4 6
5 5
6 2
7 9
8 3
9 2
10 6
11 0
12 1
13 5
14 4
15 6
16 1

1 2
2 3
3 7
4 9
5 4
6 6
7 8
8 7
9 9
10 2
11 8
12 5
13 0
14 3
15 9
16 3

1 0
2 9
3 2
4 3
5 4
6 9
7 3
8 8
9 5
10 5
11 9
12 1
13 8
14 1
15 8
16 0

1 8
2 6
3 0
4 3
5 0
6 0
7 8
8 3
9 9
10 4
11 5
12 6
13 8
14 4
15 4
16 7

1 5
2 8
3 3
4 6
5 5
6 2
7 9
8 3
9 2
10 6
11 0
12 1
13 5
14 4
15 6
16 1

1 2
2 3
3 7
4 9
5 4
6 6
7 8
8 7
9 9
10 2
11 8
12 5
13 0
14 3
15 9
16 3

1 0
2 9
3 2
4 3
5 4
6 9
7 3
8 8
9 5
10 5
11 9
12 1
13 8
14 1
15 8
16 0

1 8
2 6
3 0
4 3
5 0
6 0
7 8
8 3
9 9
10 4
11 5
12 6
13 8
14 4
15 4
16 7

1 5
2 8
3 3
4 6
5 5
6 2
7 9
8 3
9 2
10 6
11 0
12 1
13 5
14 4
15 6
16 1