1 0
2 0
3 0
4 0

1 1
2 9
3 6
4 3

1 5
2 3
3 1
4 3

1 1
2 9
3 6
4 3

1 5
2 3
3 1
4 3

1 1
2 9
3 6
4 3

1 5
2 3
3 1
4 3

1 1
2 9
3 6
4 3

1 5
2 3
3 1
4 3

1 1
2 9
3 6
4 3

1 5
2 3
3 1
4 3

1 1
2 9
3 6
4 3

1 5
2 3
3 1
4 3

1 1
2 9
3 6
4 3

1 5
2 3
3 1
4 3

1 1
2 9
3 6
4 3

1 5
2 3
3 1
4 3

1 1
2 9
3 6
4 3

1 5
2 3
3 1
4 3

1 1
2 9
3 6
4 3

1 5
2 3
3 1
4 3

1 1
2 9
3 6
4 3

1 5
2 3
3 1
4 3

1 1
2 9
3 6
4 3

1 5
2 3
3 1
4 3

1 1
2 9
3 6
4 3

1 5
2 3
3 1
4 3

1 1
2 9
3 6
4 3

1 5
2 3
3 1
4 3

1 1
2 9
3 6
4 3

1 5
2 3
3 1
4 3