1 0
2 0
3 0
4 0
5 0
6 0
7 0
8 0
9 0
10 0
11 0
12 0
13 0
14 0
15 0
16 0

1 17
2 15
3 20
4 10
5 12
6 19
7 14
8 11
9 15
10 14
11 18
12 10
13 17
14 11
15 12
16 14

1 14
2 10
3 15
4 19
5 19
6 18
7 11
8 14
9 19
10 13
11 16
12 13
13 18
14 16
15 18
16 16

1 14
2 18
3 10
4 15
5 18
6 20
7 19
8 11
9 20
10 12
11 17
12 15
13 17
14 16
15 14
16 13

1 10
2 11
3 12
4 10
5 19
6 13
7 11
8 18
9 13
10 10
11 20
12 15
13 13
14 10
15 15
16 11

1 17
2 15
3 20
4 10
5 12
6 19
7 14
8 11
9 15
10 14
11 18
12 10
13 17
14 11
15 12
16 14

1 14
2 10
3 15
4 19
5 19
6 18
7 11
8 14
9 19
10 13
11 16
12 13
13 18
14 16
15 18
16 16

1 14
2 18
3 10
4 15
5 18
6 20
7 19
8 11
9 20
10 12
11 17
12 15
13 17
14 16
15 14
16 13

1 10
2 11
3 12
4 10
5 19
6 13
7 11
8 18
9 13
10 10
11 20
12 15
13 13
14 10
15 15
16 11

1 17
2 15
3 20
4 10
5 12
6 19
7 14
8 11
9 15
10 14
11 18
12 10
13 17
14 11
15 12
16 14

1 14
2 10
3 15
4 19
5 19
6 18
7 11
8 14
9 19
10 13
11 16
12 13
13 18
14 16
15 18
16 16

1 14
2 18
3 10
4 15
5 18
6 20
7 19
8 11
9 20
10 12
11 17
12 15
13 17
14 16
15 14
16 13

1 10
2 11
3 12
4 10
5 19
6 13
7 11
8 18
9 13
10 10
11 20
12 15
13 13
14 10
15 15
16 11

1 17
2 15
3 20
4 10
5 12
6 19
7 14
8 11
9 15
10 14
11 18
12 10
13 17
14 11
15 12
16 14

1 14
2 10
3 15
4 19
5 19
6 18
7 11
8 14
9 19
10 13
11 16
12 13
13 18
14 16
15 18
16 16

1 14
2 18
3 10
4 15
5 18
6 20
7 19
8 11
9 20
10 12
11 17
12 15
13 17
14 16
15 14
16 13

1 10
2 11
3 12
4 10
5 19
6 13
7 11
8 18
9 13
10 10
11 20
12 15
13 13
14 10
15 15
16 11

1 17
2 15
3 20
4 10
5 12
6 19
7 14
8 11
9 15
10 14
11 18
12 10
13 17
14 11
15 12
16 14

1 14
2 10
3 15
4 19
5 19
6 18
7 11
8 14
9 19
10 13
11 16
12 13
13 18
14 16
15 18
16 16

1 14
2 18
3 10
4 15
5 18
6 20
7 19
8 11
9 20
10 12
11 17
12 15
13 17
14 16
15 14
16 13

1 10
2 11
3 12
4 10
5 19
6 13
7 11
8 18
9 13
10 10
11 20
12 15
13 13
14 10
15 15
16 11

1 17
2 15
3 20
4 10
5 12
6 19
7 14
8 11
9 15
10 14
11 18
12 10
13 17
14 11
15 12
16 14

1 14
2 10
3 15
4 19
5 19
6 18
7 11
8 14
9 19
10 13
11 16
12 13
13 18
14 16
15 18
16 16

1 14
2 18
3 10
4 15
5 18
6 20
7 19
8 11
9 20
10 12
11 17
12 15
13 17
14 16
15 14
16 13

1 10
2 11
3 12
4 10
5 19
6 13
7 11
8 18
9 13
10 10
11 20
12 15
13 13
14 10
15 15
16 11

1 17
2 15
3 20
4 10
5 12
6 19
7 14
8 11
9 15
10 14
11 18
12 10
13 17
14 11
15 12
16 14

1 14
2 10
3 15
4 19
5 19
6 18
7 11
8 14
9 19
10 13
11 16
12 13
13 18
14 16
15 18
16 16

1 14
2 18
3 10
4 15
5 18
6 20
7 19
8 11
9 20
10 12
11 17
12 15
13 17
14 16
15 14
16 13

1 10
2 11
3 12
4 10
5 19
6 13
7 11
8 18
9 13
10 10
11 20
12 15
13 13
14 10
15 15
16 11

1 17
2 15
3 20
4 10
5 12
6 19
7 14
8 11
9 15
10 14
11 18
12 10
13 17
14 11
15 12
16 14

1 14
2 10
3 15
4 19
5 19
6 18
7 11
8 14
9 19
10 13
11 16
12 13
13 18
14 16
15 18
16 16

1 14
2 18
3 10
4 15
5 18
6 20
7 19
8 11
9 20
10 12
11 17
12 15
13 17
14 16
15 14
16 13

1 10
2 11
3 12
4 10
5 19
6 13
7 11
8 18
9 13
10 10
11 20
12 15
13 13
14 10
15 15
16 11

1 17
2 15
3 20
4 10
5 12
6 19
7 14
8 11
9 15
10 14
11 18
12 10
13 17
14 11
15 12
16 14

1 14
2 10
3 15
4 19
5 19
6 18
7 11
8 14
9 19
10 13
11 16
12 13
13 18
14 16
15 18
16 16

1 14
2 18
3 10
4 15
5 18
6 20
7 19
8 11
9 20
10 12
11 17
12 15
13 17
14 16
15 14
16 13

1 10
2 11
3 12
4 10
5 19
6 13
7 11
8 18
9 13
10 10
11 20
12 15
13 13
14 10
15 15
16 11

1 17
2 15
3 20
4 10
5 12
6 19
7 14
8 11
9 15
10 14
11 18
12 10
13 17
14 11
15 12
16 14

1 14
2 10
3 15
4 19
5 19
6 18
7 11
8 14
9 19
10 13
11 16
12 13
13 18
14 16
15 18
16 16

1 14
2 18
3 10
4 15
5 18
6 20
7 19
8 11
9 20
10 12
11 17
12 15
13 17
14 16
15 14
16 13

1 10
2 11
3 12
4 10
5 19
6 13
7 11
8 18
9 13
10 10
11 20
12 15
13 13
14 10
15 15
16 11