1 0
2 0
3 0
4 0
5 0
6 0
7 0
8 0
9 0
10 0
11 0
12 0
13 0
14 0
15 0
16 0

1 18
2 15
3 17
4 14
5 13
6 20
7 11
8 10
9 19
10 10
11 16
12 17
13 12
14 12
15 17
16 20

1 15
2 10
3 13
4 10
5 10
6 17
7 14
8 18
9 11
10 16
11 20
12 18
13 20
14 10
15 13
16 15

1 18
2 15
3 17
4 14
5 13
6 20
7 11
8 10
9 19
10 10
11 16
12 17
13 12
14 12
15 17
16 20

1 15
2 10
3 13
4 10
5 10
6 17
7 14
8 18
9 11
10 16
11 20
12 18
13 20
14 10
15 13
16 15

1 18
2 15
3 17
4 14
5 13
6 20
7 11
8 10
9 19
10 10
11 16
12 17
13 12
14 12
15 17
16 20

1 15
2 10
3 13
4 10
5 10
6 17
7 14
8 18
9 11
10 16
11 20
12 18
13 20
14 10
15 13
16 15

1 18
2 15
3 17
4 14
5 13
6 20
7 11
8 10
9 19
10 10
11 16
12 17
13 12
14 12
15 17
16 20

1 15
2 10
3 13
4 10
5 10
6 17
7 14
8 18
9 11
10 16
11 20
12 18
13 20
14 10
15 13
16 15

1 18
2 15
3 17
4 14
5 13
6 20
7 11
8 10
9 19
10 10
11 16
12 17
13 12
14 12
15 17
16 20

1 15
2 10
3 13
4 10
5 10
6 17
7 14
8 18
9 11
10 16
11 20
12 18
13 20
14 10
15 13
16 15

1 18
2 15
3 17
4 14
5 13
6 20
7 11
8 10
9 19
10 10
11 16
12 17
13 12
14 12
15 17
16 20

1 15
2 10
3 13
4 10
5 10
6 17
7 14
8 18
9 11
10 16
11 20
12 18
13 20
14 10
15 13
16 15

1 18
2 15
3 17
4 14
5 13
6 20
7 11
8 10
9 19
10 10
11 16
12 17
13 12
14 12
15 17
16 20

1 15
2 10
3 13
4 10
5 10
6 17
7 14
8 18
9 11
10 16
11 20
12 18
13 20
14 10
15 13
16 15

1 18
2 15
3 17
4 14
5 13
6 20
7 11
8 10
9 19
10 10
11 16
12 17
13 12
14 12
15 17
16 20

1 15
2 10
3 13
4 10
5 10
6 17
7 14
8 18
9 11
10 16
11 20
12 18
13 20
14 10
15 13
16 15

1 18
2 15
3 17
4 14
5 13
6 20
7 11
8 10
9 19
10 10
11 16
12 17
13 12
14 12
15 17
16 20

1 15
2 10
3 13
4 10
5 10
6 17
7 14
8 18
9 11
10 16
11 20
12 18
13 20
14 10
15 13
16 15

1 18
2 15
3 17
4 14
5 13
6 20
7 11
8 10
9 19
10 10
11 16
12 17
13 12
14 12
15 17
16 20

1 15
2 10
3 13
4 10
5 10
6 17
7 14
8 18
9 11
10 16
11 20
12 18
13 20
14 10
15 13
16 15

1 18
2 15
3 17
4 14
5 13
6 20
7 11
8 10
9 19
10 10
11 16
12 17
13 12
14 12
15 17
16 20

1 15
2 10
3 13
4 10
5 10
6 17
7 14
8 18
9 11
10 16
11 20
12 18
13 20
14 10
15 13
16 15

1 18
2 15
3 17
4 14
5 13
6 20
7 11
8 10
9 19
10 10
11 16
12 17
13 12
14 12
15 17
16 20

1 15
2 10
3 13
4 10
5 10
6 17
7 14
8 18
9 11
10 16
11 20
12 18
13 20
14 10
15 13
16 15

1 18
2 15
3 17
4 14
5 13
6 20
7 11
8 10
9 19
10 10
11 16
12 17
13 12
14 12
15 17
16 20

1 15
2 10
3 13
4 10
5 10
6 17
7 14
8 18
9 11
10 16
11 20
12 18
13 20
14 10
15 13
16 15

1 18
2 15
3 17
4 14
5 13
6 20
7 11
8 10
9 19
10 10
11 16
12 17
13 12
14 12
15 17
16 20

1 15
2 10
3 13
4 10
5 10
6 17
7 14
8 18
9 11
10 16
11 20
12 18
13 20
14 10
15 13
16 15

1 18
2 15
3 17
4 14
5 13
6 20
7 11
8 10
9 19
10 10
11 16
12 17
13 12
14 12
15 17
16 20

1 15
2 10
3 13
4 10
5 10
6 17
7 14
8 18
9 11
10 16
11 20
12 18
13 20
14 10
15 13
16 15