1 0
2 0
3 0
4 0
5 0
6 0
7 0
8 0
9 0
10 0
11 0
12 0
13 0
14 0
15 0
16 0

1 15
2 12
3 10
4 19
5 10
6 12
7 12
8 10
9 19
10 17
11 13
12 14
13 19
14 10
15 19
16 14

1 13
2 13
3 14
4 12
5 18
6 13
7 14
8 20
9 19
10 15
11 19
12 11
13 15
14 18
15 18
16 17

1 19
2 17
3 14
4 10
5 14
6 19
7 13
8 10
9 17
10 17
11 16
12 13
13 17
14 10
15 18
16 11

1 12
2 10
3 18
4 16
5 13
6 11
7 19
8 13
9 12
10 12
11 15
12 12
13 10
14 20
15 11
16 20

1 13
2 17
3 11
4 10
5 19
6 13
7 15
8 13
9 14
10 12
11 13
12 20
13 15
14 12
15 15
16 11

1 12
2 17
3 11
4 19
5 18
6 13
7 16
8 10
9 10
10 16
11 19
12 13
13 20
14 19
15 10
16 20

1 15
2 12
3 10
4 19
5 10
6 12
7 12
8 10
9 19
10 17
11 13
12 14
13 19
14 10
15 19
16 14

1 13
2 13
3 14
4 12
5 18
6 13
7 14
8 20
9 19
10 15
11 19
12 11
13 15
14 18
15 18
16 17

1 19
2 17
3 14
4 10
5 14
6 19
7 13
8 10
9 17
10 17
11 16
12 13
13 17
14 10
15 18
16 11

1 12
2 10
3 18
4 16
5 13
6 11
7 19
8 13
9 12
10 12
11 15
12 12
13 10
14 20
15 11
16 20

1 13
2 17
3 11
4 10
5 19
6 13
7 15
8 13
9 14
10 12
11 13
12 20
13 15
14 12
15 15
16 11

1 12
2 17
3 11
4 19
5 18
6 13
7 16
8 10
9 10
10 16
11 19
12 13
13 20
14 19
15 10
16 20

1 15
2 12
3 10
4 19
5 10
6 12
7 12
8 10
9 19
10 17
11 13
12 14
13 19
14 10
15 19
16 14

1 13
2 13
3 14
4 12
5 18
6 13
7 14
8 20
9 19
10 15
11 19
12 11
13 15
14 18
15 18
16 17

1 19
2 17
3 14
4 10
5 14
6 19
7 13
8 10
9 17
10 17
11 16
12 13
13 17
14 10
15 18
16 11

1 12
2 10
3 18
4 16
5 13
6 11
7 19
8 13
9 12
10 12
11 15
12 12
13 10
14 20
15 11
16 20

1 13
2 17
3 11
4 10
5 19
6 13
7 15
8 13
9 14
10 12
11 13
12 20
13 15
14 12
15 15
16 11

1 12
2 17
3 11
4 19
5 18
6 13
7 16
8 10
9 10
10 16
11 19
12 13
13 20
14 19
15 10
16 20

1 15
2 12
3 10
4 19
5 10
6 12
7 12
8 10
9 19
10 17
11 13
12 14
13 19
14 10
15 19
16 14

1 13
2 13
3 14
4 12
5 18
6 13
7 14
8 20
9 19
10 15
11 19
12 11
13 15
14 18
15 18
16 17

1 19
2 17
3 14
4 10
5 14
6 19
7 13
8 10
9 17
10 17
11 16
12 13
13 17
14 10
15 18
16 11

1 12
2 10
3 18
4 16
5 13
6 11
7 19
8 13
9 12
10 12
11 15
12 12
13 10
14 20
15 11
16 20

1 13
2 17
3 11
4 10
5 19
6 13
7 15
8 13
9 14
10 12
11 13
12 20
13 15
14 12
15 15
16 11

1 12
2 17
3 11
4 19
5 18
6 13
7 16
8 10
9 10
10 16
11 19
12 13
13 20
14 19
15 10
16 20

1 15
2 12
3 10
4 19
5 10
6 12
7 12
8 10
9 19
10 17
11 13
12 14
13 19
14 10
15 19
16 14

1 13
2 13
3 14
4 12
5 18
6 13
7 14
8 20
9 19
10 15
11 19
12 11
13 15
14 18
15 18
16 17

1 19
2 17
3 14
4 10
5 14
6 19
7 13
8 10
9 17
10 17
11 16
12 13
13 17
14 10
15 18
16 11

1 12
2 10
3 18
4 16
5 13
6 11
7 19
8 13
9 12
10 12
11 15
12 12
13 10
14 20
15 11
16 20

1 13
2 17
3 11
4 10
5 19
6 13
7 15
8 13
9 14
10 12
11 13
12 20
13 15
14 12
15 15
16 11

1 12
2 17
3 11
4 19
5 18
6 13
7 16
8 10
9 10
10 16
11 19
12 13
13 20
14 19
15 10
16 20

1 15
2 12
3 10
4 19
5 10
6 12
7 12
8 10
9 19
10 17
11 13
12 14
13 19
14 10
15 19
16 14

1 13
2 13
3 14
4 12
5 18
6 13
7 14
8 20
9 19
10 15
11 19
12 11
13 15
14 18
15 18
16 17

1 19
2 17
3 14
4 10
5 14
6 19
7 13
8 10
9 17
10 17
11 16
12 13
13 17
14 10
15 18
16 11

1 12
2 10
3 18
4 16
5 13
6 11
7 19
8 13
9 12
10 12
11 15
12 12
13 10
14 20
15 11
16 20

1 13
2 17
3 11
4 10
5 19
6 13
7 15
8 13
9 14
10 12
11 13
12 20
13 15
14 12
15 15
16 11

1 12
2 17
3 11
4 19
5 18
6 13
7 16
8 10
9 10
10 16
11 19
12 13
13 20
14 19
15 10
16 20

1 15
2 12
3 10
4 19
5 10
6 12
7 12
8 10
9 19
10 17
11 13
12 14
13 19
14 10
15 19
16 14

1 13
2 13
3 14
4 12
5 18
6 13
7 14
8 20
9 19
10 15
11 19
12 11
13 15
14 18
15 18
16 17

1 19
2 17
3 14
4 10
5 14
6 19
7 13
8 10
9 17
10 17
11 16
12 13
13 17
14 10
15 18
16 11

1 12
2 10
3 18
4 16
5 13
6 11
7 19
8 13
9 12
10 12
11 15
12 12
13 10
14 20
15 11
16 20

1 13
2 17
3 11
4 10
5 19
6 13
7 15
8 13
9 14
10 12
11 13
12 20
13 15
14 12
15 15
16 11

1 12
2 17
3 11
4 19
5 18
6 13
7 16
8 10
9 10
10 16
11 19
12 13
13 20
14 19
15 10
16 20

1 15
2 12
3 10
4 19
5 10
6 12
7 12
8 10
9 19
10 17
11 13
12 14
13 19
14 10
15 19
16 14

1 13
2 13
3 14
4 12
5 18
6 13
7 14
8 20
9 19
10 15
11 19
12 11
13 15
14 18
15 18
16 17

1 19
2 17
3 14
4 10
5 14
6 19
7 13
8 10
9 17
10 17
11 16
12 13
13 17
14 10
15 18
16 11

1 12
2 10
3 18
4 16
5 13
6 11
7 19
8 13
9 12
10 12
11 15
12 12
13 10
14 20
15 11
16 20

1 13
2 17
3 11
4 10
5 19
6 13
7 15
8 13
9 14
10 12
11 13
12 20
13 15
14 12
15 15
16 11

1 12
2 17
3 11
4 19
5 18
6 13
7 16
8 10
9 10
10 16
11 19
12 13
13 20
14 19
15 10
16 20

1 15
2 12
3 10
4 19
5 10
6 12
7 12
8 10
9 19
10 17
11 13
12 14
13 19
14 10
15 19
16 14

1 13
2 13
3 14
4 12
5 18
6 13
7 14
8 20
9 19
10 15
11 19
12 11
13 15
14 18
15 18
16 17

1 19
2 17
3 14
4 10
5 14
6 19
7 13
8 10
9 17
10 17
11 16
12 13
13 17
14 10
15 18
16 11

1 12
2 10
3 18
4 16
5 13
6 11
7 19
8 13
9 12
10 12
11 15
12 12
13 10
14 20
15 11
16 20

1 13
2 17
3 11
4 10
5 19
6 13
7 15
8 13
9 14
10 12
11 13
12 20
13 15
14 12
15 15
16 11

1 12
2 17
3 11
4 19
5 18
6 13
7 16
8 10
9 10
10 16
11 19
12 13
13 20
14 19
15 10
16 20

1 15
2 12
3 10
4 19
5 10
6 12
7 12
8 10
9 19
10 17
11 13
12 14
13 19
14 10
15 19
16 14

1 13
2 13
3 14
4 12
5 18
6 13
7 14
8 20
9 19
10 15
11 19
12 11
13 15
14 18
15 18
16 17

1 19
2 17
3 14
4 10
5 14
6 19
7 13
8 10
9 17
10 17
11 16
12 13
13 17
14 10
15 18
16 11

1 12
2 10
3 18
4 16
5 13
6 11
7 19
8 13
9 12
10 12
11 15
12 12
13 10
14 20
15 11
16 20

1 13
2 17
3 11
4 10
5 19
6 13
7 15
8 13
9 14
10 12
11 13
12 20
13 15
14 12
15 15
16 11

1 12
2 17
3 11
4 19
5 18
6 13
7 16
8 10
9 10
10 16
11 19
12 13
13 20
14 19
15 10
16 20

1 15
2 12
3 10
4 19
5 10
6 12
7 12
8 10
9 19
10 17
11 13
12 14
13 19
14 10
15 19
16 14

1 13
2 13
3 14
4 12
5 18
6 13
7 14
8 20
9 19
10 15
11 19
12 11
13 15
14 18
15 18
16 17

1 19
2 17
3 14
4 10
5 14
6 19
7 13
8 10
9 17
10 17
11 16
12 13
13 17
14 10
15 18
16 11

1 12
2 10
3 18
4 16
5 13
6 11
7 19
8 13
9 12
10 12
11 15
12 12
13 10
14 20
15 11
16 20

1 13
2 17
3 11
4 10
5 19
6 13
7 15
8 13
9 14
10 12
11 13
12 20
13 15
14 12
15 15
16 11

1 12
2 17
3 11
4 19
5 18
6 13
7 16
8 10
9 10
10 16
11 19
12 13
13 20
14 19
15 10
16 20

1 15
2 12
3 10
4 19
5 10
6 12
7 12
8 10
9 19
10 17
11 13
12 14
13 19
14 10
15 19
16 14

1 13
2 13
3 14
4 12
5 18
6 13
7 14
8 20
9 19
10 15
11 19
12 11
13 15
14 18
15 18
16 17

1 19
2 17
3 14
4 10
5 14
6 19
7 13
8 10
9 17
10 17
11 16
12 13
13 17
14 10
15 18
16 11

1 12
2 10
3 18
4 16
5 13
6 11
7 19
8 13
9 12
10 12
11 15
12 12
13 10
14 20
15 11
16 20

1 13
2 17
3 11
4 10
5 19
6 13
7 15
8 13
9 14
10 12
11 13
12 20
13 15
14 12
15 15
16 11

1 12
2 17
3 11
4 19
5 18
6 13
7 16
8 10
9 10
10 16
11 19
12 13
13 20
14 19
15 10
16 20

1 15
2 12
3 10
4 19
5 10
6 12
7 12
8 10
9 19
10 17
11 13
12 14
13 19
14 10
15 19
16 14

1 13
2 13
3 14
4 12
5 18
6 13
7 14
8 20
9 19
10 15
11 19
12 11
13 15
14 18
15 18
16 17

1 19
2 17
3 14
4 10
5 14
6 19
7 13
8 10
9 17
10 17
11 16
12 13
13 17
14 10
15 18
16 11

1 12
2 10
3 18
4 16
5 13
6 11
7 19
8 13
9 12
10 12
11 15
12 12
13 10
14 20
15 11
16 20

1 13
2 17
3 11
4 10
5 19
6 13
7 15
8 13
9 14
10 12
11 13
12 20
13 15
14 12
15 15
16 11

1 12
2 17
3 11
4 19
5 18
6 13
7 16
8 10
9 10
10 16
11 19
12 13
13 20
14 19
15 10
16 20

1 15
2 12
3 10
4 19
5 10
6 12
7 12
8 10
9 19
10 17
11 13
12 14
13 19
14 10
15 19
16 14

1 13
2 13
3 14
4 12
5 18
6 13
7 14
8 20
9 19
10 15
11 19
12 11
13 15
14 18
15 18
16 17

1 19
2 17
3 14
4 10
5 14
6 19
7 13
8 10
9 17
10 17
11 16
12 13
13 17
14 10
15 18
16 11

1 12
2 10
3 18
4 16
5 13
6 11
7 19
8 13
9 12
10 12
11 15
12 12
13 10
14 20
15 11
16 20

1 13
2 17
3 11
4 10
5 19
6 13
7 15
8 13
9 14
10 12
11 13
12 20
13 15
14 12
15 15
16 11

1 12
2 17
3 11
4 19
5 18
6 13
7 16
8 10
9 10
10 16
11 19
12 13
13 20
14 19
15 10
16 20

1 15
2 12
3 10
4 19
5 10
6 12
7 12
8 10
9 19
10 17
11 13
12 14
13 19
14 10
15 19
16 14

1 13
2 13
3 14
4 12
5 18
6 13
7 14
8 20
9 19
10 15
11 19
12 11
13 15
14 18
15 18
16 17

1 19
2 17
3 14
4 10
5 14
6 19
7 13
8 10
9 17
10 17
11 16
12 13
13 17
14 10
15 18
16 11

1 12
2 10
3 18
4 16
5 13
6 11
7 19
8 13
9 12
10 12
11 15
12 12
13 10
14 20
15 11
16 20

1 13
2 17
3 11
4 10
5 19
6 13
7 15
8 13
9 14
10 12
11 13
12 20
13 15
14 12
15 15
16 11

1 12
2 17
3 11
4 19
5 18
6 13
7 16
8 10
9 10
10 16
11 19
12 13
13 20
14 19
15 10
16 20