1 0
2 0
3 0
4 0

1 12
2 19
3 19
4 11

1 13
2 18
3 13
4 12

1 18
2 20
3 20
4 14

1 20
2 11
3 13
4 20

1 14
2 14
3 10
4 11

1 11
2 17
3 19
4 17

1 12
2 19
3 19
4 11

1 13
2 18
3 13
4 12

1 18
2 20
3 20
4 14

1 20
2 11
3 13
4 20

1 14
2 14
3 10
4 11

1 11
2 17
3 19
4 17

1 12
2 19
3 19
4 11

1 13
2 18
3 13
4 12

1 18
2 20
3 20
4 14

1 20
2 11
3 13
4 20

1 14
2 14
3 10
4 11

1 11
2 17
3 19
4 17

1 12
2 19
3 19
4 11

1 13
2 18
3 13
4 12

1 18
2 20
3 20
4 14

1 20
2 11
3 13
4 20

1 14
2 14
3 10
4 11

1 11
2 17
3 19
4 17

1 12
2 19
3 19
4 11

1 13
2 18
3 13
4 12

1 18
2 20
3 20
4 14

1 20
2 11
3 13
4 20

1 14
2 14
3 10
4 11

1 11
2 17
3 19
4 17

1 12
2 19
3 19
4 11

1 13
2 18
3 13
4 12

1 18
2 20
3 20
4 14

1 20
2 11
3 13
4 20

1 14
2 14
3 10
4 11

1 11
2 17
3 19
4 17

1 12
2 19
3 19
4 11

1 13
2 18
3 13
4 12

1 18
2 20
3 20
4 14

1 20
2 11
3 13
4 20

1 14
2 14
3 10
4 11

1 11
2 17
3 19
4 17

1 12
2 19
3 19
4 11

1 13
2 18
3 13
4 12

1 18
2 20
3 20
4 14

1 20
2 11
3 13
4 20

1 14
2 14
3 10
4 11

1 11
2 17
3 19
4 17

1 12
2 19
3 19
4 11

1 13
2 18
3 13
4 12

1 18
2 20
3 20
4 14

1 20
2 11
3 13
4 20

1 14
2 14
3 10
4 11

1 11
2 17
3 19
4 17

1 12
2 19
3 19
4 11

1 13
2 18
3 13
4 12

1 18
2 20
3 20
4 14

1 20
2 11
3 13
4 20

1 14
2 14
3 10
4 11

1 11
2 17
3 19
4 17

1 12
2 19
3 19
4 11

1 13
2 18
3 13
4 12

1 18
2 20
3 20
4 14

1 20
2 11
3 13
4 20

1 14
2 14
3 10
4 11

1 11
2 17
3 19
4 17

1 12
2 19
3 19
4 11

1 13
2 18
3 13
4 12

1 18
2 20
3 20
4 14

1 20
2 11
3 13
4 20

1 14
2 14
3 10
4 11

1 11
2 17
3 19
4 17

1 12
2 19
3 19
4 11

1 13
2 18
3 13
4 12

1 18
2 20
3 20
4 14

1 20
2 11
3 13
4 20

1 14
2 14
3 10
4 11

1 11
2 17
3 19
4 17

1 12
2 19
3 19
4 11

1 13
2 18
3 13
4 12

1 18
2 20
3 20
4 14

1 20
2 11
3 13
4 20

1 14
2 14
3 10
4 11

1 11
2 17
3 19
4 17

1 12
2 19
3 19
4 11

1 13
2 18
3 13
4 12

1 18
2 20
3 20
4 14

1 20
2 11
3 13
4 20

1 14
2 14
3 10
4 11

1 11
2 17
3 19
4 17

1 12
2 19
3 19
4 11

1 13
2 18
3 13
4 12

1 18
2 20
3 20
4 14

1 20
2 11
3 13
4 20

1 14
2 14
3 10
4 11

1 11
2 17
3 19
4 17

1 12
2 19
3 19
4 11

1 13
2 18
3 13
4 12

1 18
2 20
3 20
4 14

1 20
2 11
3 13
4 20

1 14
2 14
3 10
4 11

1 11
2 17
3 19
4 17

1 12
2 19
3 19
4 11

1 13
2 18
3 13
4 12

1 18
2 20
3 20
4 14

1 20
2 11
3 13
4 20

1 14
2 14
3 10
4 11

1 11
2 17
3 19
4 17

1 12
2 19
3 19
4 11

1 13
2 18
3 13
4 12

1 18
2 20
3 20
4 14

1 20
2 11
3 13
4 20

1 14
2 14
3 10
4 11

1 11
2 17
3 19
4 17

1 12
2 19
3 19
4 11

1 13
2 18
3 13
4 12

1 18
2 20
3 20
4 14

1 20
2 11
3 13
4 20

1 14
2 14
3 10
4 11

1 11
2 17
3 19
4 17