1 0
2 0
3 0
4 0
5 0
6 0
7 0
8 0

1 9
2 4
3 2
4 7
5 2
6 3
7 6
8 3

1 1
2 8
3 3
4 8
5 6
6 3
7 5
8 2

1 0
2 9
3 8
4 5
5 4
6 3
7 3
8 3

1 9
2 6
3 9
4 7
5 3
6 5
7 7
8 0

1 3
2 8
3 8
4 5
5 0
6 6
7 7
8 6

1 9
2 9
3 6
4 6
5 2
6 0
7 2
8 9

1 9
2 4
3 2
4 7
5 2
6 3
7 6
8 3

1 1
2 8
3 3
4 8
5 6
6 3
7 5
8 2

1 0
2 9
3 8
4 5
5 4
6 3
7 3
8 3

1 9
2 6
3 9
4 7
5 3
6 5
7 7
8 0

1 3
2 8
3 8
4 5
5 0
6 6
7 7
8 6

1 9
2 9
3 6
4 6
5 2
6 0
7 2
8 9

1 9
2 4
3 2
4 7
5 2
6 3
7 6
8 3

1 1
2 8
3 3
4 8
5 6
6 3
7 5
8 2

1 0
2 9
3 8
4 5
5 4
6 3
7 3
8 3

1 9
2 6
3 9
4 7
5 3
6 5
7 7
8 0

1 3
2 8
3 8
4 5
5 0
6 6
7 7
8 6

1 9
2 9
3 6
4 6
5 2
6 0
7 2
8 9

1 9
2 4
3 2
4 7
5 2
6 3
7 6
8 3

1 1
2 8
3 3
4 8
5 6
6 3
7 5
8 2

1 0
2 9
3 8
4 5
5 4
6 3
7 3
8 3

1 9
2 6
3 9
4 7
5 3
6 5
7 7
8 0

1 3
2 8
3 8
4 5
5 0
6 6
7 7
8 6

1 9
2 9
3 6
4 6
5 2
6 0
7 2
8 9

1 9
2 4
3 2
4 7
5 2
6 3
7 6
8 3

1 1
2 8
3 3
4 8
5 6
6 3
7 5
8 2

1 0
2 9
3 8
4 5
5 4
6 3
7 3
8 3

1 9
2 6
3 9
4 7
5 3
6 5
7 7
8 0

1 3
2 8
3 8
4 5
5 0
6 6
7 7
8 6

1 9
2 9
3 6
4 6
5 2
6 0
7 2
8 9

1 9
2 4
3 2
4 7
5 2
6 3
7 6
8 3

1 1
2 8
3 3
4 8
5 6
6 3
7 5
8 2

1 0
2 9
3 8
4 5
5 4
6 3
7 3
8 3

1 9
2 6
3 9
4 7
5 3
6 5
7 7
8 0

1 3
2 8
3 8
4 5
5 0
6 6
7 7
8 6

1 9
2 9
3 6
4 6
5 2
6 0
7 2
8 9

1 9
2 4
3 2
4 7
5 2
6 3
7 6
8 3

1 1
2 8
3 3
4 8
5 6
6 3
7 5
8 2

1 0
2 9
3 8
4 5
5 4
6 3
7 3
8 3

1 9
2 6
3 9
4 7
5 3
6 5
7 7
8 0

1 3
2 8
3 8
4 5
5 0
6 6
7 7
8 6

1 9
2 9
3 6
4 6
5 2
6 0
7 2
8 9

1 9
2 4
3 2
4 7
5 2
6 3
7 6
8 3

1 1
2 8
3 3
4 8
5 6
6 3
7 5
8 2

1 0
2 9
3 8
4 5
5 4
6 3
7 3
8 3

1 9
2 6
3 9
4 7
5 3
6 5
7 7
8 0

1 3
2 8
3 8
4 5
5 0
6 6
7 7
8 6

1 9
2 9
3 6
4 6
5 2
6 0
7 2
8 9

1 9
2 4
3 2
4 7
5 2
6 3
7 6
8 3

1 1
2 8
3 3
4 8
5 6
6 3
7 5
8 2

1 0
2 9
3 8
4 5
5 4
6 3
7 3
8 3

1 9
2 6
3 9
4 7
5 3
6 5
7 7
8 0

1 3
2 8
3 8
4 5
5 0
6 6
7 7
8 6

1 9
2 9
3 6
4 6
5 2
6 0
7 2
8 9

1 9
2 4
3 2
4 7
5 2
6 3
7 6
8 3

1 1
2 8
3 3
4 8
5 6
6 3
7 5
8 2

1 0
2 9
3 8
4 5
5 4
6 3
7 3
8 3

1 9
2 6
3 9
4 7
5 3
6 5
7 7
8 0

1 3
2 8
3 8
4 5
5 0
6 6
7 7
8 6

1 9
2 9
3 6
4 6
5 2
6 0
7 2
8 9