1 0
2 0
3 0
4 0
5 0
6 0
7 0
8 0
9 0
10 0
11 0
12 0
13 0
14 0
15 0
16 0

1 19
2 11
3 14
4 13
5 10
6 16
7 20
8 11
9 13
10 20
11 12
12 17
13 11
14 20
15 13
16 11

1 20
2 17
3 15
4 16
5 13
6 18
7 17
8 17
9 10
10 16
11 16
12 16
13 14
14 18
15 19
16 11

1 17
2 15
3 16
4 15
5 13
6 17
7 16
8 19
9 11
10 14
11 18
12 17
13 12
14 11
15 11
16 18

1 14
2 11
3 11
4 16
5 15
6 19
7 16
8 13
9 13
10 13
11 19
12 19
13 16
14 19
15 11
16 17

1 19
2 11
3 14
4 13
5 10
6 16
7 20
8 11
9 13
10 20
11 12
12 17
13 11
14 20
15 13
16 11

1 20
2 17
3 15
4 16
5 13
6 18
7 17
8 17
9 10
10 16
11 16
12 16
13 14
14 18
15 19
16 11

1 17
2 15
3 16
4 15
5 13
6 17
7 16
8 19
9 11
10 14
11 18
12 17
13 12
14 11
15 11
16 18

1 14
2 11
3 11
4 16
5 15
6 19
7 16
8 13
9 13
10 13
11 19
12 19
13 16
14 19
15 11
16 17

1 19
2 11
3 14
4 13
5 10
6 16
7 20
8 11
9 13
10 20
11 12
12 17
13 11
14 20
15 13
16 11

1 20
2 17
3 15
4 16
5 13
6 18
7 17
8 17
9 10
10 16
11 16
12 16
13 14
14 18
15 19
16 11

1 17
2 15
3 16
4 15
5 13
6 17
7 16
8 19
9 11
10 14
11 18
12 17
13 12
14 11
15 11
16 18

1 14
2 11
3 11
4 16
5 15
6 19
7 16
8 13
9 13
10 13
11 19
12 19
13 16
14 19
15 11
16 17

1 19
2 11
3 14
4 13
5 10
6 16
7 20
8 11
9 13
10 20
11 12
12 17
13 11
14 20
15 13
16 11

1 20
2 17
3 15
4 16
5 13
6 18
7 17
8 17
9 10
10 16
11 16
12 16
13 14
14 18
15 19
16 11

1 17
2 15
3 16
4 15
5 13
6 17
7 16
8 19
9 11
10 14
11 18
12 17
13 12
14 11
15 11
16 18

1 14
2 11
3 11
4 16
5 15
6 19
7 16
8 13
9 13
10 13
11 19
12 19
13 16
14 19
15 11
16 17

1 19
2 11
3 14
4 13
5 10
6 16
7 20
8 11
9 13
10 20
11 12
12 17
13 11
14 20
15 13
16 11

1 20
2 17
3 15
4 16
5 13
6 18
7 17
8 17
9 10
10 16
11 16
12 16
13 14
14 18
15 19
16 11

1 17
2 15
3 16
4 15
5 13
6 17
7 16
8 19
9 11
10 14
11 18
12 17
13 12
14 11
15 11
16 18

1 14
2 11
3 11
4 16
5 15
6 19
7 16
8 13
9 13
10 13
11 19
12 19
13 16
14 19
15 11
16 17

1 19
2 11
3 14
4 13
5 10
6 16
7 20
8 11
9 13
10 20
11 12
12 17
13 11
14 20
15 13
16 11

1 20
2 17
3 15
4 16
5 13
6 18
7 17
8 17
9 10
10 16
11 16
12 16
13 14
14 18
15 19
16 11

1 17
2 15
3 16
4 15
5 13
6 17
7 16
8 19
9 11
10 14
11 18
12 17
13 12
14 11
15 11
16 18

1 14
2 11
3 11
4 16
5 15
6 19
7 16
8 13
9 13
10 13
11 19
12 19
13 16
14 19
15 11
16 17

1 19
2 11
3 14
4 13
5 10
6 16
7 20
8 11
9 13
10 20
11 12
12 17
13 11
14 20
15 13
16 11

1 20
2 17
3 15
4 16
5 13
6 18
7 17
8 17
9 10
10 16
11 16
12 16
13 14
14 18
15 19
16 11

1 17
2 15
3 16
4 15
5 13
6 17
7 16
8 19
9 11
10 14
11 18
12 17
13 12
14 11
15 11
16 18

1 14
2 11
3 11
4 16
5 15
6 19
7 16
8 13
9 13
10 13
11 19
12 19
13 16
14 19
15 11
16 17

1 19
2 11
3 14
4 13
5 10
6 16
7 20
8 11
9 13
10 20
11 12
12 17
13 11
14 20
15 13
16 11

1 20
2 17
3 15
4 16
5 13
6 18
7 17
8 17
9 10
10 16
11 16
12 16
13 14
14 18
15 19
16 11

1 17
2 15
3 16
4 15
5 13
6 17
7 16
8 19
9 11
10 14
11 18
12 17
13 12
14 11
15 11
16 18

1 14
2 11
3 11
4 16
5 15
6 19
7 16
8 13
9 13
10 13
11 19
12 19
13 16
14 19
15 11
16 17

1 19
2 11
3 14
4 13
5 10
6 16
7 20
8 11
9 13
10 20
11 12
12 17
13 11
14 20
15 13
16 11

1 20
2 17
3 15
4 16
5 13
6 18
7 17
8 17
9 10
10 16
11 16
12 16
13 14
14 18
15 19
16 11

1 17
2 15
3 16
4 15
5 13
6 17
7 16
8 19
9 11
10 14
11 18
12 17
13 12
14 11
15 11
16 18

1 14
2 11
3 11
4 16
5 15
6 19
7 16
8 13
9 13
10 13
11 19
12 19
13 16
14 19
15 11
16 17

1 19
2 11
3 14
4 13
5 10
6 16
7 20
8 11
9 13
10 20
11 12
12 17
13 11
14 20
15 13
16 11

1 20
2 17
3 15
4 16
5 13
6 18
7 17
8 17
9 10
10 16
11 16
12 16
13 14
14 18
15 19
16 11

1 17
2 15
3 16
4 15
5 13
6 17
7 16
8 19
9 11
10 14
11 18
12 17
13 12
14 11
15 11
16 18

1 14
2 11
3 11
4 16
5 15
6 19
7 16
8 13
9 13
10 13
11 19
12 19
13 16
14 19
15 11
16 17

1 19
2 11
3 14
4 13
5 10
6 16
7 20
8 11
9 13
10 20
11 12
12 17
13 11
14 20
15 13
16 11

1 20
2 17
3 15
4 16
5 13
6 18
7 17
8 17
9 10
10 16
11 16
12 16
13 14
14 18
15 19
16 11

1 17
2 15
3 16
4 15
5 13
6 17
7 16
8 19
9 11
10 14
11 18
12 17
13 12
14 11
15 11
16 18

1 14
2 11
3 11
4 16
5 15
6 19
7 16
8 13
9 13
10 13
11 19
12 19
13 16
14 19
15 11
16 17

1 19
2 11
3 14
4 13
5 10
6 16
7 20
8 11
9 13
10 20
11 12
12 17
13 11
14 20
15 13
16 11

1 20
2 17
3 15
4 16
5 13
6 18
7 17
8 17
9 10
10 16
11 16
12 16
13 14
14 18
15 19
16 11

1 17
2 15
3 16
4 15
5 13
6 17
7 16
8 19
9 11
10 14
11 18
12 17
13 12
14 11
15 11
16 18

1 14
2 11
3 11
4 16
5 15
6 19
7 16
8 13
9 13
10 13
11 19
12 19
13 16
14 19
15 11
16 17

1 19
2 11
3 14
4 13
5 10
6 16
7 20
8 11
9 13
10 20
11 12
12 17
13 11
14 20
15 13
16 11

1 20
2 17
3 15
4 16
5 13
6 18
7 17
8 17
9 10
10 16
11 16
12 16
13 14
14 18
15 19
16 11

1 17
2 15
3 16
4 15
5 13
6 17
7 16
8 19
9 11
10 14
11 18
12 17
13 12
14 11
15 11
16 18

1 14
2 11
3 11
4 16
5 15
6 19
7 16
8 13
9 13
10 13
11 19
12 19
13 16
14 19
15 11
16 17

1 19
2 11
3 14
4 13
5 10
6 16
7 20
8 11
9 13
10 20
11 12
12 17
13 11
14 20
15 13
16 11

1 20
2 17
3 15
4 16
5 13
6 18
7 17
8 17
9 10
10 16
11 16
12 16
13 14
14 18
15 19
16 11

1 17
2 15
3 16
4 15
5 13
6 17
7 16
8 19
9 11
10 14
11 18
12 17
13 12
14 11
15 11
16 18

1 14
2 11
3 11
4 16
5 15
6 19
7 16
8 13
9 13
10 13
11 19
12 19
13 16
14 19
15 11
16 17

1 19
2 11
3 14
4 13
5 10
6 16
7 20
8 11
9 13
10 20
11 12
12 17
13 11
14 20
15 13
16 11

1 20
2 17
3 15
4 16
5 13
6 18
7 17
8 17
9 10
10 16
11 16
12 16
13 14
14 18
15 19
16 11

1 17
2 15
3 16
4 15
5 13
6 17
7 16
8 19
9 11
10 14
11 18
12 17
13 12
14 11
15 11
16 18

1 14
2 11
3 11
4 16
5 15
6 19
7 16
8 13
9 13
10 13
11 19
12 19
13 16
14 19
15 11
16 17

1 19
2 11
3 14
4 13
5 10
6 16
7 20
8 11
9 13
10 20
11 12
12 17
13 11
14 20
15 13
16 11

1 20
2 17
3 15
4 16
5 13
6 18
7 17
8 17
9 10
10 16
11 16
12 16
13 14
14 18
15 19
16 11

1 17
2 15
3 16
4 15
5 13
6 17
7 16
8 19
9 11
10 14
11 18
12 17
13 12
14 11
15 11
16 18

1 14
2 11
3 11
4 16
5 15
6 19
7 16
8 13
9 13
10 13
11 19
12 19
13 16
14 19
15 11
16 17

1 19
2 11
3 14
4 13
5 10
6 16
7 20
8 11
9 13
10 20
11 12
12 17
13 11
14 20
15 13
16 11

1 20
2 17
3 15
4 16
5 13
6 18
7 17
8 17
9 10
10 16
11 16
12 16
13 14
14 18
15 19
16 11

1 17
2 15
3 16
4 15
5 13
6 17
7 16
8 19
9 11
10 14
11 18
12 17
13 12
14 11
15 11
16 18

1 14
2 11
3 11
4 16
5 15
6 19
7 16
8 13
9 13
10 13
11 19
12 19
13 16
14 19
15 11
16 17

1 19
2 11
3 14
4 13
5 10
6 16
7 20
8 11
9 13
10 20
11 12
12 17
13 11
14 20
15 13
16 11

1 20
2 17
3 15
4 16
5 13
6 18
7 17
8 17
9 10
10 16
11 16
12 16
13 14
14 18
15 19
16 11

1 17
2 15
3 16
4 15
5 13
6 17
7 16
8 19
9 11
10 14
11 18
12 17
13 12
14 11
15 11
16 18

1 14
2 11
3 11
4 16
5 15
6 19
7 16
8 13
9 13
10 13
11 19
12 19
13 16
14 19
15 11
16 17

1 19
2 11
3 14
4 13
5 10
6 16
7 20
8 11
9 13
10 20
11 12
12 17
13 11
14 20
15 13
16 11

1 20
2 17
3 15
4 16
5 13
6 18
7 17
8 17
9 10
10 16
11 16
12 16
13 14
14 18
15 19
16 11

1 17
2 15
3 16
4 15
5 13
6 17
7 16
8 19
9 11
10 14
11 18
12 17
13 12
14 11
15 11
16 18

1 14
2 11
3 11
4 16
5 15
6 19
7 16
8 13
9 13
10 13
11 19
12 19
13 16
14 19
15 11
16 17

1 19
2 11
3 14
4 13
5 10
6 16
7 20
8 11
9 13
10 20
11 12
12 17
13 11
14 20
15 13
16 11

1 20
2 17
3 15
4 16
5 13
6 18
7 17
8 17
9 10
10 16
11 16
12 16
13 14
14 18
15 19
16 11

1 17
2 15
3 16
4 15
5 13
6 17
7 16
8 19
9 11
10 14
11 18
12 17
13 12
14 11
15 11
16 18

1 14
2 11
3 11
4 16
5 15
6 19
7 16
8 13
9 13
10 13
11 19
12 19
13 16
14 19
15 11
16 17