1 0
2 0
3 0
4 0

1 19
2 15
3 11
4 18

1 20
2 19
3 12
4 12

1 17
2 17
3 17
4 15

1 14
2 17
3 16
4 18

1 15
2 19
3 20
4 13

1 16
2 10
3 11
4 15

1 19
2 15
3 11
4 18

1 20
2 19
3 12
4 12

1 17
2 17
3 17
4 15

1 14
2 17
3 16
4 18

1 15
2 19
3 20
4 13

1 16
2 10
3 11
4 15

1 19
2 15
3 11
4 18

1 20
2 19
3 12
4 12

1 17
2 17
3 17
4 15

1 14
2 17
3 16
4 18

1 15
2 19
3 20
4 13

1 16
2 10
3 11
4 15

1 19
2 15
3 11
4 18

1 20
2 19
3 12
4 12

1 17
2 17
3 17
4 15

1 14
2 17
3 16
4 18

1 15
2 19
3 20
4 13

1 16
2 10
3 11
4 15

1 19
2 15
3 11
4 18

1 20
2 19
3 12
4 12

1 17
2 17
3 17
4 15

1 14
2 17
3 16
4 18

1 15
2 19
3 20
4 13

1 16
2 10
3 11
4 15

1 19
2 15
3 11
4 18

1 20
2 19
3 12
4 12

1 17
2 17
3 17
4 15

1 14
2 17
3 16
4 18

1 15
2 19
3 20
4 13

1 16
2 10
3 11
4 15

1 19
2 15
3 11
4 18

1 20
2 19
3 12
4 12

1 17
2 17
3 17
4 15

1 14
2 17
3 16
4 18

1 15
2 19
3 20
4 13

1 16
2 10
3 11
4 15

1 19
2 15
3 11
4 18

1 20
2 19
3 12
4 12

1 17
2 17
3 17
4 15

1 14
2 17
3 16
4 18

1 15
2 19
3 20
4 13

1 16
2 10
3 11
4 15

1 19
2 15
3 11
4 18

1 20
2 19
3 12
4 12

1 17
2 17
3 17
4 15

1 14
2 17
3 16
4 18

1 15
2 19
3 20
4 13

1 16
2 10
3 11
4 15

1 19
2 15
3 11
4 18

1 20
2 19
3 12
4 12

1 17
2 17
3 17
4 15

1 14
2 17
3 16
4 18

1 15
2 19
3 20
4 13

1 16
2 10
3 11
4 15