1 0
2 0
3 0
4 0
5 0
6 0
7 0
8 0
9 0
10 0
11 0
12 0
13 0
14 0
15 0
16 0

1 0
2 6
3 4
4 2
5 3
6 5
7 1
8 2
9 0
10 1
11 8
12 2
13 4
14 3
15 0
16 8

1 7
2 7
3 9
4 5
5 1
6 1
7 6
8 5
9 5
10 5
11 6
12 7
13 8
14 3
15 2
16 0

1 9
2 5
3 4
4 1
5 8
6 0
7 9
8 4
9 0
10 9
11 1
12 4
13 4
14 9
15 2
16 3

1 9
2 7
3 0
4 4
5 7
6 9
7 1
8 9
9 5
10 7
11 0
12 8
13 6
14 9
15 3
16 7

1 0
2 6
3 4
4 2
5 3
6 5
7 1
8 2
9 0
10 1
11 8
12 2
13 4
14 3
15 0
16 8

1 7
2 7
3 9
4 5
5 1
6 1
7 6
8 5
9 5
10 5
11 6
12 7
13 8
14 3
15 2
16 0

1 9
2 5
3 4
4 1
5 8
6 0
7 9
8 4
9 0
10 9
11 1
12 4
13 4
14 9
15 2
16 3

1 9
2 7
3 0
4 4
5 7
6 9
7 1
8 9
9 5
10 7
11 0
12 8
13 6
14 9
15 3
16 7

1 0
2 6
3 4
4 2
5 3
6 5
7 1
8 2
9 0
10 1
11 8
12 2
13 4
14 3
15 0
16 8

1 7
2 7
3 9
4 5
5 1
6 1
7 6
8 5
9 5
10 5
11 6
12 7
13 8
14 3
15 2
16 0

1 9
2 5
3 4
4 1
5 8
6 0
7 9
8 4
9 0
10 9
11 1
12 4
13 4
14 9
15 2
16 3

1 9
2 7
3 0
4 4
5 7
6 9
7 1
8 9
9 5
10 7
11 0
12 8
13 6
14 9
15 3
16 7

1 0
2 6
3 4
4 2
5 3
6 5
7 1
8 2
9 0
10 1
11 8
12 2
13 4
14 3
15 0
16 8

1 7
2 7
3 9
4 5
5 1
6 1
7 6
8 5
9 5
10 5
11 6
12 7
13 8
14 3
15 2
16 0

1 9
2 5
3 4
4 1
5 8
6 0
7 9
8 4
9 0
10 9
11 1
12 4
13 4
14 9
15 2
16 3

1 9
2 7
3 0
4 4
5 7
6 9
7 1
8 9
9 5
10 7
11 0
12 8
13 6
14 9
15 3
16 7

1 0
2 6
3 4
4 2
5 3
6 5
7 1
8 2
9 0
10 1
11 8
12 2
13 4
14 3
15 0
16 8

1 7
2 7
3 9
4 5
5 1
6 1
7 6
8 5
9 5
10 5
11 6
12 7
13 8
14 3
15 2
16 0

1 9
2 5
3 4
4 1
5 8
6 0
7 9
8 4
9 0
10 9
11 1
12 4
13 4
14 9
15 2
16 3

1 9
2 7
3 0
4 4
5 7
6 9
7 1
8 9
9 5
10 7
11 0
12 8
13 6
14 9
15 3
16 7

1 0
2 6
3 4
4 2
5 3
6 5
7 1
8 2
9 0
10 1
11 8
12 2
13 4
14 3
15 0
16 8

1 7
2 7
3 9
4 5
5 1
6 1
7 6
8 5
9 5
10 5
11 6
12 7
13 8
14 3
15 2
16 0

1 9
2 5
3 4
4 1
5 8
6 0
7 9
8 4
9 0
10 9
11 1
12 4
13 4
14 9
15 2
16 3

1 9
2 7
3 0
4 4
5 7
6 9
7 1
8 9
9 5
10 7
11 0
12 8
13 6
14 9
15 3
16 7

1 0
2 6
3 4
4 2
5 3
6 5
7 1
8 2
9 0
10 1
11 8
12 2
13 4
14 3
15 0
16 8

1 7
2 7
3 9
4 5
5 1
6 1
7 6
8 5
9 5
10 5
11 6
12 7
13 8
14 3
15 2
16 0

1 9
2 5
3 4
4 1
5 8
6 0
7 9
8 4
9 0
10 9
11 1
12 4
13 4
14 9
15 2
16 3

1 9
2 7
3 0
4 4
5 7
6 9
7 1
8 9
9 5
10 7
11 0
12 8
13 6
14 9
15 3
16 7

1 0
2 6
3 4
4 2
5 3
6 5
7 1
8 2
9 0
10 1
11 8
12 2
13 4
14 3
15 0
16 8

1 7
2 7
3 9
4 5
5 1
6 1
7 6
8 5
9 5
10 5
11 6
12 7
13 8
14 3
15 2
16 0

1 9
2 5
3 4
4 1
5 8
6 0
7 9
8 4
9 0
10 9
11 1
12 4
13 4
14 9
15 2
16 3

1 9
2 7
3 0
4 4
5 7
6 9
7 1
8 9
9 5
10 7
11 0
12 8
13 6
14 9
15 3
16 7

1 0
2 6
3 4
4 2
5 3
6 5
7 1
8 2
9 0
10 1
11 8
12 2
13 4
14 3
15 0
16 8

1 7
2 7
3 9
4 5
5 1
6 1
7 6
8 5
9 5
10 5
11 6
12 7
13 8
14 3
15 2
16 0

1 9
2 5
3 4
4 1
5 8
6 0
7 9
8 4
9 0
10 9
11 1
12 4
13 4
14 9
15 2
16 3

1 9
2 7
3 0
4 4
5 7
6 9
7 1
8 9
9 5
10 7
11 0
12 8
13 6
14 9
15 3
16 7

1 0
2 6
3 4
4 2
5 3
6 5
7 1
8 2
9 0
10 1
11 8
12 2
13 4
14 3
15 0
16 8

1 7
2 7
3 9
4 5
5 1
6 1
7 6
8 5
9 5
10 5
11 6
12 7
13 8
14 3
15 2
16 0

1 9
2 5
3 4
4 1
5 8
6 0
7 9
8 4
9 0
10 9
11 1
12 4
13 4
14 9
15 2
16 3

1 9
2 7
3 0
4 4
5 7
6 9
7 1
8 9
9 5
10 7
11 0
12 8
13 6
14 9
15 3
16 7

1 0
2 6
3 4
4 2
5 3
6 5
7 1
8 2
9 0
10 1
11 8
12 2
13 4
14 3
15 0
16 8

1 7
2 7
3 9
4 5
5 1
6 1
7 6
8 5
9 5
10 5
11 6
12 7
13 8
14 3
15 2
16 0

1 9
2 5
3 4
4 1
5 8
6 0
7 9
8 4
9 0
10 9
11 1
12 4
13 4
14 9
15 2
16 3

1 9
2 7
3 0
4 4
5 7
6 9
7 1
8 9
9 5
10 7
11 0
12 8
13 6
14 9
15 3
16 7

1 0
2 6
3 4
4 2
5 3
6 5
7 1
8 2
9 0
10 1
11 8
12 2
13 4
14 3
15 0
16 8

1 7
2 7
3 9
4 5
5 1
6 1
7 6
8 5
9 5
10 5
11 6
12 7
13 8
14 3
15 2
16 0

1 9
2 5
3 4
4 1
5 8
6 0
7 9
8 4
9 0
10 9
11 1
12 4
13 4
14 9
15 2
16 3

1 9
2 7
3 0
4 4
5 7
6 9
7 1
8 9
9 5
10 7
11 0
12 8
13 6
14 9
15 3
16 7

1 0
2 6
3 4
4 2
5 3
6 5
7 1
8 2
9 0
10 1
11 8
12 2
13 4
14 3
15 0
16 8

1 7
2 7
3 9
4 5
5 1
6 1
7 6
8 5
9 5
10 5
11 6
12 7
13 8
14 3
15 2
16 0

1 9
2 5
3 4
4 1
5 8
6 0
7 9
8 4
9 0
10 9
11 1
12 4
13 4
14 9
15 2
16 3

1 9
2 7
3 0
4 4
5 7
6 9
7 1
8 9
9 5
10 7
11 0
12 8
13 6
14 9
15 3
16 7

1 0
2 6
3 4
4 2
5 3
6 5
7 1
8 2
9 0
10 1
11 8
12 2
13 4
14 3
15 0
16 8

1 7
2 7
3 9
4 5
5 1
6 1
7 6
8 5
9 5
10 5
11 6
12 7
13 8
14 3
15 2
16 0

1 9
2 5
3 4
4 1
5 8
6 0
7 9
8 4
9 0
10 9
11 1
12 4
13 4
14 9
15 2
16 3

1 9
2 7
3 0
4 4
5 7
6 9
7 1
8 9
9 5
10 7
11 0
12 8
13 6
14 9
15 3
16 7

1 0
2 6
3 4
4 2
5 3
6 5
7 1
8 2
9 0
10 1
11 8
12 2
13 4
14 3
15 0
16 8

1 7
2 7
3 9
4 5
5 1
6 1
7 6
8 5
9 5
10 5
11 6
12 7
13 8
14 3
15 2
16 0

1 9
2 5
3 4
4 1
5 8
6 0
7 9
8 4
9 0
10 9
11 1
12 4
13 4
14 9
15 2
16 3

1 9
2 7
3 0
4 4
5 7
6 9
7 1
8 9
9 5
10 7
11 0
12 8
13 6
14 9
15 3
16 7

1 0
2 6
3 4
4 2
5 3
6 5
7 1
8 2
9 0
10 1
11 8
12 2
13 4
14 3
15 0
16 8

1 7
2 7
3 9
4 5
5 1
6 1
7 6
8 5
9 5
10 5
11 6
12 7
13 8
14 3
15 2
16 0

1 9
2 5
3 4
4 1
5 8
6 0
7 9
8 4
9 0
10 9
11 1
12 4
13 4
14 9
15 2
16 3

1 9
2 7
3 0
4 4
5 7
6 9
7 1
8 9
9 5
10 7
11 0
12 8
13 6
14 9
15 3
16 7

1 0
2 6
3 4
4 2
5 3
6 5
7 1
8 2
9 0
10 1
11 8
12 2
13 4
14 3
15 0
16 8

1 7
2 7
3 9
4 5
5 1
6 1
7 6
8 5
9 5
10 5
11 6
12 7
13 8
14 3
15 2
16 0

1 9
2 5
3 4
4 1
5 8
6 0
7 9
8 4
9 0
10 9
11 1
12 4
13 4
14 9
15 2
16 3

1 9
2 7
3 0
4 4
5 7
6 9
7 1
8 9
9 5
10 7
11 0
12 8
13 6
14 9
15 3
16 7

1 0
2 6
3 4
4 2
5 3
6 5
7 1
8 2
9 0
10 1
11 8
12 2
13 4
14 3
15 0
16 8

1 7
2 7
3 9
4 5
5 1
6 1
7 6
8 5
9 5
10 5
11 6
12 7
13 8
14 3
15 2
16 0

1 9
2 5
3 4
4 1
5 8
6 0
7 9
8 4
9 0
10 9
11 1
12 4
13 4
14 9
15 2
16 3

1 9
2 7
3 0
4 4
5 7
6 9
7 1
8 9
9 5
10 7
11 0
12 8
13 6
14 9
15 3
16 7

1 0
2 6
3 4
4 2
5 3
6 5
7 1
8 2
9 0
10 1
11 8
12 2
13 4
14 3
15 0
16 8

1 7
2 7
3 9
4 5
5 1
6 1
7 6
8 5
9 5
10 5
11 6
12 7
13 8
14 3
15 2
16 0

1 9
2 5
3 4
4 1
5 8
6 0
7 9
8 4
9 0
10 9
11 1
12 4
13 4
14 9
15 2
16 3

1 9
2 7
3 0
4 4
5 7
6 9
7 1
8 9
9 5
10 7
11 0
12 8
13 6
14 9
15 3
16 7

1 0
2 6
3 4
4 2
5 3
6 5
7 1
8 2
9 0
10 1
11 8
12 2
13 4
14 3
15 0
16 8

1 7
2 7
3 9
4 5
5 1
6 1
7 6
8 5
9 5
10 5
11 6
12 7
13 8
14 3
15 2
16 0

1 9
2 5
3 4
4 1
5 8
6 0
7 9
8 4
9 0
10 9
11 1
12 4
13 4
14 9
15 2
16 3

1 9
2 7
3 0
4 4
5 7
6 9
7 1
8 9
9 5
10 7
11 0
12 8
13 6
14 9
15 3
16 7