1 0
2 0
3 0
4 0
5 0
6 0
7 0
8 0

1 7
2 2
3 4
4 3
5 2
6 2
7 5
8 4

1 6
2 5
3 9
4 5
5 5
6 8
7 6
8 0

1 7
2 2
3 4
4 3
5 2
6 2
7 5
8 4

1 6
2 5
3 9
4 5
5 5
6 8
7 6
8 0

1 7
2 2
3 4
4 3
5 2
6 2
7 5
8 4

1 6
2 5
3 9
4 5
5 5
6 8
7 6
8 0

1 7
2 2
3 4
4 3
5 2
6 2
7 5
8 4

1 6
2 5
3 9
4 5
5 5
6 8
7 6
8 0

1 7
2 2
3 4
4 3
5 2
6 2
7 5
8 4

1 6
2 5
3 9
4 5
5 5
6 8
7 6
8 0

1 7
2 2
3 4
4 3
5 2
6 2
7 5
8 4

1 6
2 5
3 9
4 5
5 5
6 8
7 6
8 0

1 7
2 2
3 4
4 3
5 2
6 2
7 5
8 4

1 6
2 5
3 9
4 5
5 5
6 8
7 6
8 0

1 7
2 2
3 4
4 3
5 2
6 2
7 5
8 4

1 6
2 5
3 9
4 5
5 5
6 8
7 6
8 0

1 7
2 2
3 4
4 3
5 2
6 2
7 5
8 4

1 6
2 5
3 9
4 5
5 5
6 8
7 6
8 0

1 7
2 2
3 4
4 3
5 2
6 2
7 5
8 4

1 6
2 5
3 9
4 5
5 5
6 8
7 6
8 0