1 0
2 0
3 0
4 0

1 11
2 16
3 17
4 20

1 20
2 20
3 14
4 20

1 19
2 15
3 14
4 15

1 16
2 11
3 13
4 11

1 11
2 16
3 17
4 20

1 20
2 20
3 14
4 20

1 19
2 15
3 14
4 15

1 16
2 11
3 13
4 11

1 11
2 16
3 17
4 20

1 20
2 20
3 14
4 20

1 19
2 15
3 14
4 15

1 16
2 11
3 13
4 11

1 11
2 16
3 17
4 20

1 20
2 20
3 14
4 20

1 19
2 15
3 14
4 15

1 16
2 11
3 13
4 11

1 11
2 16
3 17
4 20

1 20
2 20
3 14
4 20

1 19
2 15
3 14
4 15

1 16
2 11
3 13
4 11

1 11
2 16
3 17
4 20

1 20
2 20
3 14
4 20

1 19
2 15
3 14
4 15

1 16
2 11
3 13
4 11

1 11
2 16
3 17
4 20

1 20
2 20
3 14
4 20

1 19
2 15
3 14
4 15

1 16
2 11
3 13
4 11

1 11
2 16
3 17
4 20

1 20
2 20
3 14
4 20

1 19
2 15
3 14
4 15

1 16
2 11
3 13
4 11

1 11
2 16
3 17
4 20

1 20
2 20
3 14
4 20

1 19
2 15
3 14
4 15

1 16
2 11
3 13
4 11

1 11
2 16
3 17
4 20

1 20
2 20
3 14
4 20

1 19
2 15
3 14
4 15

1 16
2 11
3 13
4 11

1 11
2 16
3 17
4 20

1 20
2 20
3 14
4 20

1 19
2 15
3 14
4 15

1 16
2 11
3 13
4 11

1 11
2 16
3 17
4 20

1 20
2 20
3 14
4 20

1 19
2 15
3 14
4 15

1 16
2 11
3 13
4 11

1 11
2 16
3 17
4 20

1 20
2 20
3 14
4 20

1 19
2 15
3 14
4 15

1 16
2 11
3 13
4 11

1 11
2 16
3 17
4 20

1 20
2 20
3 14
4 20

1 19
2 15
3 14
4 15

1 16
2 11
3 13
4 11

1 11
2 16
3 17
4 20

1 20
2 20
3 14
4 20

1 19
2 15
3 14
4 15

1 16
2 11
3 13
4 11

1 11
2 16
3 17
4 20

1 20
2 20
3 14
4 20

1 19
2 15
3 14
4 15

1 16
2 11
3 13
4 11

1 11
2 16
3 17
4 20

1 20
2 20
3 14
4 20

1 19
2 15
3 14
4 15

1 16
2 11
3 13
4 11

1 11
2 16
3 17
4 20

1 20
2 20
3 14
4 20

1 19
2 15
3 14
4 15

1 16
2 11
3 13
4 11

1 11
2 16
3 17
4 20

1 20
2 20
3 14
4 20

1 19
2 15
3 14
4 15

1 16
2 11
3 13
4 11

1 11
2 16
3 17
4 20

1 20
2 20
3 14
4 20

1 19
2 15
3 14
4 15

1 16
2 11
3 13
4 11