1 0
2 0
3 0
4 0

1 2
2 9
3 3
4 0

1 3
2 4
3 5
4 5

1 5
2 7
3 4
4 1

1 8
2 4
3 0
4 5

1 6
2 0
3 3
4 4

1 3
2 1
3 2
4 2

1 2
2 9
3 3
4 0

1 3
2 4
3 5
4 5

1 5
2 7
3 4
4 1

1 8
2 4
3 0
4 5

1 6
2 0
3 3
4 4

1 3
2 1
3 2
4 2

1 2
2 9
3 3
4 0

1 3
2 4
3 5
4 5

1 5
2 7
3 4
4 1

1 8
2 4
3 0
4 5

1 6
2 0
3 3
4 4

1 3
2 1
3 2
4 2

1 2
2 9
3 3
4 0

1 3
2 4
3 5
4 5

1 5
2 7
3 4
4 1

1 8
2 4
3 0
4 5

1 6
2 0
3 3
4 4

1 3
2 1
3 2
4 2

1 2
2 9
3 3
4 0

1 3
2 4
3 5
4 5

1 5
2 7
3 4
4 1

1 8
2 4
3 0
4 5

1 6
2 0
3 3
4 4

1 3
2 1
3 2
4 2

1 2
2 9
3 3
4 0

1 3
2 4
3 5
4 5

1 5
2 7
3 4
4 1

1 8
2 4
3 0
4 5

1 6
2 0
3 3
4 4

1 3
2 1
3 2
4 2

1 2
2 9
3 3
4 0

1 3
2 4
3 5
4 5

1 5
2 7
3 4
4 1

1 8
2 4
3 0
4 5

1 6
2 0
3 3
4 4

1 3
2 1
3 2
4 2

1 2
2 9
3 3
4 0

1 3
2 4
3 5
4 5

1 5
2 7
3 4
4 1

1 8
2 4
3 0
4 5

1 6
2 0
3 3
4 4

1 3
2 1
3 2
4 2

1 2
2 9
3 3
4 0

1 3
2 4
3 5
4 5

1 5
2 7
3 4
4 1

1 8
2 4
3 0
4 5

1 6
2 0
3 3
4 4

1 3
2 1
3 2
4 2

1 2
2 9
3 3
4 0

1 3
2 4
3 5
4 5

1 5
2 7
3 4
4 1

1 8
2 4
3 0
4 5

1 6
2 0
3 3
4 4

1 3
2 1
3 2
4 2