1 0
2 0
3 0
4 0
5 0
6 0
7 0
8 0
9 0
10 0
11 0
12 0
13 0
14 0
15 0
16 0

1 15
2 14
3 17
4 12
5 20
6 11
7 14
8 16
9 20
10 16
11 13
12 13
13 10
14 12
15 17
16 16

1 20
2 11
3 16
4 19
5 10
6 13
7 13
8 18
9 18
10 12
11 14
12 20
13 20
14 15
15 11
16 19

1 20
2 19
3 12
4 17
5 19
6 10
7 18
8 18
9 18
10 14
11 18
12 13
13 10
14 10
15 20
16 16

1 12
2 15
3 12
4 12
5 18
6 20
7 17
8 16
9 16
10 20
11 17
12 15
13 14
14 12
15 10
16 20

1 18
2 16
3 15
4 18
5 18
6 14
7 12
8 15
9 17
10 15
11 20
12 16
13 12
14 20
15 12
16 17

1 19
2 16
3 11
4 18
5 19
6 20
7 15
8 18
9 10
10 10
11 12
12 20
13 15
14 15
15 17
16 13

1 15
2 14
3 17
4 12
5 20
6 11
7 14
8 16
9 20
10 16
11 13
12 13
13 10
14 12
15 17
16 16

1 20
2 11
3 16
4 19
5 10
6 13
7 13
8 18
9 18
10 12
11 14
12 20
13 20
14 15
15 11
16 19

1 20
2 19
3 12
4 17
5 19
6 10
7 18
8 18
9 18
10 14
11 18
12 13
13 10
14 10
15 20
16 16

1 12
2 15
3 12
4 12
5 18
6 20
7 17
8 16
9 16
10 20
11 17
12 15
13 14
14 12
15 10
16 20

1 18
2 16
3 15
4 18
5 18
6 14
7 12
8 15
9 17
10 15
11 20
12 16
13 12
14 20
15 12
16 17

1 19
2 16
3 11
4 18
5 19
6 20
7 15
8 18
9 10
10 10
11 12
12 20
13 15
14 15
15 17
16 13

1 15
2 14
3 17
4 12
5 20
6 11
7 14
8 16
9 20
10 16
11 13
12 13
13 10
14 12
15 17
16 16

1 20
2 11
3 16
4 19
5 10
6 13
7 13
8 18
9 18
10 12
11 14
12 20
13 20
14 15
15 11
16 19

1 20
2 19
3 12
4 17
5 19
6 10
7 18
8 18
9 18
10 14
11 18
12 13
13 10
14 10
15 20
16 16

1 12
2 15
3 12
4 12
5 18
6 20
7 17
8 16
9 16
10 20
11 17
12 15
13 14
14 12
15 10
16 20

1 18
2 16
3 15
4 18
5 18
6 14
7 12
8 15
9 17
10 15
11 20
12 16
13 12
14 20
15 12
16 17

1 19
2 16
3 11
4 18
5 19
6 20
7 15
8 18
9 10
10 10
11 12
12 20
13 15
14 15
15 17
16 13

1 15
2 14
3 17
4 12
5 20
6 11
7 14
8 16
9 20
10 16
11 13
12 13
13 10
14 12
15 17
16 16

1 20
2 11
3 16
4 19
5 10
6 13
7 13
8 18
9 18
10 12
11 14
12 20
13 20
14 15
15 11
16 19

1 20
2 19
3 12
4 17
5 19
6 10
7 18
8 18
9 18
10 14
11 18
12 13
13 10
14 10
15 20
16 16

1 12
2 15
3 12
4 12
5 18
6 20
7 17
8 16
9 16
10 20
11 17
12 15
13 14
14 12
15 10
16 20

1 18
2 16
3 15
4 18
5 18
6 14
7 12
8 15
9 17
10 15
11 20
12 16
13 12
14 20
15 12
16 17

1 19
2 16
3 11
4 18
5 19
6 20
7 15
8 18
9 10
10 10
11 12
12 20
13 15
14 15
15 17
16 13

1 15
2 14
3 17
4 12
5 20
6 11
7 14
8 16
9 20
10 16
11 13
12 13
13 10
14 12
15 17
16 16

1 20
2 11
3 16
4 19
5 10
6 13
7 13
8 18
9 18
10 12
11 14
12 20
13 20
14 15
15 11
16 19

1 20
2 19
3 12
4 17
5 19
6 10
7 18
8 18
9 18
10 14
11 18
12 13
13 10
14 10
15 20
16 16

1 12
2 15
3 12
4 12
5 18
6 20
7 17
8 16
9 16
10 20
11 17
12 15
13 14
14 12
15 10
16 20

1 18
2 16
3 15
4 18
5 18
6 14
7 12
8 15
9 17
10 15
11 20
12 16
13 12
14 20
15 12
16 17

1 19
2 16
3 11
4 18
5 19
6 20
7 15
8 18
9 10
10 10
11 12
12 20
13 15
14 15
15 17
16 13

1 15
2 14
3 17
4 12
5 20
6 11
7 14
8 16
9 20
10 16
11 13
12 13
13 10
14 12
15 17
16 16

1 20
2 11
3 16
4 19
5 10
6 13
7 13
8 18
9 18
10 12
11 14
12 20
13 20
14 15
15 11
16 19

1 20
2 19
3 12
4 17
5 19
6 10
7 18
8 18
9 18
10 14
11 18
12 13
13 10
14 10
15 20
16 16

1 12
2 15
3 12
4 12
5 18
6 20
7 17
8 16
9 16
10 20
11 17
12 15
13 14
14 12
15 10
16 20

1 18
2 16
3 15
4 18
5 18
6 14
7 12
8 15
9 17
10 15
11 20
12 16
13 12
14 20
15 12
16 17

1 19
2 16
3 11
4 18
5 19
6 20
7 15
8 18
9 10
10 10
11 12
12 20
13 15
14 15
15 17
16 13

1 15
2 14
3 17
4 12
5 20
6 11
7 14
8 16
9 20
10 16
11 13
12 13
13 10
14 12
15 17
16 16

1 20
2 11
3 16
4 19
5 10
6 13
7 13
8 18
9 18
10 12
11 14
12 20
13 20
14 15
15 11
16 19

1 20
2 19
3 12
4 17
5 19
6 10
7 18
8 18
9 18
10 14
11 18
12 13
13 10
14 10
15 20
16 16

1 12
2 15
3 12
4 12
5 18
6 20
7 17
8 16
9 16
10 20
11 17
12 15
13 14
14 12
15 10
16 20

1 18
2 16
3 15
4 18
5 18
6 14
7 12
8 15
9 17
10 15
11 20
12 16
13 12
14 20
15 12
16 17

1 19
2 16
3 11
4 18
5 19
6 20
7 15
8 18
9 10
10 10
11 12
12 20
13 15
14 15
15 17
16 13

1 15
2 14
3 17
4 12
5 20
6 11
7 14
8 16
9 20
10 16
11 13
12 13
13 10
14 12
15 17
16 16

1 20
2 11
3 16
4 19
5 10
6 13
7 13
8 18
9 18
10 12
11 14
12 20
13 20
14 15
15 11
16 19

1 20
2 19
3 12
4 17
5 19
6 10
7 18
8 18
9 18
10 14
11 18
12 13
13 10
14 10
15 20
16 16

1 12
2 15
3 12
4 12
5 18
6 20
7 17
8 16
9 16
10 20
11 17
12 15
13 14
14 12
15 10
16 20

1 18
2 16
3 15
4 18
5 18
6 14
7 12
8 15
9 17
10 15
11 20
12 16
13 12
14 20
15 12
16 17

1 19
2 16
3 11
4 18
5 19
6 20
7 15
8 18
9 10
10 10
11 12
12 20
13 15
14 15
15 17
16 13

1 15
2 14
3 17
4 12
5 20
6 11
7 14
8 16
9 20
10 16
11 13
12 13
13 10
14 12
15 17
16 16

1 20
2 11
3 16
4 19
5 10
6 13
7 13
8 18
9 18
10 12
11 14
12 20
13 20
14 15
15 11
16 19

1 20
2 19
3 12
4 17
5 19
6 10
7 18
8 18
9 18
10 14
11 18
12 13
13 10
14 10
15 20
16 16

1 12
2 15
3 12
4 12
5 18
6 20
7 17
8 16
9 16
10 20
11 17
12 15
13 14
14 12
15 10
16 20

1 18
2 16
3 15
4 18
5 18
6 14
7 12
8 15
9 17
10 15
11 20
12 16
13 12
14 20
15 12
16 17

1 19
2 16
3 11
4 18
5 19
6 20
7 15
8 18
9 10
10 10
11 12
12 20
13 15
14 15
15 17
16 13

1 15
2 14
3 17
4 12
5 20
6 11
7 14
8 16
9 20
10 16
11 13
12 13
13 10
14 12
15 17
16 16

1 20
2 11
3 16
4 19
5 10
6 13
7 13
8 18
9 18
10 12
11 14
12 20
13 20
14 15
15 11
16 19

1 20
2 19
3 12
4 17
5 19
6 10
7 18
8 18
9 18
10 14
11 18
12 13
13 10
14 10
15 20
16 16

1 12
2 15
3 12
4 12
5 18
6 20
7 17
8 16
9 16
10 20
11 17
12 15
13 14
14 12
15 10
16 20

1 18
2 16
3 15
4 18
5 18
6 14
7 12
8 15
9 17
10 15
11 20
12 16
13 12
14 20
15 12
16 17

1 19
2 16
3 11
4 18
5 19
6 20
7 15
8 18
9 10
10 10
11 12
12 20
13 15
14 15
15 17
16 13