1 0
2 0
3 0
4 0
5 0
6 0
7 0
8 0

1 15
2 10
3 15
4 14
5 18
6 14
7 12
8 13

1 17
2 17
3 10
4 18
5 17
6 10
7 12
8 18

1 20
2 16
3 19
4 19
5 11
6 12
7 11
8 17

1 19
2 17
3 10
4 15
5 20
6 15
7 19
8 16

1 15
2 10
3 15
4 14
5 18
6 14
7 12
8 13

1 17
2 17
3 10
4 18
5 17
6 10
7 12
8 18

1 20
2 16
3 19
4 19
5 11
6 12
7 11
8 17

1 19
2 17
3 10
4 15
5 20
6 15
7 19
8 16

1 15
2 10
3 15
4 14
5 18
6 14
7 12
8 13

1 17
2 17
3 10
4 18
5 17
6 10
7 12
8 18

1 20
2 16
3 19
4 19
5 11
6 12
7 11
8 17

1 19
2 17
3 10
4 15
5 20
6 15
7 19
8 16

1 15
2 10
3 15
4 14
5 18
6 14
7 12
8 13

1 17
2 17
3 10
4 18
5 17
6 10
7 12
8 18

1 20
2 16
3 19
4 19
5 11
6 12
7 11
8 17

1 19
2 17
3 10
4 15
5 20
6 15
7 19
8 16

1 15
2 10
3 15
4 14
5 18
6 14
7 12
8 13

1 17
2 17
3 10
4 18
5 17
6 10
7 12
8 18

1 20
2 16
3 19
4 19
5 11
6 12
7 11
8 17

1 19
2 17
3 10
4 15
5 20
6 15
7 19
8 16

1 15
2 10
3 15
4 14
5 18
6 14
7 12
8 13

1 17
2 17
3 10
4 18
5 17
6 10
7 12
8 18

1 20
2 16
3 19
4 19
5 11
6 12
7 11
8 17

1 19
2 17
3 10
4 15
5 20
6 15
7 19
8 16

1 15
2 10
3 15
4 14
5 18
6 14
7 12
8 13

1 17
2 17
3 10
4 18
5 17
6 10
7 12
8 18

1 20
2 16
3 19
4 19
5 11
6 12
7 11
8 17

1 19
2 17
3 10
4 15
5 20
6 15
7 19
8 16

1 15
2 10
3 15
4 14
5 18
6 14
7 12
8 13

1 17
2 17
3 10
4 18
5 17
6 10
7 12
8 18

1 20
2 16
3 19
4 19
5 11
6 12
7 11
8 17

1 19
2 17
3 10
4 15
5 20
6 15
7 19
8 16

1 15
2 10
3 15
4 14
5 18
6 14
7 12
8 13

1 17
2 17
3 10
4 18
5 17
6 10
7 12
8 18

1 20
2 16
3 19
4 19
5 11
6 12
7 11
8 17

1 19
2 17
3 10
4 15
5 20
6 15
7 19
8 16

1 15
2 10
3 15
4 14
5 18
6 14
7 12
8 13

1 17
2 17
3 10
4 18
5 17
6 10
7 12
8 18

1 20
2 16
3 19
4 19
5 11
6 12
7 11
8 17

1 19
2 17
3 10
4 15
5 20
6 15
7 19
8 16