1 0
2 0
3 0
4 0
5 0
6 0
7 0
8 0
9 0
10 0
11 0
12 0
13 0
14 0
15 0
16 0

1 11
2 19
3 20
4 20
5 16
6 13
7 14
8 17
9 19
10 11
11 13
12 13
13 14
14 13
15 14
16 12

1 13
2 12
3 20
4 15
5 17
6 19
7 14
8 14
9 19
10 14
11 19
12 18
13 16
14 19
15 19
16 17

1 15
2 11
3 17
4 17
5 19
6 10
7 20
8 11
9 17
10 19
11 18
12 17
13 16
14 11
15 11
16 13

1 12
2 15
3 15
4 15
5 15
6 10
7 12
8 14
9 16
10 15
11 11
12 12
13 13
14 14
15 16
16 20

1 11
2 19
3 20
4 20
5 16
6 13
7 14
8 17
9 19
10 11
11 13
12 13
13 14
14 13
15 14
16 12

1 13
2 12
3 20
4 15
5 17
6 19
7 14
8 14
9 19
10 14
11 19
12 18
13 16
14 19
15 19
16 17

1 15
2 11
3 17
4 17
5 19
6 10
7 20
8 11
9 17
10 19
11 18
12 17
13 16
14 11
15 11
16 13

1 12
2 15
3 15
4 15
5 15
6 10
7 12
8 14
9 16
10 15
11 11
12 12
13 13
14 14
15 16
16 20

1 11
2 19
3 20
4 20
5 16
6 13
7 14
8 17
9 19
10 11
11 13
12 13
13 14
14 13
15 14
16 12

1 13
2 12
3 20
4 15
5 17
6 19
7 14
8 14
9 19
10 14
11 19
12 18
13 16
14 19
15 19
16 17

1 15
2 11
3 17
4 17
5 19
6 10
7 20
8 11
9 17
10 19
11 18
12 17
13 16
14 11
15 11
16 13

1 12
2 15
3 15
4 15
5 15
6 10
7 12
8 14
9 16
10 15
11 11
12 12
13 13
14 14
15 16
16 20

1 11
2 19
3 20
4 20
5 16
6 13
7 14
8 17
9 19
10 11
11 13
12 13
13 14
14 13
15 14
16 12

1 13
2 12
3 20
4 15
5 17
6 19
7 14
8 14
9 19
10 14
11 19
12 18
13 16
14 19
15 19
16 17

1 15
2 11
3 17
4 17
5 19
6 10
7 20
8 11
9 17
10 19
11 18
12 17
13 16
14 11
15 11
16 13

1 12
2 15
3 15
4 15
5 15
6 10
7 12
8 14
9 16
10 15
11 11
12 12
13 13
14 14
15 16
16 20

1 11
2 19
3 20
4 20
5 16
6 13
7 14
8 17
9 19
10 11
11 13
12 13
13 14
14 13
15 14
16 12

1 13
2 12
3 20
4 15
5 17
6 19
7 14
8 14
9 19
10 14
11 19
12 18
13 16
14 19
15 19
16 17

1 15
2 11
3 17
4 17
5 19
6 10
7 20
8 11
9 17
10 19
11 18
12 17
13 16
14 11
15 11
16 13

1 12
2 15
3 15
4 15
5 15
6 10
7 12
8 14
9 16
10 15
11 11
12 12
13 13
14 14
15 16
16 20

1 11
2 19
3 20
4 20
5 16
6 13
7 14
8 17
9 19
10 11
11 13
12 13
13 14
14 13
15 14
16 12

1 13
2 12
3 20
4 15
5 17
6 19
7 14
8 14
9 19
10 14
11 19
12 18
13 16
14 19
15 19
16 17

1 15
2 11
3 17
4 17
5 19
6 10
7 20
8 11
9 17
10 19
11 18
12 17
13 16
14 11
15 11
16 13

1 12
2 15
3 15
4 15
5 15
6 10
7 12
8 14
9 16
10 15
11 11
12 12
13 13
14 14
15 16
16 20

1 11
2 19
3 20
4 20
5 16
6 13
7 14
8 17
9 19
10 11
11 13
12 13
13 14
14 13
15 14
16 12

1 13
2 12
3 20
4 15
5 17
6 19
7 14
8 14
9 19
10 14
11 19
12 18
13 16
14 19
15 19
16 17

1 15
2 11
3 17
4 17
5 19
6 10
7 20
8 11
9 17
10 19
11 18
12 17
13 16
14 11
15 11
16 13

1 12
2 15
3 15
4 15
5 15
6 10
7 12
8 14
9 16
10 15
11 11
12 12
13 13
14 14
15 16
16 20

1 11
2 19
3 20
4 20
5 16
6 13
7 14
8 17
9 19
10 11
11 13
12 13
13 14
14 13
15 14
16 12

1 13
2 12
3 20
4 15
5 17
6 19
7 14
8 14
9 19
10 14
11 19
12 18
13 16
14 19
15 19
16 17

1 15
2 11
3 17
4 17
5 19
6 10
7 20
8 11
9 17
10 19
11 18
12 17
13 16
14 11
15 11
16 13

1 12
2 15
3 15
4 15
5 15
6 10
7 12
8 14
9 16
10 15
11 11
12 12
13 13
14 14
15 16
16 20

1 11
2 19
3 20
4 20
5 16
6 13
7 14
8 17
9 19
10 11
11 13
12 13
13 14
14 13
15 14
16 12

1 13
2 12
3 20
4 15
5 17
6 19
7 14
8 14
9 19
10 14
11 19
12 18
13 16
14 19
15 19
16 17

1 15
2 11
3 17
4 17
5 19
6 10
7 20
8 11
9 17
10 19
11 18
12 17
13 16
14 11
15 11
16 13

1 12
2 15
3 15
4 15
5 15
6 10
7 12
8 14
9 16
10 15
11 11
12 12
13 13
14 14
15 16
16 20

1 11
2 19
3 20
4 20
5 16
6 13
7 14
8 17
9 19
10 11
11 13
12 13
13 14
14 13
15 14
16 12

1 13
2 12
3 20
4 15
5 17
6 19
7 14
8 14
9 19
10 14
11 19
12 18
13 16
14 19
15 19
16 17

1 15
2 11
3 17
4 17
5 19
6 10
7 20
8 11
9 17
10 19
11 18
12 17
13 16
14 11
15 11
16 13

1 12
2 15
3 15
4 15
5 15
6 10
7 12
8 14
9 16
10 15
11 11
12 12
13 13
14 14
15 16
16 20

1 11
2 19
3 20
4 20
5 16
6 13
7 14
8 17
9 19
10 11
11 13
12 13
13 14
14 13
15 14
16 12

1 13
2 12
3 20
4 15
5 17
6 19
7 14
8 14
9 19
10 14
11 19
12 18
13 16
14 19
15 19
16 17

1 15
2 11
3 17
4 17
5 19
6 10
7 20
8 11
9 17
10 19
11 18
12 17
13 16
14 11
15 11
16 13

1 12
2 15
3 15
4 15
5 15
6 10
7 12
8 14
9 16
10 15
11 11
12 12
13 13
14 14
15 16
16 20

1 11
2 19
3 20
4 20
5 16
6 13
7 14
8 17
9 19
10 11
11 13
12 13
13 14
14 13
15 14
16 12

1 13
2 12
3 20
4 15
5 17
6 19
7 14
8 14
9 19
10 14
11 19
12 18
13 16
14 19
15 19
16 17

1 15
2 11
3 17
4 17
5 19
6 10
7 20
8 11
9 17
10 19
11 18
12 17
13 16
14 11
15 11
16 13

1 12
2 15
3 15
4 15
5 15
6 10
7 12
8 14
9 16
10 15
11 11
12 12
13 13
14 14
15 16
16 20

1 11
2 19
3 20
4 20
5 16
6 13
7 14
8 17
9 19
10 11
11 13
12 13
13 14
14 13
15 14
16 12

1 13
2 12
3 20
4 15
5 17
6 19
7 14
8 14
9 19
10 14
11 19
12 18
13 16
14 19
15 19
16 17

1 15
2 11
3 17
4 17
5 19
6 10
7 20
8 11
9 17
10 19
11 18
12 17
13 16
14 11
15 11
16 13

1 12
2 15
3 15
4 15
5 15
6 10
7 12
8 14
9 16
10 15
11 11
12 12
13 13
14 14
15 16
16 20

1 11
2 19
3 20
4 20
5 16
6 13
7 14
8 17
9 19
10 11
11 13
12 13
13 14
14 13
15 14
16 12

1 13
2 12
3 20
4 15
5 17
6 19
7 14
8 14
9 19
10 14
11 19
12 18
13 16
14 19
15 19
16 17

1 15
2 11
3 17
4 17
5 19
6 10
7 20
8 11
9 17
10 19
11 18
12 17
13 16
14 11
15 11
16 13

1 12
2 15
3 15
4 15
5 15
6 10
7 12
8 14
9 16
10 15
11 11
12 12
13 13
14 14
15 16
16 20

1 11
2 19
3 20
4 20
5 16
6 13
7 14
8 17
9 19
10 11
11 13
12 13
13 14
14 13
15 14
16 12

1 13
2 12
3 20
4 15
5 17
6 19
7 14
8 14
9 19
10 14
11 19
12 18
13 16
14 19
15 19
16 17

1 15
2 11
3 17
4 17
5 19
6 10
7 20
8 11
9 17
10 19
11 18
12 17
13 16
14 11
15 11
16 13

1 12
2 15
3 15
4 15
5 15
6 10
7 12
8 14
9 16
10 15
11 11
12 12
13 13
14 14
15 16
16 20

1 11
2 19
3 20
4 20
5 16
6 13
7 14
8 17
9 19
10 11
11 13
12 13
13 14
14 13
15 14
16 12

1 13
2 12
3 20
4 15
5 17
6 19
7 14
8 14
9 19
10 14
11 19
12 18
13 16
14 19
15 19
16 17

1 15
2 11
3 17
4 17
5 19
6 10
7 20
8 11
9 17
10 19
11 18
12 17
13 16
14 11
15 11
16 13

1 12
2 15
3 15
4 15
5 15
6 10
7 12
8 14
9 16
10 15
11 11
12 12
13 13
14 14
15 16
16 20

1 11
2 19
3 20
4 20
5 16
6 13
7 14
8 17
9 19
10 11
11 13
12 13
13 14
14 13
15 14
16 12

1 13
2 12
3 20
4 15
5 17
6 19
7 14
8 14
9 19
10 14
11 19
12 18
13 16
14 19
15 19
16 17

1 15
2 11
3 17
4 17
5 19
6 10
7 20
8 11
9 17
10 19
11 18
12 17
13 16
14 11
15 11
16 13

1 12
2 15
3 15
4 15
5 15
6 10
7 12
8 14
9 16
10 15
11 11
12 12
13 13
14 14
15 16
16 20

1 11
2 19
3 20
4 20
5 16
6 13
7 14
8 17
9 19
10 11
11 13
12 13
13 14
14 13
15 14
16 12

1 13
2 12
3 20
4 15
5 17
6 19
7 14
8 14
9 19
10 14
11 19
12 18
13 16
14 19
15 19
16 17

1 15
2 11
3 17
4 17
5 19
6 10
7 20
8 11
9 17
10 19
11 18
12 17
13 16
14 11
15 11
16 13

1 12
2 15
3 15
4 15
5 15
6 10
7 12
8 14
9 16
10 15
11 11
12 12
13 13
14 14
15 16
16 20

1 11
2 19
3 20
4 20
5 16
6 13
7 14
8 17
9 19
10 11
11 13
12 13
13 14
14 13
15 14
16 12

1 13
2 12
3 20
4 15
5 17
6 19
7 14
8 14
9 19
10 14
11 19
12 18
13 16
14 19
15 19
16 17

1 15
2 11
3 17
4 17
5 19
6 10
7 20
8 11
9 17
10 19
11 18
12 17
13 16
14 11
15 11
16 13

1 12
2 15
3 15
4 15
5 15
6 10
7 12
8 14
9 16
10 15
11 11
12 12
13 13
14 14
15 16
16 20

1 11
2 19
3 20
4 20
5 16
6 13
7 14
8 17
9 19
10 11
11 13
12 13
13 14
14 13
15 14
16 12

1 13
2 12
3 20
4 15
5 17
6 19
7 14
8 14
9 19
10 14
11 19
12 18
13 16
14 19
15 19
16 17

1 15
2 11
3 17
4 17
5 19
6 10
7 20
8 11
9 17
10 19
11 18
12 17
13 16
14 11
15 11
16 13

1 12
2 15
3 15
4 15
5 15
6 10
7 12
8 14
9 16
10 15
11 11
12 12
13 13
14 14
15 16
16 20