1 0
2 0
3 0
4 0
5 0
6 0
7 0
8 0
9 0
10 0
11 0
12 0
13 0
14 0
15 0
16 0

1 3
2 1
3 2
4 1
5 1
6 3
7 3
8 1
9 8
10 7
11 4
12 2
13 4
14 6
15 3
16 1

1 6
2 9
3 3
4 8
5 9
6 8
7 5
8 2
9 2
10 5
11 7
12 1
13 7
14 8
15 8
16 3

1 4
2 7
3 0
4 2
5 7
6 6
7 3
8 3
9 9
10 4
11 9
12 3
13 9
14 1
15 1
16 5

1 9
2 5
3 9
4 1
5 0
6 7
7 3
8 9
9 5
10 7
11 2
12 5
13 5
14 0
15 1
16 1

1 3
2 1
3 2
4 1
5 1
6 3
7 3
8 1
9 8
10 7
11 4
12 2
13 4
14 6
15 3
16 1

1 6
2 9
3 3
4 8
5 9
6 8
7 5
8 2
9 2
10 5
11 7
12 1
13 7
14 8
15 8
16 3

1 4
2 7
3 0
4 2
5 7
6 6
7 3
8 3
9 9
10 4
11 9
12 3
13 9
14 1
15 1
16 5

1 9
2 5
3 9
4 1
5 0
6 7
7 3
8 9
9 5
10 7
11 2
12 5
13 5
14 0
15 1
16 1

1 3
2 1
3 2
4 1
5 1
6 3
7 3
8 1
9 8
10 7
11 4
12 2
13 4
14 6
15 3
16 1

1 6
2 9
3 3
4 8
5 9
6 8
7 5
8 2
9 2
10 5
11 7
12 1
13 7
14 8
15 8
16 3

1 4
2 7
3 0
4 2
5 7
6 6
7 3
8 3
9 9
10 4
11 9
12 3
13 9
14 1
15 1
16 5

1 9
2 5
3 9
4 1
5 0
6 7
7 3
8 9
9 5
10 7
11 2
12 5
13 5
14 0
15 1
16 1

1 3
2 1
3 2
4 1
5 1
6 3
7 3
8 1
9 8
10 7
11 4
12 2
13 4
14 6
15 3
16 1

1 6
2 9
3 3
4 8
5 9
6 8
7 5
8 2
9 2
10 5
11 7
12 1
13 7
14 8
15 8
16 3

1 4
2 7
3 0
4 2
5 7
6 6
7 3
8 3
9 9
10 4
11 9
12 3
13 9
14 1
15 1
16 5

1 9
2 5
3 9
4 1
5 0
6 7
7 3
8 9
9 5
10 7
11 2
12 5
13 5
14 0
15 1
16 1

1 3
2 1
3 2
4 1
5 1
6 3
7 3
8 1
9 8
10 7
11 4
12 2
13 4
14 6
15 3
16 1

1 6
2 9
3 3
4 8
5 9
6 8
7 5
8 2
9 2
10 5
11 7
12 1
13 7
14 8
15 8
16 3

1 4
2 7
3 0
4 2
5 7
6 6
7 3
8 3
9 9
10 4
11 9
12 3
13 9
14 1
15 1
16 5

1 9
2 5
3 9
4 1
5 0
6 7
7 3
8 9
9 5
10 7
11 2
12 5
13 5
14 0
15 1
16 1

1 3
2 1
3 2
4 1
5 1
6 3
7 3
8 1
9 8
10 7
11 4
12 2
13 4
14 6
15 3
16 1

1 6
2 9
3 3
4 8
5 9
6 8
7 5
8 2
9 2
10 5
11 7
12 1
13 7
14 8
15 8
16 3

1 4
2 7
3 0
4 2
5 7
6 6
7 3
8 3
9 9
10 4
11 9
12 3
13 9
14 1
15 1
16 5

1 9
2 5
3 9
4 1
5 0
6 7
7 3
8 9
9 5
10 7
11 2
12 5
13 5
14 0
15 1
16 1

1 3
2 1
3 2
4 1
5 1
6 3
7 3
8 1
9 8
10 7
11 4
12 2
13 4
14 6
15 3
16 1

1 6
2 9
3 3
4 8
5 9
6 8
7 5
8 2
9 2
10 5
11 7
12 1
13 7
14 8
15 8
16 3

1 4
2 7
3 0
4 2
5 7
6 6
7 3
8 3
9 9
10 4
11 9
12 3
13 9
14 1
15 1
16 5

1 9
2 5
3 9
4 1
5 0
6 7
7 3
8 9
9 5
10 7
11 2
12 5
13 5
14 0
15 1
16 1

1 3
2 1
3 2
4 1
5 1
6 3
7 3
8 1
9 8
10 7
11 4
12 2
13 4
14 6
15 3
16 1

1 6
2 9
3 3
4 8
5 9
6 8
7 5
8 2
9 2
10 5
11 7
12 1
13 7
14 8
15 8
16 3

1 4
2 7
3 0
4 2
5 7
6 6
7 3
8 3
9 9
10 4
11 9
12 3
13 9
14 1
15 1
16 5

1 9
2 5
3 9
4 1
5 0
6 7
7 3
8 9
9 5
10 7
11 2
12 5
13 5
14 0
15 1
16 1

1 3
2 1
3 2
4 1
5 1
6 3
7 3
8 1
9 8
10 7
11 4
12 2
13 4
14 6
15 3
16 1

1 6
2 9
3 3
4 8
5 9
6 8
7 5
8 2
9 2
10 5
11 7
12 1
13 7
14 8
15 8
16 3

1 4
2 7
3 0
4 2
5 7
6 6
7 3
8 3
9 9
10 4
11 9
12 3
13 9
14 1
15 1
16 5

1 9
2 5
3 9
4 1
5 0
6 7
7 3
8 9
9 5
10 7
11 2
12 5
13 5
14 0
15 1
16 1

1 3
2 1
3 2
4 1
5 1
6 3
7 3
8 1
9 8
10 7
11 4
12 2
13 4
14 6
15 3
16 1

1 6
2 9
3 3
4 8
5 9
6 8
7 5
8 2
9 2
10 5
11 7
12 1
13 7
14 8
15 8
16 3

1 4
2 7
3 0
4 2
5 7
6 6
7 3
8 3
9 9
10 4
11 9
12 3
13 9
14 1
15 1
16 5

1 9
2 5
3 9
4 1
5 0
6 7
7 3
8 9
9 5
10 7
11 2
12 5
13 5
14 0
15 1
16 1

1 3
2 1
3 2
4 1
5 1
6 3
7 3
8 1
9 8
10 7
11 4
12 2
13 4
14 6
15 3
16 1

1 6
2 9
3 3
4 8
5 9
6 8
7 5
8 2
9 2
10 5
11 7
12 1
13 7
14 8
15 8
16 3

1 4
2 7
3 0
4 2
5 7
6 6
7 3
8 3
9 9
10 4
11 9
12 3
13 9
14 1
15 1
16 5

1 9
2 5
3 9
4 1
5 0
6 7
7 3
8 9
9 5
10 7
11 2
12 5
13 5
14 0
15 1
16 1

1 3
2 1
3 2
4 1
5 1
6 3
7 3
8 1
9 8
10 7
11 4
12 2
13 4
14 6
15 3
16 1

1 6
2 9
3 3
4 8
5 9
6 8
7 5
8 2
9 2
10 5
11 7
12 1
13 7
14 8
15 8
16 3

1 4
2 7
3 0
4 2
5 7
6 6
7 3
8 3
9 9
10 4
11 9
12 3
13 9
14 1
15 1
16 5

1 9
2 5
3 9
4 1
5 0
6 7
7 3
8 9
9 5
10 7
11 2
12 5
13 5
14 0
15 1
16 1

1 3
2 1
3 2
4 1
5 1
6 3
7 3
8 1
9 8
10 7
11 4
12 2
13 4
14 6
15 3
16 1

1 6
2 9
3 3
4 8
5 9
6 8
7 5
8 2
9 2
10 5
11 7
12 1
13 7
14 8
15 8
16 3

1 4
2 7
3 0
4 2
5 7
6 6
7 3
8 3
9 9
10 4
11 9
12 3
13 9
14 1
15 1
16 5

1 9
2 5
3 9
4 1
5 0
6 7
7 3
8 9
9 5
10 7
11 2
12 5
13 5
14 0
15 1
16 1

1 3
2 1
3 2
4 1
5 1
6 3
7 3
8 1
9 8
10 7
11 4
12 2
13 4
14 6
15 3
16 1

1 6
2 9
3 3
4 8
5 9
6 8
7 5
8 2
9 2
10 5
11 7
12 1
13 7
14 8
15 8
16 3

1 4
2 7
3 0
4 2
5 7
6 6
7 3
8 3
9 9
10 4
11 9
12 3
13 9
14 1
15 1
16 5

1 9
2 5
3 9
4 1
5 0
6 7
7 3
8 9
9 5
10 7
11 2
12 5
13 5
14 0
15 1
16 1

1 3
2 1
3 2
4 1
5 1
6 3
7 3
8 1
9 8
10 7
11 4
12 2
13 4
14 6
15 3
16 1

1 6
2 9
3 3
4 8
5 9
6 8
7 5
8 2
9 2
10 5
11 7
12 1
13 7
14 8
15 8
16 3

1 4
2 7
3 0
4 2
5 7
6 6
7 3
8 3
9 9
10 4
11 9
12 3
13 9
14 1
15 1
16 5

1 9
2 5
3 9
4 1
5 0
6 7
7 3
8 9
9 5
10 7
11 2
12 5
13 5
14 0
15 1
16 1

1 3
2 1
3 2
4 1
5 1
6 3
7 3
8 1
9 8
10 7
11 4
12 2
13 4
14 6
15 3
16 1

1 6
2 9
3 3
4 8
5 9
6 8
7 5
8 2
9 2
10 5
11 7
12 1
13 7
14 8
15 8
16 3

1 4
2 7
3 0
4 2
5 7
6 6
7 3
8 3
9 9
10 4
11 9
12 3
13 9
14 1
15 1
16 5

1 9
2 5
3 9
4 1
5 0
6 7
7 3
8 9
9 5
10 7
11 2
12 5
13 5
14 0
15 1
16 1

1 3
2 1
3 2
4 1
5 1
6 3
7 3
8 1
9 8
10 7
11 4
12 2
13 4
14 6
15 3
16 1

1 6
2 9
3 3
4 8
5 9
6 8
7 5
8 2
9 2
10 5
11 7
12 1
13 7
14 8
15 8
16 3

1 4
2 7
3 0
4 2
5 7
6 6
7 3
8 3
9 9
10 4
11 9
12 3
13 9
14 1
15 1
16 5

1 9
2 5
3 9
4 1
5 0
6 7
7 3
8 9
9 5
10 7
11 2
12 5
13 5
14 0
15 1
16 1

1 3
2 1
3 2
4 1
5 1
6 3
7 3
8 1
9 8
10 7
11 4
12 2
13 4
14 6
15 3
16 1

1 6
2 9
3 3
4 8
5 9
6 8
7 5
8 2
9 2
10 5
11 7
12 1
13 7
14 8
15 8
16 3

1 4
2 7
3 0
4 2
5 7
6 6
7 3
8 3
9 9
10 4
11 9
12 3
13 9
14 1
15 1
16 5

1 9
2 5
3 9
4 1
5 0
6 7
7 3
8 9
9 5
10 7
11 2
12 5
13 5
14 0
15 1
16 1

1 3
2 1
3 2
4 1
5 1
6 3
7 3
8 1
9 8
10 7
11 4
12 2
13 4
14 6
15 3
16 1

1 6
2 9
3 3
4 8
5 9
6 8
7 5
8 2
9 2
10 5
11 7
12 1
13 7
14 8
15 8
16 3

1 4
2 7
3 0
4 2
5 7
6 6
7 3
8 3
9 9
10 4
11 9
12 3
13 9
14 1
15 1
16 5

1 9
2 5
3 9
4 1
5 0
6 7
7 3
8 9
9 5
10 7
11 2
12 5
13 5
14 0
15 1
16 1

1 3
2 1
3 2
4 1
5 1
6 3
7 3
8 1
9 8
10 7
11 4
12 2
13 4
14 6
15 3
16 1

1 6
2 9
3 3
4 8
5 9
6 8
7 5
8 2
9 2
10 5
11 7
12 1
13 7
14 8
15 8
16 3

1 4
2 7
3 0
4 2
5 7
6 6
7 3
8 3
9 9
10 4
11 9
12 3
13 9
14 1
15 1
16 5

1 9
2 5
3 9
4 1
5 0
6 7
7 3
8 9
9 5
10 7
11 2
12 5
13 5
14 0
15 1
16 1