1 0
2 0
3 0
4 0

1 20
2 14
3 13
4 13

1 11
2 15
3 11
4 12

1 17
2 10
3 10
4 19

1 11
2 16
3 13
4 10

1 18
2 20
3 15
4 10

1 16
2 11
3 18
4 19

1 20
2 14
3 13
4 13

1 11
2 15
3 11
4 12

1 17
2 10
3 10
4 19

1 11
2 16
3 13
4 10

1 18
2 20
3 15
4 10

1 16
2 11
3 18
4 19

1 20
2 14
3 13
4 13

1 11
2 15
3 11
4 12

1 17
2 10
3 10
4 19

1 11
2 16
3 13
4 10

1 18
2 20
3 15
4 10

1 16
2 11
3 18
4 19

1 20
2 14
3 13
4 13

1 11
2 15
3 11
4 12

1 17
2 10
3 10
4 19

1 11
2 16
3 13
4 10

1 18
2 20
3 15
4 10

1 16
2 11
3 18
4 19

1 20
2 14
3 13
4 13

1 11
2 15
3 11
4 12

1 17
2 10
3 10
4 19

1 11
2 16
3 13
4 10

1 18
2 20
3 15
4 10

1 16
2 11
3 18
4 19

1 20
2 14
3 13
4 13

1 11
2 15
3 11
4 12

1 17
2 10
3 10
4 19

1 11
2 16
3 13
4 10

1 18
2 20
3 15
4 10

1 16
2 11
3 18
4 19

1 20
2 14
3 13
4 13

1 11
2 15
3 11
4 12

1 17
2 10
3 10
4 19

1 11
2 16
3 13
4 10

1 18
2 20
3 15
4 10

1 16
2 11
3 18
4 19

1 20
2 14
3 13
4 13

1 11
2 15
3 11
4 12

1 17
2 10
3 10
4 19

1 11
2 16
3 13
4 10

1 18
2 20
3 15
4 10

1 16
2 11
3 18
4 19

1 20
2 14
3 13
4 13

1 11
2 15
3 11
4 12

1 17
2 10
3 10
4 19

1 11
2 16
3 13
4 10

1 18
2 20
3 15
4 10

1 16
2 11
3 18
4 19

1 20
2 14
3 13
4 13

1 11
2 15
3 11
4 12

1 17
2 10
3 10
4 19

1 11
2 16
3 13
4 10

1 18
2 20
3 15
4 10

1 16
2 11
3 18
4 19

1 20
2 14
3 13
4 13

1 11
2 15
3 11
4 12

1 17
2 10
3 10
4 19

1 11
2 16
3 13
4 10

1 18
2 20
3 15
4 10

1 16
2 11
3 18
4 19

1 20
2 14
3 13
4 13

1 11
2 15
3 11
4 12

1 17
2 10
3 10
4 19

1 11
2 16
3 13
4 10

1 18
2 20
3 15
4 10

1 16
2 11
3 18
4 19

1 20
2 14
3 13
4 13

1 11
2 15
3 11
4 12

1 17
2 10
3 10
4 19

1 11
2 16
3 13
4 10

1 18
2 20
3 15
4 10

1 16
2 11
3 18
4 19

1 20
2 14
3 13
4 13

1 11
2 15
3 11
4 12

1 17
2 10
3 10
4 19

1 11
2 16
3 13
4 10

1 18
2 20
3 15
4 10

1 16
2 11
3 18
4 19

1 20
2 14
3 13
4 13

1 11
2 15
3 11
4 12

1 17
2 10
3 10
4 19

1 11
2 16
3 13
4 10

1 18
2 20
3 15
4 10

1 16
2 11
3 18
4 19

1 20
2 14
3 13
4 13

1 11
2 15
3 11
4 12

1 17
2 10
3 10
4 19

1 11
2 16
3 13
4 10

1 18
2 20
3 15
4 10

1 16
2 11
3 18
4 19

1 20
2 14
3 13
4 13

1 11
2 15
3 11
4 12

1 17
2 10
3 10
4 19

1 11
2 16
3 13
4 10

1 18
2 20
3 15
4 10

1 16
2 11
3 18
4 19

1 20
2 14
3 13
4 13

1 11
2 15
3 11
4 12

1 17
2 10
3 10
4 19

1 11
2 16
3 13
4 10

1 18
2 20
3 15
4 10

1 16
2 11
3 18
4 19

1 20
2 14
3 13
4 13

1 11
2 15
3 11
4 12

1 17
2 10
3 10
4 19

1 11
2 16
3 13
4 10

1 18
2 20
3 15
4 10

1 16
2 11
3 18
4 19

1 20
2 14
3 13
4 13

1 11
2 15
3 11
4 12

1 17
2 10
3 10
4 19

1 11
2 16
3 13
4 10

1 18
2 20
3 15
4 10

1 16
2 11
3 18
4 19