1 0
2 0
3 0
4 0
5 0
6 0
7 0
8 0
9 0
10 0
11 0
12 0
13 0
14 0
15 0
16 0

1 10
2 14
3 20
4 18
5 11
6 10
7 14
8 14
9 19
10 18
11 18
12 19
13 15
14 11
15 17
16 19

1 11
2 20
3 11
4 20
5 13
6 18
7 18
8 12
9 13
10 19
11 15
12 13
13 12
14 13
15 13
16 19

1 17
2 14
3 18
4 19
5 14
6 12
7 13
8 12
9 18
10 14
11 10
12 12
13 13
14 10
15 19
16 20

1 14
2 10
3 16
4 18
5 14
6 10
7 18
8 13
9 17
10 19
11 18
12 13
13 11
14 19
15 20
16 12

1 10
2 14
3 20
4 18
5 11
6 10
7 14
8 14
9 19
10 18
11 18
12 19
13 15
14 11
15 17
16 19

1 11
2 20
3 11
4 20
5 13
6 18
7 18
8 12
9 13
10 19
11 15
12 13
13 12
14 13
15 13
16 19

1 17
2 14
3 18
4 19
5 14
6 12
7 13
8 12
9 18
10 14
11 10
12 12
13 13
14 10
15 19
16 20

1 14
2 10
3 16
4 18
5 14
6 10
7 18
8 13
9 17
10 19
11 18
12 13
13 11
14 19
15 20
16 12

1 10
2 14
3 20
4 18
5 11
6 10
7 14
8 14
9 19
10 18
11 18
12 19
13 15
14 11
15 17
16 19

1 11
2 20
3 11
4 20
5 13
6 18
7 18
8 12
9 13
10 19
11 15
12 13
13 12
14 13
15 13
16 19

1 17
2 14
3 18
4 19
5 14
6 12
7 13
8 12
9 18
10 14
11 10
12 12
13 13
14 10
15 19
16 20

1 14
2 10
3 16
4 18
5 14
6 10
7 18
8 13
9 17
10 19
11 18
12 13
13 11
14 19
15 20
16 12

1 10
2 14
3 20
4 18
5 11
6 10
7 14
8 14
9 19
10 18
11 18
12 19
13 15
14 11
15 17
16 19

1 11
2 20
3 11
4 20
5 13
6 18
7 18
8 12
9 13
10 19
11 15
12 13
13 12
14 13
15 13
16 19

1 17
2 14
3 18
4 19
5 14
6 12
7 13
8 12
9 18
10 14
11 10
12 12
13 13
14 10
15 19
16 20

1 14
2 10
3 16
4 18
5 14
6 10
7 18
8 13
9 17
10 19
11 18
12 13
13 11
14 19
15 20
16 12

1 10
2 14
3 20
4 18
5 11
6 10
7 14
8 14
9 19
10 18
11 18
12 19
13 15
14 11
15 17
16 19

1 11
2 20
3 11
4 20
5 13
6 18
7 18
8 12
9 13
10 19
11 15
12 13
13 12
14 13
15 13
16 19

1 17
2 14
3 18
4 19
5 14
6 12
7 13
8 12
9 18
10 14
11 10
12 12
13 13
14 10
15 19
16 20

1 14
2 10
3 16
4 18
5 14
6 10
7 18
8 13
9 17
10 19
11 18
12 13
13 11
14 19
15 20
16 12

1 10
2 14
3 20
4 18
5 11
6 10
7 14
8 14
9 19
10 18
11 18
12 19
13 15
14 11
15 17
16 19

1 11
2 20
3 11
4 20
5 13
6 18
7 18
8 12
9 13
10 19
11 15
12 13
13 12
14 13
15 13
16 19

1 17
2 14
3 18
4 19
5 14
6 12
7 13
8 12
9 18
10 14
11 10
12 12
13 13
14 10
15 19
16 20

1 14
2 10
3 16
4 18
5 14
6 10
7 18
8 13
9 17
10 19
11 18
12 13
13 11
14 19
15 20
16 12

1 10
2 14
3 20
4 18
5 11
6 10
7 14
8 14
9 19
10 18
11 18
12 19
13 15
14 11
15 17
16 19

1 11
2 20
3 11
4 20
5 13
6 18
7 18
8 12
9 13
10 19
11 15
12 13
13 12
14 13
15 13
16 19

1 17
2 14
3 18
4 19
5 14
6 12
7 13
8 12
9 18
10 14
11 10
12 12
13 13
14 10
15 19
16 20

1 14
2 10
3 16
4 18
5 14
6 10
7 18
8 13
9 17
10 19
11 18
12 13
13 11
14 19
15 20
16 12

1 10
2 14
3 20
4 18
5 11
6 10
7 14
8 14
9 19
10 18
11 18
12 19
13 15
14 11
15 17
16 19

1 11
2 20
3 11
4 20
5 13
6 18
7 18
8 12
9 13
10 19
11 15
12 13
13 12
14 13
15 13
16 19

1 17
2 14
3 18
4 19
5 14
6 12
7 13
8 12
9 18
10 14
11 10
12 12
13 13
14 10
15 19
16 20

1 14
2 10
3 16
4 18
5 14
6 10
7 18
8 13
9 17
10 19
11 18
12 13
13 11
14 19
15 20
16 12

1 10
2 14
3 20
4 18
5 11
6 10
7 14
8 14
9 19
10 18
11 18
12 19
13 15
14 11
15 17
16 19

1 11
2 20
3 11
4 20
5 13
6 18
7 18
8 12
9 13
10 19
11 15
12 13
13 12
14 13
15 13
16 19

1 17
2 14
3 18
4 19
5 14
6 12
7 13
8 12
9 18
10 14
11 10
12 12
13 13
14 10
15 19
16 20

1 14
2 10
3 16
4 18
5 14
6 10
7 18
8 13
9 17
10 19
11 18
12 13
13 11
14 19
15 20
16 12

1 10
2 14
3 20
4 18
5 11
6 10
7 14
8 14
9 19
10 18
11 18
12 19
13 15
14 11
15 17
16 19

1 11
2 20
3 11
4 20
5 13
6 18
7 18
8 12
9 13
10 19
11 15
12 13
13 12
14 13
15 13
16 19

1 17
2 14
3 18
4 19
5 14
6 12
7 13
8 12
9 18
10 14
11 10
12 12
13 13
14 10
15 19
16 20

1 14
2 10
3 16
4 18
5 14
6 10
7 18
8 13
9 17
10 19
11 18
12 13
13 11
14 19
15 20
16 12

1 10
2 14
3 20
4 18
5 11
6 10
7 14
8 14
9 19
10 18
11 18
12 19
13 15
14 11
15 17
16 19

1 11
2 20
3 11
4 20
5 13
6 18
7 18
8 12
9 13
10 19
11 15
12 13
13 12
14 13
15 13
16 19

1 17
2 14
3 18
4 19
5 14
6 12
7 13
8 12
9 18
10 14
11 10
12 12
13 13
14 10
15 19
16 20

1 14
2 10
3 16
4 18
5 14
6 10
7 18
8 13
9 17
10 19
11 18
12 13
13 11
14 19
15 20
16 12

1 10
2 14
3 20
4 18
5 11
6 10
7 14
8 14
9 19
10 18
11 18
12 19
13 15
14 11
15 17
16 19

1 11
2 20
3 11
4 20
5 13
6 18
7 18
8 12
9 13
10 19
11 15
12 13
13 12
14 13
15 13
16 19

1 17
2 14
3 18
4 19
5 14
6 12
7 13
8 12
9 18
10 14
11 10
12 12
13 13
14 10
15 19
16 20

1 14
2 10
3 16
4 18
5 14
6 10
7 18
8 13
9 17
10 19
11 18
12 13
13 11
14 19
15 20
16 12

1 10
2 14
3 20
4 18
5 11
6 10
7 14
8 14
9 19
10 18
11 18
12 19
13 15
14 11
15 17
16 19

1 11
2 20
3 11
4 20
5 13
6 18
7 18
8 12
9 13
10 19
11 15
12 13
13 12
14 13
15 13
16 19

1 17
2 14
3 18
4 19
5 14
6 12
7 13
8 12
9 18
10 14
11 10
12 12
13 13
14 10
15 19
16 20

1 14
2 10
3 16
4 18
5 14
6 10
7 18
8 13
9 17
10 19
11 18
12 13
13 11
14 19
15 20
16 12

1 10
2 14
3 20
4 18
5 11
6 10
7 14
8 14
9 19
10 18
11 18
12 19
13 15
14 11
15 17
16 19

1 11
2 20
3 11
4 20
5 13
6 18
7 18
8 12
9 13
10 19
11 15
12 13
13 12
14 13
15 13
16 19

1 17
2 14
3 18
4 19
5 14
6 12
7 13
8 12
9 18
10 14
11 10
12 12
13 13
14 10
15 19
16 20

1 14
2 10
3 16
4 18
5 14
6 10
7 18
8 13
9 17
10 19
11 18
12 13
13 11
14 19
15 20
16 12

1 10
2 14
3 20
4 18
5 11
6 10
7 14
8 14
9 19
10 18
11 18
12 19
13 15
14 11
15 17
16 19

1 11
2 20
3 11
4 20
5 13
6 18
7 18
8 12
9 13
10 19
11 15
12 13
13 12
14 13
15 13
16 19

1 17
2 14
3 18
4 19
5 14
6 12
7 13
8 12
9 18
10 14
11 10
12 12
13 13
14 10
15 19
16 20

1 14
2 10
3 16
4 18
5 14
6 10
7 18
8 13
9 17
10 19
11 18
12 13
13 11
14 19
15 20
16 12

1 10
2 14
3 20
4 18
5 11
6 10
7 14
8 14
9 19
10 18
11 18
12 19
13 15
14 11
15 17
16 19

1 11
2 20
3 11
4 20
5 13
6 18
7 18
8 12
9 13
10 19
11 15
12 13
13 12
14 13
15 13
16 19

1 17
2 14
3 18
4 19
5 14
6 12
7 13
8 12
9 18
10 14
11 10
12 12
13 13
14 10
15 19
16 20

1 14
2 10
3 16
4 18
5 14
6 10
7 18
8 13
9 17
10 19
11 18
12 13
13 11
14 19
15 20
16 12

1 10
2 14
3 20
4 18
5 11
6 10
7 14
8 14
9 19
10 18
11 18
12 19
13 15
14 11
15 17
16 19

1 11
2 20
3 11
4 20
5 13
6 18
7 18
8 12
9 13
10 19
11 15
12 13
13 12
14 13
15 13
16 19

1 17
2 14
3 18
4 19
5 14
6 12
7 13
8 12
9 18
10 14
11 10
12 12
13 13
14 10
15 19
16 20

1 14
2 10
3 16
4 18
5 14
6 10
7 18
8 13
9 17
10 19
11 18
12 13
13 11
14 19
15 20
16 12

1 10
2 14
3 20
4 18
5 11
6 10
7 14
8 14
9 19
10 18
11 18
12 19
13 15
14 11
15 17
16 19

1 11
2 20
3 11
4 20
5 13
6 18
7 18
8 12
9 13
10 19
11 15
12 13
13 12
14 13
15 13
16 19

1 17
2 14
3 18
4 19
5 14
6 12
7 13
8 12
9 18
10 14
11 10
12 12
13 13
14 10
15 19
16 20

1 14
2 10
3 16
4 18
5 14
6 10
7 18
8 13
9 17
10 19
11 18
12 13
13 11
14 19
15 20
16 12

1 10
2 14
3 20
4 18
5 11
6 10
7 14
8 14
9 19
10 18
11 18
12 19
13 15
14 11
15 17
16 19

1 11
2 20
3 11
4 20
5 13
6 18
7 18
8 12
9 13
10 19
11 15
12 13
13 12
14 13
15 13
16 19

1 17
2 14
3 18
4 19
5 14
6 12
7 13
8 12
9 18
10 14
11 10
12 12
13 13
14 10
15 19
16 20

1 14
2 10
3 16
4 18
5 14
6 10
7 18
8 13
9 17
10 19
11 18
12 13
13 11
14 19
15 20
16 12

1 10
2 14
3 20
4 18
5 11
6 10
7 14
8 14
9 19
10 18
11 18
12 19
13 15
14 11
15 17
16 19

1 11
2 20
3 11
4 20
5 13
6 18
7 18
8 12
9 13
10 19
11 15
12 13
13 12
14 13
15 13
16 19

1 17
2 14
3 18
4 19
5 14
6 12
7 13
8 12
9 18
10 14
11 10
12 12
13 13
14 10
15 19
16 20

1 14
2 10
3 16
4 18
5 14
6 10
7 18
8 13
9 17
10 19
11 18
12 13
13 11
14 19
15 20
16 12