1 0
2 0
3 0
4 0

1 9
2 4
3 0
4 0

1 3
2 5
3 8
4 3

1 7
2 5
3 1
4 8

1 9
2 7
3 1
4 2

1 9
2 4
3 0
4 0

1 3
2 5
3 8
4 3

1 7
2 5
3 1
4 8

1 9
2 7
3 1
4 2

1 9
2 4
3 0
4 0

1 3
2 5
3 8
4 3

1 7
2 5
3 1
4 8

1 9
2 7
3 1
4 2

1 9
2 4
3 0
4 0

1 3
2 5
3 8
4 3

1 7
2 5
3 1
4 8

1 9
2 7
3 1
4 2

1 9
2 4
3 0
4 0

1 3
2 5
3 8
4 3

1 7
2 5
3 1
4 8

1 9
2 7
3 1
4 2

1 9
2 4
3 0
4 0

1 3
2 5
3 8
4 3

1 7
2 5
3 1
4 8

1 9
2 7
3 1
4 2

1 9
2 4
3 0
4 0

1 3
2 5
3 8
4 3

1 7
2 5
3 1
4 8

1 9
2 7
3 1
4 2

1 9
2 4
3 0
4 0

1 3
2 5
3 8
4 3

1 7
2 5
3 1
4 8

1 9
2 7
3 1
4 2

1 9
2 4
3 0
4 0

1 3
2 5
3 8
4 3

1 7
2 5
3 1
4 8

1 9
2 7
3 1
4 2

1 9
2 4
3 0
4 0

1 3
2 5
3 8
4 3

1 7
2 5
3 1
4 8

1 9
2 7
3 1
4 2

1 9
2 4
3 0
4 0

1 3
2 5
3 8
4 3

1 7
2 5
3 1
4 8

1 9
2 7
3 1
4 2

1 9
2 4
3 0
4 0

1 3
2 5
3 8
4 3

1 7
2 5
3 1
4 8

1 9
2 7
3 1
4 2

1 9
2 4
3 0
4 0

1 3
2 5
3 8
4 3

1 7
2 5
3 1
4 8

1 9
2 7
3 1
4 2

1 9
2 4
3 0
4 0

1 3
2 5
3 8
4 3

1 7
2 5
3 1
4 8

1 9
2 7
3 1
4 2

1 9
2 4
3 0
4 0

1 3
2 5
3 8
4 3

1 7
2 5
3 1
4 8

1 9
2 7
3 1
4 2