1 0
2 0
3 0
4 0
5 0
6 0
7 0
8 0
9 0
10 0
11 0
12 0
13 0
14 0
15 0
16 0

1 2
2 6
3 3
4 3
5 8
6 7
7 7
8 7
9 8
10 4
11 8
12 1
13 9
14 7
15 7
16 0

1 3
2 3
3 9
4 3
5 8
6 2
7 3
8 1
9 0
10 6
11 1
12 2
13 1
14 5
15 4
16 1

1 6
2 2
3 5
4 3
5 6
6 0
7 3
8 5
9 1
10 5
11 9
12 3
13 0
14 2
15 9
16 0

1 1
2 0
3 1
4 6
5 9
6 6
7 8
8 3
9 1
10 1
11 7
12 0
13 2
14 7
15 7
16 2

1 2
2 6
3 3
4 3
5 8
6 7
7 7
8 7
9 8
10 4
11 8
12 1
13 9
14 7
15 7
16 0

1 3
2 3
3 9
4 3
5 8
6 2
7 3
8 1
9 0
10 6
11 1
12 2
13 1
14 5
15 4
16 1

1 6
2 2
3 5
4 3
5 6
6 0
7 3
8 5
9 1
10 5
11 9
12 3
13 0
14 2
15 9
16 0

1 1
2 0
3 1
4 6
5 9
6 6
7 8
8 3
9 1
10 1
11 7
12 0
13 2
14 7
15 7
16 2

1 2
2 6
3 3
4 3
5 8
6 7
7 7
8 7
9 8
10 4
11 8
12 1
13 9
14 7
15 7
16 0

1 3
2 3
3 9
4 3
5 8
6 2
7 3
8 1
9 0
10 6
11 1
12 2
13 1
14 5
15 4
16 1

1 6
2 2
3 5
4 3
5 6
6 0
7 3
8 5
9 1
10 5
11 9
12 3
13 0
14 2
15 9
16 0

1 1
2 0
3 1
4 6
5 9
6 6
7 8
8 3
9 1
10 1
11 7
12 0
13 2
14 7
15 7
16 2

1 2
2 6
3 3
4 3
5 8
6 7
7 7
8 7
9 8
10 4
11 8
12 1
13 9
14 7
15 7
16 0

1 3
2 3
3 9
4 3
5 8
6 2
7 3
8 1
9 0
10 6
11 1
12 2
13 1
14 5
15 4
16 1

1 6
2 2
3 5
4 3
5 6
6 0
7 3
8 5
9 1
10 5
11 9
12 3
13 0
14 2
15 9
16 0

1 1
2 0
3 1
4 6
5 9
6 6
7 8
8 3
9 1
10 1
11 7
12 0
13 2
14 7
15 7
16 2

1 2
2 6
3 3
4 3
5 8
6 7
7 7
8 7
9 8
10 4
11 8
12 1
13 9
14 7
15 7
16 0

1 3
2 3
3 9
4 3
5 8
6 2
7 3
8 1
9 0
10 6
11 1
12 2
13 1
14 5
15 4
16 1

1 6
2 2
3 5
4 3
5 6
6 0
7 3
8 5
9 1
10 5
11 9
12 3
13 0
14 2
15 9
16 0

1 1
2 0
3 1
4 6
5 9
6 6
7 8
8 3
9 1
10 1
11 7
12 0
13 2
14 7
15 7
16 2

1 2
2 6
3 3
4 3
5 8
6 7
7 7
8 7
9 8
10 4
11 8
12 1
13 9
14 7
15 7
16 0

1 3
2 3
3 9
4 3
5 8
6 2
7 3
8 1
9 0
10 6
11 1
12 2
13 1
14 5
15 4
16 1

1 6
2 2
3 5
4 3
5 6
6 0
7 3
8 5
9 1
10 5
11 9
12 3
13 0
14 2
15 9
16 0

1 1
2 0
3 1
4 6
5 9
6 6
7 8
8 3
9 1
10 1
11 7
12 0
13 2
14 7
15 7
16 2

1 2
2 6
3 3
4 3
5 8
6 7
7 7
8 7
9 8
10 4
11 8
12 1
13 9
14 7
15 7
16 0

1 3
2 3
3 9
4 3
5 8
6 2
7 3
8 1
9 0
10 6
11 1
12 2
13 1
14 5
15 4
16 1

1 6
2 2
3 5
4 3
5 6
6 0
7 3
8 5
9 1
10 5
11 9
12 3
13 0
14 2
15 9
16 0

1 1
2 0
3 1
4 6
5 9
6 6
7 8
8 3
9 1
10 1
11 7
12 0
13 2
14 7
15 7
16 2

1 2
2 6
3 3
4 3
5 8
6 7
7 7
8 7
9 8
10 4
11 8
12 1
13 9
14 7
15 7
16 0

1 3
2 3
3 9
4 3
5 8
6 2
7 3
8 1
9 0
10 6
11 1
12 2
13 1
14 5
15 4
16 1

1 6
2 2
3 5
4 3
5 6
6 0
7 3
8 5
9 1
10 5
11 9
12 3
13 0
14 2
15 9
16 0

1 1
2 0
3 1
4 6
5 9
6 6
7 8
8 3
9 1
10 1
11 7
12 0
13 2
14 7
15 7
16 2

1 2
2 6
3 3
4 3
5 8
6 7
7 7
8 7
9 8
10 4
11 8
12 1
13 9
14 7
15 7
16 0

1 3
2 3
3 9
4 3
5 8
6 2
7 3
8 1
9 0
10 6
11 1
12 2
13 1
14 5
15 4
16 1

1 6
2 2
3 5
4 3
5 6
6 0
7 3
8 5
9 1
10 5
11 9
12 3
13 0
14 2
15 9
16 0

1 1
2 0
3 1
4 6
5 9
6 6
7 8
8 3
9 1
10 1
11 7
12 0
13 2
14 7
15 7
16 2

1 2
2 6
3 3
4 3
5 8
6 7
7 7
8 7
9 8
10 4
11 8
12 1
13 9
14 7
15 7
16 0

1 3
2 3
3 9
4 3
5 8
6 2
7 3
8 1
9 0
10 6
11 1
12 2
13 1
14 5
15 4
16 1

1 6
2 2
3 5
4 3
5 6
6 0
7 3
8 5
9 1
10 5
11 9
12 3
13 0
14 2
15 9
16 0

1 1
2 0
3 1
4 6
5 9
6 6
7 8
8 3
9 1
10 1
11 7
12 0
13 2
14 7
15 7
16 2