1 0
2 0
3 0
4 0
5 0
6 0
7 0
8 0

1 13
2 10
3 12
4 14
5 20
6 14
7 15
8 18

1 17
2 17
3 11
4 10
5 17
6 14
7 11
8 12

1 12
2 16
3 17
4 15
5 18
6 18
7 14
8 16

1 18
2 12
3 20
4 13
5 11
6 17
7 11
8 18

1 10
2 12
3 12
4 18
5 16
6 19
7 13
8 19

1 18
2 14
3 13
4 11
5 12
6 17
7 10
8 12

1 13
2 10
3 12
4 14
5 20
6 14
7 15
8 18

1 17
2 17
3 11
4 10
5 17
6 14
7 11
8 12

1 12
2 16
3 17
4 15
5 18
6 18
7 14
8 16

1 18
2 12
3 20
4 13
5 11
6 17
7 11
8 18

1 10
2 12
3 12
4 18
5 16
6 19
7 13
8 19

1 18
2 14
3 13
4 11
5 12
6 17
7 10
8 12

1 13
2 10
3 12
4 14
5 20
6 14
7 15
8 18

1 17
2 17
3 11
4 10
5 17
6 14
7 11
8 12

1 12
2 16
3 17
4 15
5 18
6 18
7 14
8 16

1 18
2 12
3 20
4 13
5 11
6 17
7 11
8 18

1 10
2 12
3 12
4 18
5 16
6 19
7 13
8 19

1 18
2 14
3 13
4 11
5 12
6 17
7 10
8 12

1 13
2 10
3 12
4 14
5 20
6 14
7 15
8 18

1 17
2 17
3 11
4 10
5 17
6 14
7 11
8 12

1 12
2 16
3 17
4 15
5 18
6 18
7 14
8 16

1 18
2 12
3 20
4 13
5 11
6 17
7 11
8 18

1 10
2 12
3 12
4 18
5 16
6 19
7 13
8 19

1 18
2 14
3 13
4 11
5 12
6 17
7 10
8 12

1 13
2 10
3 12
4 14
5 20
6 14
7 15
8 18

1 17
2 17
3 11
4 10
5 17
6 14
7 11
8 12

1 12
2 16
3 17
4 15
5 18
6 18
7 14
8 16

1 18
2 12
3 20
4 13
5 11
6 17
7 11
8 18

1 10
2 12
3 12
4 18
5 16
6 19
7 13
8 19

1 18
2 14
3 13
4 11
5 12
6 17
7 10
8 12

1 13
2 10
3 12
4 14
5 20
6 14
7 15
8 18

1 17
2 17
3 11
4 10
5 17
6 14
7 11
8 12

1 12
2 16
3 17
4 15
5 18
6 18
7 14
8 16

1 18
2 12
3 20
4 13
5 11
6 17
7 11
8 18

1 10
2 12
3 12
4 18
5 16
6 19
7 13
8 19

1 18
2 14
3 13
4 11
5 12
6 17
7 10
8 12

1 13
2 10
3 12
4 14
5 20
6 14
7 15
8 18

1 17
2 17
3 11
4 10
5 17
6 14
7 11
8 12

1 12
2 16
3 17
4 15
5 18
6 18
7 14
8 16

1 18
2 12
3 20
4 13
5 11
6 17
7 11
8 18

1 10
2 12
3 12
4 18
5 16
6 19
7 13
8 19

1 18
2 14
3 13
4 11
5 12
6 17
7 10
8 12

1 13
2 10
3 12
4 14
5 20
6 14
7 15
8 18

1 17
2 17
3 11
4 10
5 17
6 14
7 11
8 12

1 12
2 16
3 17
4 15
5 18
6 18
7 14
8 16

1 18
2 12
3 20
4 13
5 11
6 17
7 11
8 18

1 10
2 12
3 12
4 18
5 16
6 19
7 13
8 19

1 18
2 14
3 13
4 11
5 12
6 17
7 10
8 12

1 13
2 10
3 12
4 14
5 20
6 14
7 15
8 18

1 17
2 17
3 11
4 10
5 17
6 14
7 11
8 12

1 12
2 16
3 17
4 15
5 18
6 18
7 14
8 16

1 18
2 12
3 20
4 13
5 11
6 17
7 11
8 18

1 10
2 12
3 12
4 18
5 16
6 19
7 13
8 19

1 18
2 14
3 13
4 11
5 12
6 17
7 10
8 12

1 13
2 10
3 12
4 14
5 20
6 14
7 15
8 18

1 17
2 17
3 11
4 10
5 17
6 14
7 11
8 12

1 12
2 16
3 17
4 15
5 18
6 18
7 14
8 16

1 18
2 12
3 20
4 13
5 11
6 17
7 11
8 18

1 10
2 12
3 12
4 18
5 16
6 19
7 13
8 19

1 18
2 14
3 13
4 11
5 12
6 17
7 10
8 12

1 13
2 10
3 12
4 14
5 20
6 14
7 15
8 18

1 17
2 17
3 11
4 10
5 17
6 14
7 11
8 12

1 12
2 16
3 17
4 15
5 18
6 18
7 14
8 16

1 18
2 12
3 20
4 13
5 11
6 17
7 11
8 18

1 10
2 12
3 12
4 18
5 16
6 19
7 13
8 19

1 18
2 14
3 13
4 11
5 12
6 17
7 10
8 12

1 13
2 10
3 12
4 14
5 20
6 14
7 15
8 18

1 17
2 17
3 11
4 10
5 17
6 14
7 11
8 12

1 12
2 16
3 17
4 15
5 18
6 18
7 14
8 16

1 18
2 12
3 20
4 13
5 11
6 17
7 11
8 18

1 10
2 12
3 12
4 18
5 16
6 19
7 13
8 19

1 18
2 14
3 13
4 11
5 12
6 17
7 10
8 12

1 13
2 10
3 12
4 14
5 20
6 14
7 15
8 18

1 17
2 17
3 11
4 10
5 17
6 14
7 11
8 12

1 12
2 16
3 17
4 15
5 18
6 18
7 14
8 16

1 18
2 12
3 20
4 13
5 11
6 17
7 11
8 18

1 10
2 12
3 12
4 18
5 16
6 19
7 13
8 19

1 18
2 14
3 13
4 11
5 12
6 17
7 10
8 12

1 13
2 10
3 12
4 14
5 20
6 14
7 15
8 18

1 17
2 17
3 11
4 10
5 17
6 14
7 11
8 12

1 12
2 16
3 17
4 15
5 18
6 18
7 14
8 16

1 18
2 12
3 20
4 13
5 11
6 17
7 11
8 18

1 10
2 12
3 12
4 18
5 16
6 19
7 13
8 19

1 18
2 14
3 13
4 11
5 12
6 17
7 10
8 12

1 13
2 10
3 12
4 14
5 20
6 14
7 15
8 18

1 17
2 17
3 11
4 10
5 17
6 14
7 11
8 12

1 12
2 16
3 17
4 15
5 18
6 18
7 14
8 16

1 18
2 12
3 20
4 13
5 11
6 17
7 11
8 18

1 10
2 12
3 12
4 18
5 16
6 19
7 13
8 19

1 18
2 14
3 13
4 11
5 12
6 17
7 10
8 12