1 0
2 0
3 0
4 0
5 0
6 0
7 0
8 0
9 0
10 0
11 0
12 0
13 0
14 0
15 0
16 0

1 1
2 8
3 9
4 3
5 6
6 4
7 2
8 5
9 4
10 4
11 7
12 0
13 6
14 3
15 9
16 3

1 7
2 1
3 8
4 8
5 2
6 7
7 9
8 6
9 3
10 1
11 3
12 4
13 3
14 4
15 4
16 9

1 1
2 8
3 9
4 3
5 6
6 4
7 2
8 5
9 4
10 4
11 7
12 0
13 6
14 3
15 9
16 3

1 7
2 1
3 8
4 8
5 2
6 7
7 9
8 6
9 3
10 1
11 3
12 4
13 3
14 4
15 4
16 9

1 1
2 8
3 9
4 3
5 6
6 4
7 2
8 5
9 4
10 4
11 7
12 0
13 6
14 3
15 9
16 3

1 7
2 1
3 8
4 8
5 2
6 7
7 9
8 6
9 3
10 1
11 3
12 4
13 3
14 4
15 4
16 9

1 1
2 8
3 9
4 3
5 6
6 4
7 2
8 5
9 4
10 4
11 7
12 0
13 6
14 3
15 9
16 3

1 7
2 1
3 8
4 8
5 2
6 7
7 9
8 6
9 3
10 1
11 3
12 4
13 3
14 4
15 4
16 9

1 1
2 8
3 9
4 3
5 6
6 4
7 2
8 5
9 4
10 4
11 7
12 0
13 6
14 3
15 9
16 3

1 7
2 1
3 8
4 8
5 2
6 7
7 9
8 6
9 3
10 1
11 3
12 4
13 3
14 4
15 4
16 9

1 1
2 8
3 9
4 3
5 6
6 4
7 2
8 5
9 4
10 4
11 7
12 0
13 6
14 3
15 9
16 3

1 7
2 1
3 8
4 8
5 2
6 7
7 9
8 6
9 3
10 1
11 3
12 4
13 3
14 4
15 4
16 9

1 1
2 8
3 9
4 3
5 6
6 4
7 2
8 5
9 4
10 4
11 7
12 0
13 6
14 3
15 9
16 3

1 7
2 1
3 8
4 8
5 2
6 7
7 9
8 6
9 3
10 1
11 3
12 4
13 3
14 4
15 4
16 9

1 1
2 8
3 9
4 3
5 6
6 4
7 2
8 5
9 4
10 4
11 7
12 0
13 6
14 3
15 9
16 3

1 7
2 1
3 8
4 8
5 2
6 7
7 9
8 6
9 3
10 1
11 3
12 4
13 3
14 4
15 4
16 9

1 1
2 8
3 9
4 3
5 6
6 4
7 2
8 5
9 4
10 4
11 7
12 0
13 6
14 3
15 9
16 3

1 7
2 1
3 8
4 8
5 2
6 7
7 9
8 6
9 3
10 1
11 3
12 4
13 3
14 4
15 4
16 9

1 1
2 8
3 9
4 3
5 6
6 4
7 2
8 5
9 4
10 4
11 7
12 0
13 6
14 3
15 9
16 3

1 7
2 1
3 8
4 8
5 2
6 7
7 9
8 6
9 3
10 1
11 3
12 4
13 3
14 4
15 4
16 9

1 1
2 8
3 9
4 3
5 6
6 4
7 2
8 5
9 4
10 4
11 7
12 0
13 6
14 3
15 9
16 3

1 7
2 1
3 8
4 8
5 2
6 7
7 9
8 6
9 3
10 1
11 3
12 4
13 3
14 4
15 4
16 9

1 1
2 8
3 9
4 3
5 6
6 4
7 2
8 5
9 4
10 4
11 7
12 0
13 6
14 3
15 9
16 3

1 7
2 1
3 8
4 8
5 2
6 7
7 9
8 6
9 3
10 1
11 3
12 4
13 3
14 4
15 4
16 9

1 1
2 8
3 9
4 3
5 6
6 4
7 2
8 5
9 4
10 4
11 7
12 0
13 6
14 3
15 9
16 3

1 7
2 1
3 8
4 8
5 2
6 7
7 9
8 6
9 3
10 1
11 3
12 4
13 3
14 4
15 4
16 9

1 1
2 8
3 9
4 3
5 6
6 4
7 2
8 5
9 4
10 4
11 7
12 0
13 6
14 3
15 9
16 3

1 7
2 1
3 8
4 8
5 2
6 7
7 9
8 6
9 3
10 1
11 3
12 4
13 3
14 4
15 4
16 9

1 1
2 8
3 9
4 3
5 6
6 4
7 2
8 5
9 4
10 4
11 7
12 0
13 6
14 3
15 9
16 3

1 7
2 1
3 8
4 8
5 2
6 7
7 9
8 6
9 3
10 1
11 3
12 4
13 3
14 4
15 4
16 9