1 0
2 0
3 0
4 0
5 0
6 0
7 0
8 0

1 1
2 0
3 3
4 8
5 6
6 8
7 0
8 9

1 6
2 5
3 0
4 9
5 3
6 3
7 9
8 1

1 1
2 0
3 3
4 8
5 6
6 8
7 0
8 9

1 6
2 5
3 0
4 9
5 3
6 3
7 9
8 1

1 1
2 0
3 3
4 8
5 6
6 8
7 0
8 9

1 6
2 5
3 0
4 9
5 3
6 3
7 9
8 1

1 1
2 0
3 3
4 8
5 6
6 8
7 0
8 9

1 6
2 5
3 0
4 9
5 3
6 3
7 9
8 1

1 1
2 0
3 3
4 8
5 6
6 8
7 0
8 9

1 6
2 5
3 0
4 9
5 3
6 3
7 9
8 1

1 1
2 0
3 3
4 8
5 6
6 8
7 0
8 9

1 6
2 5
3 0
4 9
5 3
6 3
7 9
8 1

1 1
2 0
3 3
4 8
5 6
6 8
7 0
8 9

1 6
2 5
3 0
4 9
5 3
6 3
7 9
8 1

1 1
2 0
3 3
4 8
5 6
6 8
7 0
8 9

1 6
2 5
3 0
4 9
5 3
6 3
7 9
8 1

1 1
2 0
3 3
4 8
5 6
6 8
7 0
8 9

1 6
2 5
3 0
4 9
5 3
6 3
7 9
8 1

1 1
2 0
3 3
4 8
5 6
6 8
7 0
8 9

1 6
2 5
3 0
4 9
5 3
6 3
7 9
8 1