1 0
2 0
3 0
4 0

1 1
2 5
3 1
4 5

1 3
2 5
3 9
4 1

1 8
2 2
3 0
4 8

1 4
2 9
3 7
4 4

1 1
2 5
3 1
4 5

1 3
2 5
3 9
4 1

1 8
2 2
3 0
4 8

1 4
2 9
3 7
4 4

1 1
2 5
3 1
4 5

1 3
2 5
3 9
4 1

1 8
2 2
3 0
4 8

1 4
2 9
3 7
4 4

1 1
2 5
3 1
4 5

1 3
2 5
3 9
4 1

1 8
2 2
3 0
4 8

1 4
2 9
3 7
4 4

1 1
2 5
3 1
4 5

1 3
2 5
3 9
4 1

1 8
2 2
3 0
4 8

1 4
2 9
3 7
4 4

1 1
2 5
3 1
4 5

1 3
2 5
3 9
4 1

1 8
2 2
3 0
4 8

1 4
2 9
3 7
4 4

1 1
2 5
3 1
4 5

1 3
2 5
3 9
4 1

1 8
2 2
3 0
4 8

1 4
2 9
3 7
4 4

1 1
2 5
3 1
4 5

1 3
2 5
3 9
4 1

1 8
2 2
3 0
4 8

1 4
2 9
3 7
4 4

1 1
2 5
3 1
4 5

1 3
2 5
3 9
4 1

1 8
2 2
3 0
4 8

1 4
2 9
3 7
4 4

1 1
2 5
3 1
4 5

1 3
2 5
3 9
4 1

1 8
2 2
3 0
4 8

1 4
2 9
3 7
4 4