1 0
2 0
3 0
4 0
5 0
6 0
7 0
8 0
9 0
10 0
11 0
12 0
13 0
14 0
15 0
16 0

1 13
2 15
3 18
4 18
5 17
6 20
7 13
8 14
9 18
10 18
11 10
12 11
13 17
14 11
15 20
16 18

1 17
2 15
3 17
4 16
5 11
6 12
7 16
8 16
9 14
10 10
11 11
12 19
13 12
14 16
15 12
16 12

1 19
2 10
3 11
4 14
5 20
6 14
7 16
8 19
9 16
10 13
11 18
12 19
13 20
14 20
15 13
16 13

1 16
2 12
3 18
4 20
5 10
6 12
7 11
8 14
9 15
10 13
11 16
12 13
13 19
14 18
15 10
16 17

1 11
2 15
3 15
4 10
5 17
6 14
7 16
8 17
9 13
10 20
11 19
12 19
13 12
14 18
15 12
16 16

1 10
2 11
3 10
4 12
5 14
6 13
7 16
8 20
9 18
10 10
11 15
12 19
13 12
14 12
15 20
16 11

1 13
2 15
3 18
4 18
5 17
6 20
7 13
8 14
9 18
10 18
11 10
12 11
13 17
14 11
15 20
16 18

1 17
2 15
3 17
4 16
5 11
6 12
7 16
8 16
9 14
10 10
11 11
12 19
13 12
14 16
15 12
16 12

1 19
2 10
3 11
4 14
5 20
6 14
7 16
8 19
9 16
10 13
11 18
12 19
13 20
14 20
15 13
16 13

1 16
2 12
3 18
4 20
5 10
6 12
7 11
8 14
9 15
10 13
11 16
12 13
13 19
14 18
15 10
16 17

1 11
2 15
3 15
4 10
5 17
6 14
7 16
8 17
9 13
10 20
11 19
12 19
13 12
14 18
15 12
16 16

1 10
2 11
3 10
4 12
5 14
6 13
7 16
8 20
9 18
10 10
11 15
12 19
13 12
14 12
15 20
16 11

1 13
2 15
3 18
4 18
5 17
6 20
7 13
8 14
9 18
10 18
11 10
12 11
13 17
14 11
15 20
16 18

1 17
2 15
3 17
4 16
5 11
6 12
7 16
8 16
9 14
10 10
11 11
12 19
13 12
14 16
15 12
16 12

1 19
2 10
3 11
4 14
5 20
6 14
7 16
8 19
9 16
10 13
11 18
12 19
13 20
14 20
15 13
16 13

1 16
2 12
3 18
4 20
5 10
6 12
7 11
8 14
9 15
10 13
11 16
12 13
13 19
14 18
15 10
16 17

1 11
2 15
3 15
4 10
5 17
6 14
7 16
8 17
9 13
10 20
11 19
12 19
13 12
14 18
15 12
16 16

1 10
2 11
3 10
4 12
5 14
6 13
7 16
8 20
9 18
10 10
11 15
12 19
13 12
14 12
15 20
16 11

1 13
2 15
3 18
4 18
5 17
6 20
7 13
8 14
9 18
10 18
11 10
12 11
13 17
14 11
15 20
16 18

1 17
2 15
3 17
4 16
5 11
6 12
7 16
8 16
9 14
10 10
11 11
12 19
13 12
14 16
15 12
16 12

1 19
2 10
3 11
4 14
5 20
6 14
7 16
8 19
9 16
10 13
11 18
12 19
13 20
14 20
15 13
16 13

1 16
2 12
3 18
4 20
5 10
6 12
7 11
8 14
9 15
10 13
11 16
12 13
13 19
14 18
15 10
16 17

1 11
2 15
3 15
4 10
5 17
6 14
7 16
8 17
9 13
10 20
11 19
12 19
13 12
14 18
15 12
16 16

1 10
2 11
3 10
4 12
5 14
6 13
7 16
8 20
9 18
10 10
11 15
12 19
13 12
14 12
15 20
16 11

1 13
2 15
3 18
4 18
5 17
6 20
7 13
8 14
9 18
10 18
11 10
12 11
13 17
14 11
15 20
16 18

1 17
2 15
3 17
4 16
5 11
6 12
7 16
8 16
9 14
10 10
11 11
12 19
13 12
14 16
15 12
16 12

1 19
2 10
3 11
4 14
5 20
6 14
7 16
8 19
9 16
10 13
11 18
12 19
13 20
14 20
15 13
16 13

1 16
2 12
3 18
4 20
5 10
6 12
7 11
8 14
9 15
10 13
11 16
12 13
13 19
14 18
15 10
16 17

1 11
2 15
3 15
4 10
5 17
6 14
7 16
8 17
9 13
10 20
11 19
12 19
13 12
14 18
15 12
16 16

1 10
2 11
3 10
4 12
5 14
6 13
7 16
8 20
9 18
10 10
11 15
12 19
13 12
14 12
15 20
16 11

1 13
2 15
3 18
4 18
5 17
6 20
7 13
8 14
9 18
10 18
11 10
12 11
13 17
14 11
15 20
16 18

1 17
2 15
3 17
4 16
5 11
6 12
7 16
8 16
9 14
10 10
11 11
12 19
13 12
14 16
15 12
16 12

1 19
2 10
3 11
4 14
5 20
6 14
7 16
8 19
9 16
10 13
11 18
12 19
13 20
14 20
15 13
16 13

1 16
2 12
3 18
4 20
5 10
6 12
7 11
8 14
9 15
10 13
11 16
12 13
13 19
14 18
15 10
16 17

1 11
2 15
3 15
4 10
5 17
6 14
7 16
8 17
9 13
10 20
11 19
12 19
13 12
14 18
15 12
16 16

1 10
2 11
3 10
4 12
5 14
6 13
7 16
8 20
9 18
10 10
11 15
12 19
13 12
14 12
15 20
16 11

1 13
2 15
3 18
4 18
5 17
6 20
7 13
8 14
9 18
10 18
11 10
12 11
13 17
14 11
15 20
16 18

1 17
2 15
3 17
4 16
5 11
6 12
7 16
8 16
9 14
10 10
11 11
12 19
13 12
14 16
15 12
16 12

1 19
2 10
3 11
4 14
5 20
6 14
7 16
8 19
9 16
10 13
11 18
12 19
13 20
14 20
15 13
16 13

1 16
2 12
3 18
4 20
5 10
6 12
7 11
8 14
9 15
10 13
11 16
12 13
13 19
14 18
15 10
16 17

1 11
2 15
3 15
4 10
5 17
6 14
7 16
8 17
9 13
10 20
11 19
12 19
13 12
14 18
15 12
16 16

1 10
2 11
3 10
4 12
5 14
6 13
7 16
8 20
9 18
10 10
11 15
12 19
13 12
14 12
15 20
16 11

1 13
2 15
3 18
4 18
5 17
6 20
7 13
8 14
9 18
10 18
11 10
12 11
13 17
14 11
15 20
16 18

1 17
2 15
3 17
4 16
5 11
6 12
7 16
8 16
9 14
10 10
11 11
12 19
13 12
14 16
15 12
16 12

1 19
2 10
3 11
4 14
5 20
6 14
7 16
8 19
9 16
10 13
11 18
12 19
13 20
14 20
15 13
16 13

1 16
2 12
3 18
4 20
5 10
6 12
7 11
8 14
9 15
10 13
11 16
12 13
13 19
14 18
15 10
16 17

1 11
2 15
3 15
4 10
5 17
6 14
7 16
8 17
9 13
10 20
11 19
12 19
13 12
14 18
15 12
16 16

1 10
2 11
3 10
4 12
5 14
6 13
7 16
8 20
9 18
10 10
11 15
12 19
13 12
14 12
15 20
16 11

1 13
2 15
3 18
4 18
5 17
6 20
7 13
8 14
9 18
10 18
11 10
12 11
13 17
14 11
15 20
16 18

1 17
2 15
3 17
4 16
5 11
6 12
7 16
8 16
9 14
10 10
11 11
12 19
13 12
14 16
15 12
16 12

1 19
2 10
3 11
4 14
5 20
6 14
7 16
8 19
9 16
10 13
11 18
12 19
13 20
14 20
15 13
16 13

1 16
2 12
3 18
4 20
5 10
6 12
7 11
8 14
9 15
10 13
11 16
12 13
13 19
14 18
15 10
16 17

1 11
2 15
3 15
4 10
5 17
6 14
7 16
8 17
9 13
10 20
11 19
12 19
13 12
14 18
15 12
16 16

1 10
2 11
3 10
4 12
5 14
6 13
7 16
8 20
9 18
10 10
11 15
12 19
13 12
14 12
15 20
16 11

1 13
2 15
3 18
4 18
5 17
6 20
7 13
8 14
9 18
10 18
11 10
12 11
13 17
14 11
15 20
16 18

1 17
2 15
3 17
4 16
5 11
6 12
7 16
8 16
9 14
10 10
11 11
12 19
13 12
14 16
15 12
16 12

1 19
2 10
3 11
4 14
5 20
6 14
7 16
8 19
9 16
10 13
11 18
12 19
13 20
14 20
15 13
16 13

1 16
2 12
3 18
4 20
5 10
6 12
7 11
8 14
9 15
10 13
11 16
12 13
13 19
14 18
15 10
16 17

1 11
2 15
3 15
4 10
5 17
6 14
7 16
8 17
9 13
10 20
11 19
12 19
13 12
14 18
15 12
16 16

1 10
2 11
3 10
4 12
5 14
6 13
7 16
8 20
9 18
10 10
11 15
12 19
13 12
14 12
15 20
16 11