1 0
2 0
3 0
4 0
5 0
6 0
7 0
8 0
9 0
10 0
11 0
12 0
13 0
14 0
15 0
16 0

1 1
2 2
3 6
4 7
5 7
6 0
7 4
8 1
9 2
10 4
11 5
12 4
13 6
14 4
15 4
16 4

1 3
2 6
3 5
4 8
5 6
6 8
7 2
8 3
9 8
10 5
11 6
12 5
13 1
14 5
15 6
16 9

1 1
2 2
3 6
4 7
5 7
6 0
7 4
8 1
9 2
10 4
11 5
12 4
13 6
14 4
15 4
16 4

1 3
2 6
3 5
4 8
5 6
6 8
7 2
8 3
9 8
10 5
11 6
12 5
13 1
14 5
15 6
16 9

1 1
2 2
3 6
4 7
5 7
6 0
7 4
8 1
9 2
10 4
11 5
12 4
13 6
14 4
15 4
16 4

1 3
2 6
3 5
4 8
5 6
6 8
7 2
8 3
9 8
10 5
11 6
12 5
13 1
14 5
15 6
16 9

1 1
2 2
3 6
4 7
5 7
6 0
7 4
8 1
9 2
10 4
11 5
12 4
13 6
14 4
15 4
16 4

1 3
2 6
3 5
4 8
5 6
6 8
7 2
8 3
9 8
10 5
11 6
12 5
13 1
14 5
15 6
16 9

1 1
2 2
3 6
4 7
5 7
6 0
7 4
8 1
9 2
10 4
11 5
12 4
13 6
14 4
15 4
16 4

1 3
2 6
3 5
4 8
5 6
6 8
7 2
8 3
9 8
10 5
11 6
12 5
13 1
14 5
15 6
16 9

1 1
2 2
3 6
4 7
5 7
6 0
7 4
8 1
9 2
10 4
11 5
12 4
13 6
14 4
15 4
16 4

1 3
2 6
3 5
4 8
5 6
6 8
7 2
8 3
9 8
10 5
11 6
12 5
13 1
14 5
15 6
16 9

1 1
2 2
3 6
4 7
5 7
6 0
7 4
8 1
9 2
10 4
11 5
12 4
13 6
14 4
15 4
16 4

1 3
2 6
3 5
4 8
5 6
6 8
7 2
8 3
9 8
10 5
11 6
12 5
13 1
14 5
15 6
16 9

1 1
2 2
3 6
4 7
5 7
6 0
7 4
8 1
9 2
10 4
11 5
12 4
13 6
14 4
15 4
16 4

1 3
2 6
3 5
4 8
5 6
6 8
7 2
8 3
9 8
10 5
11 6
12 5
13 1
14 5
15 6
16 9

1 1
2 2
3 6
4 7
5 7
6 0
7 4
8 1
9 2
10 4
11 5
12 4
13 6
14 4
15 4
16 4

1 3
2 6
3 5
4 8
5 6
6 8
7 2
8 3
9 8
10 5
11 6
12 5
13 1
14 5
15 6
16 9

1 1
2 2
3 6
4 7
5 7
6 0
7 4
8 1
9 2
10 4
11 5
12 4
13 6
14 4
15 4
16 4

1 3
2 6
3 5
4 8
5 6
6 8
7 2
8 3
9 8
10 5
11 6
12 5
13 1
14 5
15 6
16 9

1 1
2 2
3 6
4 7
5 7
6 0
7 4
8 1
9 2
10 4
11 5
12 4
13 6
14 4
15 4
16 4

1 3
2 6
3 5
4 8
5 6
6 8
7 2
8 3
9 8
10 5
11 6
12 5
13 1
14 5
15 6
16 9

1 1
2 2
3 6
4 7
5 7
6 0
7 4
8 1
9 2
10 4
11 5
12 4
13 6
14 4
15 4
16 4

1 3
2 6
3 5
4 8
5 6
6 8
7 2
8 3
9 8
10 5
11 6
12 5
13 1
14 5
15 6
16 9

1 1
2 2
3 6
4 7
5 7
6 0
7 4
8 1
9 2
10 4
11 5
12 4
13 6
14 4
15 4
16 4

1 3
2 6
3 5
4 8
5 6
6 8
7 2
8 3
9 8
10 5
11 6
12 5
13 1
14 5
15 6
16 9

1 1
2 2
3 6
4 7
5 7
6 0
7 4
8 1
9 2
10 4
11 5
12 4
13 6
14 4
15 4
16 4

1 3
2 6
3 5
4 8
5 6
6 8
7 2
8 3
9 8
10 5
11 6
12 5
13 1
14 5
15 6
16 9

1 1
2 2
3 6
4 7
5 7
6 0
7 4
8 1
9 2
10 4
11 5
12 4
13 6
14 4
15 4
16 4

1 3
2 6
3 5
4 8
5 6
6 8
7 2
8 3
9 8
10 5
11 6
12 5
13 1
14 5
15 6
16 9