1 0
2 0
3 0
4 0
5 0
6 0
7 0
8 0
9 0
10 0
11 0
12 0
13 0
14 0
15 0
16 0

1 17
2 10
3 14
4 13
5 12
6 18
7 12
8 16
9 14
10 17
11 10
12 20
13 13
14 13
15 12
16 18

1 16
2 20
3 13
4 18
5 17
6 17
7 17
8 19
9 18
10 20
11 12
12 10
13 17
14 14
15 11
16 17

1 14
2 11
3 20
4 14
5 20
6 14
7 14
8 12
9 16
10 19
11 11
12 10
13 17
14 15
15 15
16 15

1 14
2 17
3 11
4 20
5 19
6 11
7 14
8 16
9 13
10 13
11 15
12 10
13 16
14 19
15 11
16 17

1 11
2 15
3 10
4 17
5 20
6 20
7 12
8 12
9 10
10 14
11 10
12 13
13 13
14 19
15 15
16 18

1 14
2 15
3 10
4 17
5 15
6 17
7 11
8 12
9 16
10 11
11 14
12 20
13 13
14 20
15 18
16 18

1 17
2 10
3 14
4 13
5 12
6 18
7 12
8 16
9 14
10 17
11 10
12 20
13 13
14 13
15 12
16 18

1 16
2 20
3 13
4 18
5 17
6 17
7 17
8 19
9 18
10 20
11 12
12 10
13 17
14 14
15 11
16 17

1 14
2 11
3 20
4 14
5 20
6 14
7 14
8 12
9 16
10 19
11 11
12 10
13 17
14 15
15 15
16 15

1 14
2 17
3 11
4 20
5 19
6 11
7 14
8 16
9 13
10 13
11 15
12 10
13 16
14 19
15 11
16 17

1 11
2 15
3 10
4 17
5 20
6 20
7 12
8 12
9 10
10 14
11 10
12 13
13 13
14 19
15 15
16 18

1 14
2 15
3 10
4 17
5 15
6 17
7 11
8 12
9 16
10 11
11 14
12 20
13 13
14 20
15 18
16 18

1 17
2 10
3 14
4 13
5 12
6 18
7 12
8 16
9 14
10 17
11 10
12 20
13 13
14 13
15 12
16 18

1 16
2 20
3 13
4 18
5 17
6 17
7 17
8 19
9 18
10 20
11 12
12 10
13 17
14 14
15 11
16 17

1 14
2 11
3 20
4 14
5 20
6 14
7 14
8 12
9 16
10 19
11 11
12 10
13 17
14 15
15 15
16 15

1 14
2 17
3 11
4 20
5 19
6 11
7 14
8 16
9 13
10 13
11 15
12 10
13 16
14 19
15 11
16 17

1 11
2 15
3 10
4 17
5 20
6 20
7 12
8 12
9 10
10 14
11 10
12 13
13 13
14 19
15 15
16 18

1 14
2 15
3 10
4 17
5 15
6 17
7 11
8 12
9 16
10 11
11 14
12 20
13 13
14 20
15 18
16 18

1 17
2 10
3 14
4 13
5 12
6 18
7 12
8 16
9 14
10 17
11 10
12 20
13 13
14 13
15 12
16 18

1 16
2 20
3 13
4 18
5 17
6 17
7 17
8 19
9 18
10 20
11 12
12 10
13 17
14 14
15 11
16 17

1 14
2 11
3 20
4 14
5 20
6 14
7 14
8 12
9 16
10 19
11 11
12 10
13 17
14 15
15 15
16 15

1 14
2 17
3 11
4 20
5 19
6 11
7 14
8 16
9 13
10 13
11 15
12 10
13 16
14 19
15 11
16 17

1 11
2 15
3 10
4 17
5 20
6 20
7 12
8 12
9 10
10 14
11 10
12 13
13 13
14 19
15 15
16 18

1 14
2 15
3 10
4 17
5 15
6 17
7 11
8 12
9 16
10 11
11 14
12 20
13 13
14 20
15 18
16 18

1 17
2 10
3 14
4 13
5 12
6 18
7 12
8 16
9 14
10 17
11 10
12 20
13 13
14 13
15 12
16 18

1 16
2 20
3 13
4 18
5 17
6 17
7 17
8 19
9 18
10 20
11 12
12 10
13 17
14 14
15 11
16 17

1 14
2 11
3 20
4 14
5 20
6 14
7 14
8 12
9 16
10 19
11 11
12 10
13 17
14 15
15 15
16 15

1 14
2 17
3 11
4 20
5 19
6 11
7 14
8 16
9 13
10 13
11 15
12 10
13 16
14 19
15 11
16 17

1 11
2 15
3 10
4 17
5 20
6 20
7 12
8 12
9 10
10 14
11 10
12 13
13 13
14 19
15 15
16 18

1 14
2 15
3 10
4 17
5 15
6 17
7 11
8 12
9 16
10 11
11 14
12 20
13 13
14 20
15 18
16 18

1 17
2 10
3 14
4 13
5 12
6 18
7 12
8 16
9 14
10 17
11 10
12 20
13 13
14 13
15 12
16 18

1 16
2 20
3 13
4 18
5 17
6 17
7 17
8 19
9 18
10 20
11 12
12 10
13 17
14 14
15 11
16 17

1 14
2 11
3 20
4 14
5 20
6 14
7 14
8 12
9 16
10 19
11 11
12 10
13 17
14 15
15 15
16 15

1 14
2 17
3 11
4 20
5 19
6 11
7 14
8 16
9 13
10 13
11 15
12 10
13 16
14 19
15 11
16 17

1 11
2 15
3 10
4 17
5 20
6 20
7 12
8 12
9 10
10 14
11 10
12 13
13 13
14 19
15 15
16 18

1 14
2 15
3 10
4 17
5 15
6 17
7 11
8 12
9 16
10 11
11 14
12 20
13 13
14 20
15 18
16 18

1 17
2 10
3 14
4 13
5 12
6 18
7 12
8 16
9 14
10 17
11 10
12 20
13 13
14 13
15 12
16 18

1 16
2 20
3 13
4 18
5 17
6 17
7 17
8 19
9 18
10 20
11 12
12 10
13 17
14 14
15 11
16 17

1 14
2 11
3 20
4 14
5 20
6 14
7 14
8 12
9 16
10 19
11 11
12 10
13 17
14 15
15 15
16 15

1 14
2 17
3 11
4 20
5 19
6 11
7 14
8 16
9 13
10 13
11 15
12 10
13 16
14 19
15 11
16 17

1 11
2 15
3 10
4 17
5 20
6 20
7 12
8 12
9 10
10 14
11 10
12 13
13 13
14 19
15 15
16 18

1 14
2 15
3 10
4 17
5 15
6 17
7 11
8 12
9 16
10 11
11 14
12 20
13 13
14 20
15 18
16 18

1 17
2 10
3 14
4 13
5 12
6 18
7 12
8 16
9 14
10 17
11 10
12 20
13 13
14 13
15 12
16 18

1 16
2 20
3 13
4 18
5 17
6 17
7 17
8 19
9 18
10 20
11 12
12 10
13 17
14 14
15 11
16 17

1 14
2 11
3 20
4 14
5 20
6 14
7 14
8 12
9 16
10 19
11 11
12 10
13 17
14 15
15 15
16 15

1 14
2 17
3 11
4 20
5 19
6 11
7 14
8 16
9 13
10 13
11 15
12 10
13 16
14 19
15 11
16 17

1 11
2 15
3 10
4 17
5 20
6 20
7 12
8 12
9 10
10 14
11 10
12 13
13 13
14 19
15 15
16 18

1 14
2 15
3 10
4 17
5 15
6 17
7 11
8 12
9 16
10 11
11 14
12 20
13 13
14 20
15 18
16 18

1 17
2 10
3 14
4 13
5 12
6 18
7 12
8 16
9 14
10 17
11 10
12 20
13 13
14 13
15 12
16 18

1 16
2 20
3 13
4 18
5 17
6 17
7 17
8 19
9 18
10 20
11 12
12 10
13 17
14 14
15 11
16 17

1 14
2 11
3 20
4 14
5 20
6 14
7 14
8 12
9 16
10 19
11 11
12 10
13 17
14 15
15 15
16 15

1 14
2 17
3 11
4 20
5 19
6 11
7 14
8 16
9 13
10 13
11 15
12 10
13 16
14 19
15 11
16 17

1 11
2 15
3 10
4 17
5 20
6 20
7 12
8 12
9 10
10 14
11 10
12 13
13 13
14 19
15 15
16 18

1 14
2 15
3 10
4 17
5 15
6 17
7 11
8 12
9 16
10 11
11 14
12 20
13 13
14 20
15 18
16 18

1 17
2 10
3 14
4 13
5 12
6 18
7 12
8 16
9 14
10 17
11 10
12 20
13 13
14 13
15 12
16 18

1 16
2 20
3 13
4 18
5 17
6 17
7 17
8 19
9 18
10 20
11 12
12 10
13 17
14 14
15 11
16 17

1 14
2 11
3 20
4 14
5 20
6 14
7 14
8 12
9 16
10 19
11 11
12 10
13 17
14 15
15 15
16 15

1 14
2 17
3 11
4 20
5 19
6 11
7 14
8 16
9 13
10 13
11 15
12 10
13 16
14 19
15 11
16 17

1 11
2 15
3 10
4 17
5 20
6 20
7 12
8 12
9 10
10 14
11 10
12 13
13 13
14 19
15 15
16 18

1 14
2 15
3 10
4 17
5 15
6 17
7 11
8 12
9 16
10 11
11 14
12 20
13 13
14 20
15 18
16 18

1 17
2 10
3 14
4 13
5 12
6 18
7 12
8 16
9 14
10 17
11 10
12 20
13 13
14 13
15 12
16 18

1 16
2 20
3 13
4 18
5 17
6 17
7 17
8 19
9 18
10 20
11 12
12 10
13 17
14 14
15 11
16 17

1 14
2 11
3 20
4 14
5 20
6 14
7 14
8 12
9 16
10 19
11 11
12 10
13 17
14 15
15 15
16 15

1 14
2 17
3 11
4 20
5 19
6 11
7 14
8 16
9 13
10 13
11 15
12 10
13 16
14 19
15 11
16 17

1 11
2 15
3 10
4 17
5 20
6 20
7 12
8 12
9 10
10 14
11 10
12 13
13 13
14 19
15 15
16 18

1 14
2 15
3 10
4 17
5 15
6 17
7 11
8 12
9 16
10 11
11 14
12 20
13 13
14 20
15 18
16 18

1 17
2 10
3 14
4 13
5 12
6 18
7 12
8 16
9 14
10 17
11 10
12 20
13 13
14 13
15 12
16 18

1 16
2 20
3 13
4 18
5 17
6 17
7 17
8 19
9 18
10 20
11 12
12 10
13 17
14 14
15 11
16 17

1 14
2 11
3 20
4 14
5 20
6 14
7 14
8 12
9 16
10 19
11 11
12 10
13 17
14 15
15 15
16 15

1 14
2 17
3 11
4 20
5 19
6 11
7 14
8 16
9 13
10 13
11 15
12 10
13 16
14 19
15 11
16 17

1 11
2 15
3 10
4 17
5 20
6 20
7 12
8 12
9 10
10 14
11 10
12 13
13 13
14 19
15 15
16 18

1 14
2 15
3 10
4 17
5 15
6 17
7 11
8 12
9 16
10 11
11 14
12 20
13 13
14 20
15 18
16 18

1 17
2 10
3 14
4 13
5 12
6 18
7 12
8 16
9 14
10 17
11 10
12 20
13 13
14 13
15 12
16 18

1 16
2 20
3 13
4 18
5 17
6 17
7 17
8 19
9 18
10 20
11 12
12 10
13 17
14 14
15 11
16 17

1 14
2 11
3 20
4 14
5 20
6 14
7 14
8 12
9 16
10 19
11 11
12 10
13 17
14 15
15 15
16 15

1 14
2 17
3 11
4 20
5 19
6 11
7 14
8 16
9 13
10 13
11 15
12 10
13 16
14 19
15 11
16 17

1 11
2 15
3 10
4 17
5 20
6 20
7 12
8 12
9 10
10 14
11 10
12 13
13 13
14 19
15 15
16 18

1 14
2 15
3 10
4 17
5 15
6 17
7 11
8 12
9 16
10 11
11 14
12 20
13 13
14 20
15 18
16 18

1 17
2 10
3 14
4 13
5 12
6 18
7 12
8 16
9 14
10 17
11 10
12 20
13 13
14 13
15 12
16 18

1 16
2 20
3 13
4 18
5 17
6 17
7 17
8 19
9 18
10 20
11 12
12 10
13 17
14 14
15 11
16 17

1 14
2 11
3 20
4 14
5 20
6 14
7 14
8 12
9 16
10 19
11 11
12 10
13 17
14 15
15 15
16 15

1 14
2 17
3 11
4 20
5 19
6 11
7 14
8 16
9 13
10 13
11 15
12 10
13 16
14 19
15 11
16 17

1 11
2 15
3 10
4 17
5 20
6 20
7 12
8 12
9 10
10 14
11 10
12 13
13 13
14 19
15 15
16 18

1 14
2 15
3 10
4 17
5 15
6 17
7 11
8 12
9 16
10 11
11 14
12 20
13 13
14 20
15 18
16 18

1 17
2 10
3 14
4 13
5 12
6 18
7 12
8 16
9 14
10 17
11 10
12 20
13 13
14 13
15 12
16 18

1 16
2 20
3 13
4 18
5 17
6 17
7 17
8 19
9 18
10 20
11 12
12 10
13 17
14 14
15 11
16 17

1 14
2 11
3 20
4 14
5 20
6 14
7 14
8 12
9 16
10 19
11 11
12 10
13 17
14 15
15 15
16 15

1 14
2 17
3 11
4 20
5 19
6 11
7 14
8 16
9 13
10 13
11 15
12 10
13 16
14 19
15 11
16 17

1 11
2 15
3 10
4 17
5 20
6 20
7 12
8 12
9 10
10 14
11 10
12 13
13 13
14 19
15 15
16 18

1 14
2 15
3 10
4 17
5 15
6 17
7 11
8 12
9 16
10 11
11 14
12 20
13 13
14 20
15 18
16 18

1 17
2 10
3 14
4 13
5 12
6 18
7 12
8 16
9 14
10 17
11 10
12 20
13 13
14 13
15 12
16 18

1 16
2 20
3 13
4 18
5 17
6 17
7 17
8 19
9 18
10 20
11 12
12 10
13 17
14 14
15 11
16 17

1 14
2 11
3 20
4 14
5 20
6 14
7 14
8 12
9 16
10 19
11 11
12 10
13 17
14 15
15 15
16 15

1 14
2 17
3 11
4 20
5 19
6 11
7 14
8 16
9 13
10 13
11 15
12 10
13 16
14 19
15 11
16 17

1 11
2 15
3 10
4 17
5 20
6 20
7 12
8 12
9 10
10 14
11 10
12 13
13 13
14 19
15 15
16 18

1 14
2 15
3 10
4 17
5 15
6 17
7 11
8 12
9 16
10 11
11 14
12 20
13 13
14 20
15 18
16 18

1 17
2 10
3 14
4 13
5 12
6 18
7 12
8 16
9 14
10 17
11 10
12 20
13 13
14 13
15 12
16 18

1 16
2 20
3 13
4 18
5 17
6 17
7 17
8 19
9 18
10 20
11 12
12 10
13 17
14 14
15 11
16 17

1 14
2 11
3 20
4 14
5 20
6 14
7 14
8 12
9 16
10 19
11 11
12 10
13 17
14 15
15 15
16 15

1 14
2 17
3 11
4 20
5 19
6 11
7 14
8 16
9 13
10 13
11 15
12 10
13 16
14 19
15 11
16 17

1 11
2 15
3 10
4 17
5 20
6 20
7 12
8 12
9 10
10 14
11 10
12 13
13 13
14 19
15 15
16 18

1 14
2 15
3 10
4 17
5 15
6 17
7 11
8 12
9 16
10 11
11 14
12 20
13 13
14 20
15 18
16 18

1 17
2 10
3 14
4 13
5 12
6 18
7 12
8 16
9 14
10 17
11 10
12 20
13 13
14 13
15 12
16 18

1 16
2 20
3 13
4 18
5 17
6 17
7 17
8 19
9 18
10 20
11 12
12 10
13 17
14 14
15 11
16 17

1 14
2 11
3 20
4 14
5 20
6 14
7 14
8 12
9 16
10 19
11 11
12 10
13 17
14 15
15 15
16 15

1 14
2 17
3 11
4 20
5 19
6 11
7 14
8 16
9 13
10 13
11 15
12 10
13 16
14 19
15 11
16 17

1 11
2 15
3 10
4 17
5 20
6 20
7 12
8 12
9 10
10 14
11 10
12 13
13 13
14 19
15 15
16 18

1 14
2 15
3 10
4 17
5 15
6 17
7 11
8 12
9 16
10 11
11 14
12 20
13 13
14 20
15 18
16 18

1 17
2 10
3 14
4 13
5 12
6 18
7 12
8 16
9 14
10 17
11 10
12 20
13 13
14 13
15 12
16 18

1 16
2 20
3 13
4 18
5 17
6 17
7 17
8 19
9 18
10 20
11 12
12 10
13 17
14 14
15 11
16 17

1 14
2 11
3 20
4 14
5 20
6 14
7 14
8 12
9 16
10 19
11 11
12 10
13 17
14 15
15 15
16 15

1 14
2 17
3 11
4 20
5 19
6 11
7 14
8 16
9 13
10 13
11 15
12 10
13 16
14 19
15 11
16 17

1 11
2 15
3 10
4 17
5 20
6 20
7 12
8 12
9 10
10 14
11 10
12 13
13 13
14 19
15 15
16 18

1 14
2 15
3 10
4 17
5 15
6 17
7 11
8 12
9 16
10 11
11 14
12 20
13 13
14 20
15 18
16 18

1 17
2 10
3 14
4 13
5 12
6 18
7 12
8 16
9 14
10 17
11 10
12 20
13 13
14 13
15 12
16 18

1 16
2 20
3 13
4 18
5 17
6 17
7 17
8 19
9 18
10 20
11 12
12 10
13 17
14 14
15 11
16 17

1 14
2 11
3 20
4 14
5 20
6 14
7 14
8 12
9 16
10 19
11 11
12 10
13 17
14 15
15 15
16 15

1 14
2 17
3 11
4 20
5 19
6 11
7 14
8 16
9 13
10 13
11 15
12 10
13 16
14 19
15 11
16 17

1 11
2 15
3 10
4 17
5 20
6 20
7 12
8 12
9 10
10 14
11 10
12 13
13 13
14 19
15 15
16 18

1 14
2 15
3 10
4 17
5 15
6 17
7 11
8 12
9 16
10 11
11 14
12 20
13 13
14 20
15 18
16 18