1 0
2 0
3 0
4 0

1 3
2 2
3 7
4 3

1 2
2 6
3 4
4 8

1 3
2 2
3 7
4 3

1 2
2 6
3 4
4 8

1 3
2 2
3 7
4 3

1 2
2 6
3 4
4 8

1 3
2 2
3 7
4 3

1 2
2 6
3 4
4 8

1 3
2 2
3 7
4 3

1 2
2 6
3 4
4 8

1 3
2 2
3 7
4 3

1 2
2 6
3 4
4 8

1 3
2 2
3 7
4 3

1 2
2 6
3 4
4 8

1 3
2 2
3 7
4 3

1 2
2 6
3 4
4 8

1 3
2 2
3 7
4 3

1 2
2 6
3 4
4 8

1 3
2 2
3 7
4 3

1 2
2 6
3 4
4 8

1 3
2 2
3 7
4 3

1 2
2 6
3 4
4 8

1 3
2 2
3 7
4 3

1 2
2 6
3 4
4 8

1 3
2 2
3 7
4 3

1 2
2 6
3 4
4 8

1 3
2 2
3 7
4 3

1 2
2 6
3 4
4 8

1 3
2 2
3 7
4 3

1 2
2 6
3 4
4 8