1 0
2 0
3 0
4 0

1 14
2 10
3 14
4 12

1 10
2 14
3 10
4 14

1 15
2 18
3 17
4 20

1 11
2 16
3 14
4 11

1 14
2 10
3 14
4 12

1 10
2 14
3 10
4 14

1 15
2 18
3 17
4 20

1 11
2 16
3 14
4 11

1 14
2 10
3 14
4 12

1 10
2 14
3 10
4 14

1 15
2 18
3 17
4 20

1 11
2 16
3 14
4 11

1 14
2 10
3 14
4 12

1 10
2 14
3 10
4 14

1 15
2 18
3 17
4 20

1 11
2 16
3 14
4 11

1 14
2 10
3 14
4 12

1 10
2 14
3 10
4 14

1 15
2 18
3 17
4 20

1 11
2 16
3 14
4 11

1 14
2 10
3 14
4 12

1 10
2 14
3 10
4 14

1 15
2 18
3 17
4 20

1 11
2 16
3 14
4 11

1 14
2 10
3 14
4 12

1 10
2 14
3 10
4 14

1 15
2 18
3 17
4 20

1 11
2 16
3 14
4 11

1 14
2 10
3 14
4 12

1 10
2 14
3 10
4 14

1 15
2 18
3 17
4 20

1 11
2 16
3 14
4 11

1 14
2 10
3 14
4 12

1 10
2 14
3 10
4 14

1 15
2 18
3 17
4 20

1 11
2 16
3 14
4 11

1 14
2 10
3 14
4 12

1 10
2 14
3 10
4 14

1 15
2 18
3 17
4 20

1 11
2 16
3 14
4 11