1 0
2 0
3 0
4 0
5 0
6 0
7 0
8 0

1 17
2 20
3 10
4 11
5 13
6 12
7 18
8 20

1 10
2 14
3 15
4 13
5 17
6 19
7 20
8 17

1 17
2 20
3 10
4 11
5 13
6 12
7 18
8 20

1 10
2 14
3 15
4 13
5 17
6 19
7 20
8 17

1 17
2 20
3 10
4 11
5 13
6 12
7 18
8 20

1 10
2 14
3 15
4 13
5 17
6 19
7 20
8 17

1 17
2 20
3 10
4 11
5 13
6 12
7 18
8 20

1 10
2 14
3 15
4 13
5 17
6 19
7 20
8 17

1 17
2 20
3 10
4 11
5 13
6 12
7 18
8 20

1 10
2 14
3 15
4 13
5 17
6 19
7 20
8 17

1 17
2 20
3 10
4 11
5 13
6 12
7 18
8 20

1 10
2 14
3 15
4 13
5 17
6 19
7 20
8 17

1 17
2 20
3 10
4 11
5 13
6 12
7 18
8 20

1 10
2 14
3 15
4 13
5 17
6 19
7 20
8 17

1 17
2 20
3 10
4 11
5 13
6 12
7 18
8 20

1 10
2 14
3 15
4 13
5 17
6 19
7 20
8 17

1 17
2 20
3 10
4 11
5 13
6 12
7 18
8 20

1 10
2 14
3 15
4 13
5 17
6 19
7 20
8 17

1 17
2 20
3 10
4 11
5 13
6 12
7 18
8 20

1 10
2 14
3 15
4 13
5 17
6 19
7 20
8 17

1 17
2 20
3 10
4 11
5 13
6 12
7 18
8 20

1 10
2 14
3 15
4 13
5 17
6 19
7 20
8 17

1 17
2 20
3 10
4 11
5 13
6 12
7 18
8 20

1 10
2 14
3 15
4 13
5 17
6 19
7 20
8 17

1 17
2 20
3 10
4 11
5 13
6 12
7 18
8 20

1 10
2 14
3 15
4 13
5 17
6 19
7 20
8 17

1 17
2 20
3 10
4 11
5 13
6 12
7 18
8 20

1 10
2 14
3 15
4 13
5 17
6 19
7 20
8 17

1 17
2 20
3 10
4 11
5 13
6 12
7 18
8 20

1 10
2 14
3 15
4 13
5 17
6 19
7 20
8 17

1 17
2 20
3 10
4 11
5 13
6 12
7 18
8 20

1 10
2 14
3 15
4 13
5 17
6 19
7 20
8 17

1 17
2 20
3 10
4 11
5 13
6 12
7 18
8 20

1 10
2 14
3 15
4 13
5 17
6 19
7 20
8 17

1 17
2 20
3 10
4 11
5 13
6 12
7 18
8 20

1 10
2 14
3 15
4 13
5 17
6 19
7 20
8 17

1 17
2 20
3 10
4 11
5 13
6 12
7 18
8 20

1 10
2 14
3 15
4 13
5 17
6 19
7 20
8 17

1 17
2 20
3 10
4 11
5 13
6 12
7 18
8 20

1 10
2 14
3 15
4 13
5 17
6 19
7 20
8 17