1 0
2 0
3 0
4 0
5 0
6 0
7 0
8 0
9 0
10 0
11 0
12 0
13 0
14 0
15 0
16 0

1 17
2 16
3 13
4 12
5 11
6 20
7 20
8 11
9 11
10 17
11 17
12 14
13 14
14 18
15 15
16 12

1 11
2 10
3 15
4 12
5 10
6 17
7 11
8 18
9 19
10 18
11 11
12 14
13 19
14 10
15 10
16 17

1 16
2 20
3 14
4 15
5 12
6 14
7 15
8 15
9 12
10 14
11 10
12 17
13 19
14 16
15 15
16 19

1 18
2 19
3 18
4 19
5 14
6 20
7 20
8 19
9 10
10 15
11 15
12 10
13 15
14 14
15 18
16 17

1 17
2 16
3 13
4 12
5 11
6 20
7 20
8 11
9 11
10 17
11 17
12 14
13 14
14 18
15 15
16 12

1 11
2 10
3 15
4 12
5 10
6 17
7 11
8 18
9 19
10 18
11 11
12 14
13 19
14 10
15 10
16 17

1 16
2 20
3 14
4 15
5 12
6 14
7 15
8 15
9 12
10 14
11 10
12 17
13 19
14 16
15 15
16 19

1 18
2 19
3 18
4 19
5 14
6 20
7 20
8 19
9 10
10 15
11 15
12 10
13 15
14 14
15 18
16 17

1 17
2 16
3 13
4 12
5 11
6 20
7 20
8 11
9 11
10 17
11 17
12 14
13 14
14 18
15 15
16 12

1 11
2 10
3 15
4 12
5 10
6 17
7 11
8 18
9 19
10 18
11 11
12 14
13 19
14 10
15 10
16 17

1 16
2 20
3 14
4 15
5 12
6 14
7 15
8 15
9 12
10 14
11 10
12 17
13 19
14 16
15 15
16 19

1 18
2 19
3 18
4 19
5 14
6 20
7 20
8 19
9 10
10 15
11 15
12 10
13 15
14 14
15 18
16 17

1 17
2 16
3 13
4 12
5 11
6 20
7 20
8 11
9 11
10 17
11 17
12 14
13 14
14 18
15 15
16 12

1 11
2 10
3 15
4 12
5 10
6 17
7 11
8 18
9 19
10 18
11 11
12 14
13 19
14 10
15 10
16 17

1 16
2 20
3 14
4 15
5 12
6 14
7 15
8 15
9 12
10 14
11 10
12 17
13 19
14 16
15 15
16 19

1 18
2 19
3 18
4 19
5 14
6 20
7 20
8 19
9 10
10 15
11 15
12 10
13 15
14 14
15 18
16 17

1 17
2 16
3 13
4 12
5 11
6 20
7 20
8 11
9 11
10 17
11 17
12 14
13 14
14 18
15 15
16 12

1 11
2 10
3 15
4 12
5 10
6 17
7 11
8 18
9 19
10 18
11 11
12 14
13 19
14 10
15 10
16 17

1 16
2 20
3 14
4 15
5 12
6 14
7 15
8 15
9 12
10 14
11 10
12 17
13 19
14 16
15 15
16 19

1 18
2 19
3 18
4 19
5 14
6 20
7 20
8 19
9 10
10 15
11 15
12 10
13 15
14 14
15 18
16 17

1 17
2 16
3 13
4 12
5 11
6 20
7 20
8 11
9 11
10 17
11 17
12 14
13 14
14 18
15 15
16 12

1 11
2 10
3 15
4 12
5 10
6 17
7 11
8 18
9 19
10 18
11 11
12 14
13 19
14 10
15 10
16 17

1 16
2 20
3 14
4 15
5 12
6 14
7 15
8 15
9 12
10 14
11 10
12 17
13 19
14 16
15 15
16 19

1 18
2 19
3 18
4 19
5 14
6 20
7 20
8 19
9 10
10 15
11 15
12 10
13 15
14 14
15 18
16 17

1 17
2 16
3 13
4 12
5 11
6 20
7 20
8 11
9 11
10 17
11 17
12 14
13 14
14 18
15 15
16 12

1 11
2 10
3 15
4 12
5 10
6 17
7 11
8 18
9 19
10 18
11 11
12 14
13 19
14 10
15 10
16 17

1 16
2 20
3 14
4 15
5 12
6 14
7 15
8 15
9 12
10 14
11 10
12 17
13 19
14 16
15 15
16 19

1 18
2 19
3 18
4 19
5 14
6 20
7 20
8 19
9 10
10 15
11 15
12 10
13 15
14 14
15 18
16 17

1 17
2 16
3 13
4 12
5 11
6 20
7 20
8 11
9 11
10 17
11 17
12 14
13 14
14 18
15 15
16 12

1 11
2 10
3 15
4 12
5 10
6 17
7 11
8 18
9 19
10 18
11 11
12 14
13 19
14 10
15 10
16 17

1 16
2 20
3 14
4 15
5 12
6 14
7 15
8 15
9 12
10 14
11 10
12 17
13 19
14 16
15 15
16 19

1 18
2 19
3 18
4 19
5 14
6 20
7 20
8 19
9 10
10 15
11 15
12 10
13 15
14 14
15 18
16 17

1 17
2 16
3 13
4 12
5 11
6 20
7 20
8 11
9 11
10 17
11 17
12 14
13 14
14 18
15 15
16 12

1 11
2 10
3 15
4 12
5 10
6 17
7 11
8 18
9 19
10 18
11 11
12 14
13 19
14 10
15 10
16 17

1 16
2 20
3 14
4 15
5 12
6 14
7 15
8 15
9 12
10 14
11 10
12 17
13 19
14 16
15 15
16 19

1 18
2 19
3 18
4 19
5 14
6 20
7 20
8 19
9 10
10 15
11 15
12 10
13 15
14 14
15 18
16 17

1 17
2 16
3 13
4 12
5 11
6 20
7 20
8 11
9 11
10 17
11 17
12 14
13 14
14 18
15 15
16 12

1 11
2 10
3 15
4 12
5 10
6 17
7 11
8 18
9 19
10 18
11 11
12 14
13 19
14 10
15 10
16 17

1 16
2 20
3 14
4 15
5 12
6 14
7 15
8 15
9 12
10 14
11 10
12 17
13 19
14 16
15 15
16 19

1 18
2 19
3 18
4 19
5 14
6 20
7 20
8 19
9 10
10 15
11 15
12 10
13 15
14 14
15 18
16 17

1 17
2 16
3 13
4 12
5 11
6 20
7 20
8 11
9 11
10 17
11 17
12 14
13 14
14 18
15 15
16 12

1 11
2 10
3 15
4 12
5 10
6 17
7 11
8 18
9 19
10 18
11 11
12 14
13 19
14 10
15 10
16 17

1 16
2 20
3 14
4 15
5 12
6 14
7 15
8 15
9 12
10 14
11 10
12 17
13 19
14 16
15 15
16 19

1 18
2 19
3 18
4 19
5 14
6 20
7 20
8 19
9 10
10 15
11 15
12 10
13 15
14 14
15 18
16 17

1 17
2 16
3 13
4 12
5 11
6 20
7 20
8 11
9 11
10 17
11 17
12 14
13 14
14 18
15 15
16 12

1 11
2 10
3 15
4 12
5 10
6 17
7 11
8 18
9 19
10 18
11 11
12 14
13 19
14 10
15 10
16 17

1 16
2 20
3 14
4 15
5 12
6 14
7 15
8 15
9 12
10 14
11 10
12 17
13 19
14 16
15 15
16 19

1 18
2 19
3 18
4 19
5 14
6 20
7 20
8 19
9 10
10 15
11 15
12 10
13 15
14 14
15 18
16 17

1 17
2 16
3 13
4 12
5 11
6 20
7 20
8 11
9 11
10 17
11 17
12 14
13 14
14 18
15 15
16 12

1 11
2 10
3 15
4 12
5 10
6 17
7 11
8 18
9 19
10 18
11 11
12 14
13 19
14 10
15 10
16 17

1 16
2 20
3 14
4 15
5 12
6 14
7 15
8 15
9 12
10 14
11 10
12 17
13 19
14 16
15 15
16 19

1 18
2 19
3 18
4 19
5 14
6 20
7 20
8 19
9 10
10 15
11 15
12 10
13 15
14 14
15 18
16 17

1 17
2 16
3 13
4 12
5 11
6 20
7 20
8 11
9 11
10 17
11 17
12 14
13 14
14 18
15 15
16 12

1 11
2 10
3 15
4 12
5 10
6 17
7 11
8 18
9 19
10 18
11 11
12 14
13 19
14 10
15 10
16 17

1 16
2 20
3 14
4 15
5 12
6 14
7 15
8 15
9 12
10 14
11 10
12 17
13 19
14 16
15 15
16 19

1 18
2 19
3 18
4 19
5 14
6 20
7 20
8 19
9 10
10 15
11 15
12 10
13 15
14 14
15 18
16 17

1 17
2 16
3 13
4 12
5 11
6 20
7 20
8 11
9 11
10 17
11 17
12 14
13 14
14 18
15 15
16 12

1 11
2 10
3 15
4 12
5 10
6 17
7 11
8 18
9 19
10 18
11 11
12 14
13 19
14 10
15 10
16 17

1 16
2 20
3 14
4 15
5 12
6 14
7 15
8 15
9 12
10 14
11 10
12 17
13 19
14 16
15 15
16 19

1 18
2 19
3 18
4 19
5 14
6 20
7 20
8 19
9 10
10 15
11 15
12 10
13 15
14 14
15 18
16 17