1 0
2 0
3 0
4 0
5 0
6 0
7 0
8 0

1 14
2 15
3 17
4 13
5 11
6 20
7 17
8 11

1 10
2 20
3 20
4 11
5 13
6 10
7 19
8 10

1 12
2 18
3 14
4 13
5 12
6 16
7 18
8 10

1 17
2 15
3 12
4 15
5 13
6 11
7 11
8 14

1 17
2 11
3 19
4 12
5 20
6 10
7 16
8 20

1 16
2 12
3 12
4 12
5 11
6 13
7 18
8 11

1 14
2 15
3 17
4 13
5 11
6 20
7 17
8 11

1 10
2 20
3 20
4 11
5 13
6 10
7 19
8 10

1 12
2 18
3 14
4 13
5 12
6 16
7 18
8 10

1 17
2 15
3 12
4 15
5 13
6 11
7 11
8 14

1 17
2 11
3 19
4 12
5 20
6 10
7 16
8 20

1 16
2 12
3 12
4 12
5 11
6 13
7 18
8 11

1 14
2 15
3 17
4 13
5 11
6 20
7 17
8 11

1 10
2 20
3 20
4 11
5 13
6 10
7 19
8 10

1 12
2 18
3 14
4 13
5 12
6 16
7 18
8 10

1 17
2 15
3 12
4 15
5 13
6 11
7 11
8 14

1 17
2 11
3 19
4 12
5 20
6 10
7 16
8 20

1 16
2 12
3 12
4 12
5 11
6 13
7 18
8 11

1 14
2 15
3 17
4 13
5 11
6 20
7 17
8 11

1 10
2 20
3 20
4 11
5 13
6 10
7 19
8 10

1 12
2 18
3 14
4 13
5 12
6 16
7 18
8 10

1 17
2 15
3 12
4 15
5 13
6 11
7 11
8 14

1 17
2 11
3 19
4 12
5 20
6 10
7 16
8 20

1 16
2 12
3 12
4 12
5 11
6 13
7 18
8 11

1 14
2 15
3 17
4 13
5 11
6 20
7 17
8 11

1 10
2 20
3 20
4 11
5 13
6 10
7 19
8 10

1 12
2 18
3 14
4 13
5 12
6 16
7 18
8 10

1 17
2 15
3 12
4 15
5 13
6 11
7 11
8 14

1 17
2 11
3 19
4 12
5 20
6 10
7 16
8 20

1 16
2 12
3 12
4 12
5 11
6 13
7 18
8 11

1 14
2 15
3 17
4 13
5 11
6 20
7 17
8 11

1 10
2 20
3 20
4 11
5 13
6 10
7 19
8 10

1 12
2 18
3 14
4 13
5 12
6 16
7 18
8 10

1 17
2 15
3 12
4 15
5 13
6 11
7 11
8 14

1 17
2 11
3 19
4 12
5 20
6 10
7 16
8 20

1 16
2 12
3 12
4 12
5 11
6 13
7 18
8 11

1 14
2 15
3 17
4 13
5 11
6 20
7 17
8 11

1 10
2 20
3 20
4 11
5 13
6 10
7 19
8 10

1 12
2 18
3 14
4 13
5 12
6 16
7 18
8 10

1 17
2 15
3 12
4 15
5 13
6 11
7 11
8 14

1 17
2 11
3 19
4 12
5 20
6 10
7 16
8 20

1 16
2 12
3 12
4 12
5 11
6 13
7 18
8 11

1 14
2 15
3 17
4 13
5 11
6 20
7 17
8 11

1 10
2 20
3 20
4 11
5 13
6 10
7 19
8 10

1 12
2 18
3 14
4 13
5 12
6 16
7 18
8 10

1 17
2 15
3 12
4 15
5 13
6 11
7 11
8 14

1 17
2 11
3 19
4 12
5 20
6 10
7 16
8 20

1 16
2 12
3 12
4 12
5 11
6 13
7 18
8 11

1 14
2 15
3 17
4 13
5 11
6 20
7 17
8 11

1 10
2 20
3 20
4 11
5 13
6 10
7 19
8 10

1 12
2 18
3 14
4 13
5 12
6 16
7 18
8 10

1 17
2 15
3 12
4 15
5 13
6 11
7 11
8 14

1 17
2 11
3 19
4 12
5 20
6 10
7 16
8 20

1 16
2 12
3 12
4 12
5 11
6 13
7 18
8 11

1 14
2 15
3 17
4 13
5 11
6 20
7 17
8 11

1 10
2 20
3 20
4 11
5 13
6 10
7 19
8 10

1 12
2 18
3 14
4 13
5 12
6 16
7 18
8 10

1 17
2 15
3 12
4 15
5 13
6 11
7 11
8 14

1 17
2 11
3 19
4 12
5 20
6 10
7 16
8 20

1 16
2 12
3 12
4 12
5 11
6 13
7 18
8 11

1 14
2 15
3 17
4 13
5 11
6 20
7 17
8 11

1 10
2 20
3 20
4 11
5 13
6 10
7 19
8 10

1 12
2 18
3 14
4 13
5 12
6 16
7 18
8 10

1 17
2 15
3 12
4 15
5 13
6 11
7 11
8 14

1 17
2 11
3 19
4 12
5 20
6 10
7 16
8 20

1 16
2 12
3 12
4 12
5 11
6 13
7 18
8 11

1 14
2 15
3 17
4 13
5 11
6 20
7 17
8 11

1 10
2 20
3 20
4 11
5 13
6 10
7 19
8 10

1 12
2 18
3 14
4 13
5 12
6 16
7 18
8 10

1 17
2 15
3 12
4 15
5 13
6 11
7 11
8 14

1 17
2 11
3 19
4 12
5 20
6 10
7 16
8 20

1 16
2 12
3 12
4 12
5 11
6 13
7 18
8 11

1 14
2 15
3 17
4 13
5 11
6 20
7 17
8 11

1 10
2 20
3 20
4 11
5 13
6 10
7 19
8 10

1 12
2 18
3 14
4 13
5 12
6 16
7 18
8 10

1 17
2 15
3 12
4 15
5 13
6 11
7 11
8 14

1 17
2 11
3 19
4 12
5 20
6 10
7 16
8 20

1 16
2 12
3 12
4 12
5 11
6 13
7 18
8 11

1 14
2 15
3 17
4 13
5 11
6 20
7 17
8 11

1 10
2 20
3 20
4 11
5 13
6 10
7 19
8 10

1 12
2 18
3 14
4 13
5 12
6 16
7 18
8 10

1 17
2 15
3 12
4 15
5 13
6 11
7 11
8 14

1 17
2 11
3 19
4 12
5 20
6 10
7 16
8 20

1 16
2 12
3 12
4 12
5 11
6 13
7 18
8 11

1 14
2 15
3 17
4 13
5 11
6 20
7 17
8 11

1 10
2 20
3 20
4 11
5 13
6 10
7 19
8 10

1 12
2 18
3 14
4 13
5 12
6 16
7 18
8 10

1 17
2 15
3 12
4 15
5 13
6 11
7 11
8 14

1 17
2 11
3 19
4 12
5 20
6 10
7 16
8 20

1 16
2 12
3 12
4 12
5 11
6 13
7 18
8 11

1 14
2 15
3 17
4 13
5 11
6 20
7 17
8 11

1 10
2 20
3 20
4 11
5 13
6 10
7 19
8 10

1 12
2 18
3 14
4 13
5 12
6 16
7 18
8 10

1 17
2 15
3 12
4 15
5 13
6 11
7 11
8 14

1 17
2 11
3 19
4 12
5 20
6 10
7 16
8 20

1 16
2 12
3 12
4 12
5 11
6 13
7 18
8 11

1 14
2 15
3 17
4 13
5 11
6 20
7 17
8 11

1 10
2 20
3 20
4 11
5 13
6 10
7 19
8 10

1 12
2 18
3 14
4 13
5 12
6 16
7 18
8 10

1 17
2 15
3 12
4 15
5 13
6 11
7 11
8 14

1 17
2 11
3 19
4 12
5 20
6 10
7 16
8 20

1 16
2 12
3 12
4 12
5 11
6 13
7 18
8 11

1 14
2 15
3 17
4 13
5 11
6 20
7 17
8 11

1 10
2 20
3 20
4 11
5 13
6 10
7 19
8 10

1 12
2 18
3 14
4 13
5 12
6 16
7 18
8 10

1 17
2 15
3 12
4 15
5 13
6 11
7 11
8 14

1 17
2 11
3 19
4 12
5 20
6 10
7 16
8 20

1 16
2 12
3 12
4 12
5 11
6 13
7 18
8 11

1 14
2 15
3 17
4 13
5 11
6 20
7 17
8 11

1 10
2 20
3 20
4 11
5 13
6 10
7 19
8 10

1 12
2 18
3 14
4 13
5 12
6 16
7 18
8 10

1 17
2 15
3 12
4 15
5 13
6 11
7 11
8 14

1 17
2 11
3 19
4 12
5 20
6 10
7 16
8 20

1 16
2 12
3 12
4 12
5 11
6 13
7 18
8 11

1 14
2 15
3 17
4 13
5 11
6 20
7 17
8 11

1 10
2 20
3 20
4 11
5 13
6 10
7 19
8 10

1 12
2 18
3 14
4 13
5 12
6 16
7 18
8 10

1 17
2 15
3 12
4 15
5 13
6 11
7 11
8 14

1 17
2 11
3 19
4 12
5 20
6 10
7 16
8 20

1 16
2 12
3 12
4 12
5 11
6 13
7 18
8 11