1 0
2 0
3 0
4 0
5 0
6 0
7 0
8 0
9 0
10 0
11 0
12 0
13 0
14 0
15 0
16 0

1 2
2 6
3 2
4 9
5 9
6 1
7 5
8 8
9 7
10 3
11 0
12 0
13 6
14 0
15 3
16 1

1 0
2 8
3 5
4 1
5 5
6 1
7 6
8 4
9 3
10 1
11 4
12 7
13 8
14 9
15 4
16 1

1 2
2 6
3 2
4 9
5 9
6 1
7 5
8 8
9 7
10 3
11 0
12 0
13 6
14 0
15 3
16 1

1 0
2 8
3 5
4 1
5 5
6 1
7 6
8 4
9 3
10 1
11 4
12 7
13 8
14 9
15 4
16 1

1 2
2 6
3 2
4 9
5 9
6 1
7 5
8 8
9 7
10 3
11 0
12 0
13 6
14 0
15 3
16 1

1 0
2 8
3 5
4 1
5 5
6 1
7 6
8 4
9 3
10 1
11 4
12 7
13 8
14 9
15 4
16 1

1 2
2 6
3 2
4 9
5 9
6 1
7 5
8 8
9 7
10 3
11 0
12 0
13 6
14 0
15 3
16 1

1 0
2 8
3 5
4 1
5 5
6 1
7 6
8 4
9 3
10 1
11 4
12 7
13 8
14 9
15 4
16 1

1 2
2 6
3 2
4 9
5 9
6 1
7 5
8 8
9 7
10 3
11 0
12 0
13 6
14 0
15 3
16 1

1 0
2 8
3 5
4 1
5 5
6 1
7 6
8 4
9 3
10 1
11 4
12 7
13 8
14 9
15 4
16 1

1 2
2 6
3 2
4 9
5 9
6 1
7 5
8 8
9 7
10 3
11 0
12 0
13 6
14 0
15 3
16 1

1 0
2 8
3 5
4 1
5 5
6 1
7 6
8 4
9 3
10 1
11 4
12 7
13 8
14 9
15 4
16 1

1 2
2 6
3 2
4 9
5 9
6 1
7 5
8 8
9 7
10 3
11 0
12 0
13 6
14 0
15 3
16 1

1 0
2 8
3 5
4 1
5 5
6 1
7 6
8 4
9 3
10 1
11 4
12 7
13 8
14 9
15 4
16 1

1 2
2 6
3 2
4 9
5 9
6 1
7 5
8 8
9 7
10 3
11 0
12 0
13 6
14 0
15 3
16 1

1 0
2 8
3 5
4 1
5 5
6 1
7 6
8 4
9 3
10 1
11 4
12 7
13 8
14 9
15 4
16 1

1 2
2 6
3 2
4 9
5 9
6 1
7 5
8 8
9 7
10 3
11 0
12 0
13 6
14 0
15 3
16 1

1 0
2 8
3 5
4 1
5 5
6 1
7 6
8 4
9 3
10 1
11 4
12 7
13 8
14 9
15 4
16 1

1 2
2 6
3 2
4 9
5 9
6 1
7 5
8 8
9 7
10 3
11 0
12 0
13 6
14 0
15 3
16 1

1 0
2 8
3 5
4 1
5 5
6 1
7 6
8 4
9 3
10 1
11 4
12 7
13 8
14 9
15 4
16 1