1 0
2 0
3 0
4 0
5 0
6 0
7 0
8 0

1 7
2 1
3 7
4 0
5 7
6 6
7 8
8 3

1 5
2 8
3 6
4 7
5 1
6 8
7 7
8 3

1 4
2 3
3 1
4 7
5 9
6 1
7 7
8 6

1 9
2 4
3 9
4 8
5 5
6 7
7 9
8 4

1 4
2 6
3 9
4 2
5 7
6 9
7 8
8 2

1 1
2 6
3 7
4 6
5 2
6 6
7 1
8 0

1 7
2 1
3 7
4 0
5 7
6 6
7 8
8 3

1 5
2 8
3 6
4 7
5 1
6 8
7 7
8 3

1 4
2 3
3 1
4 7
5 9
6 1
7 7
8 6

1 9
2 4
3 9
4 8
5 5
6 7
7 9
8 4

1 4
2 6
3 9
4 2
5 7
6 9
7 8
8 2

1 1
2 6
3 7
4 6
5 2
6 6
7 1
8 0

1 7
2 1
3 7
4 0
5 7
6 6
7 8
8 3

1 5
2 8
3 6
4 7
5 1
6 8
7 7
8 3

1 4
2 3
3 1
4 7
5 9
6 1
7 7
8 6

1 9
2 4
3 9
4 8
5 5
6 7
7 9
8 4

1 4
2 6
3 9
4 2
5 7
6 9
7 8
8 2

1 1
2 6
3 7
4 6
5 2
6 6
7 1
8 0

1 7
2 1
3 7
4 0
5 7
6 6
7 8
8 3

1 5
2 8
3 6
4 7
5 1
6 8
7 7
8 3

1 4
2 3
3 1
4 7
5 9
6 1
7 7
8 6

1 9
2 4
3 9
4 8
5 5
6 7
7 9
8 4

1 4
2 6
3 9
4 2
5 7
6 9
7 8
8 2

1 1
2 6
3 7
4 6
5 2
6 6
7 1
8 0

1 7
2 1
3 7
4 0
5 7
6 6
7 8
8 3

1 5
2 8
3 6
4 7
5 1
6 8
7 7
8 3

1 4
2 3
3 1
4 7
5 9
6 1
7 7
8 6

1 9
2 4
3 9
4 8
5 5
6 7
7 9
8 4

1 4
2 6
3 9
4 2
5 7
6 9
7 8
8 2

1 1
2 6
3 7
4 6
5 2
6 6
7 1
8 0

1 7
2 1
3 7
4 0
5 7
6 6
7 8
8 3

1 5
2 8
3 6
4 7
5 1
6 8
7 7
8 3

1 4
2 3
3 1
4 7
5 9
6 1
7 7
8 6

1 9
2 4
3 9
4 8
5 5
6 7
7 9
8 4

1 4
2 6
3 9
4 2
5 7
6 9
7 8
8 2

1 1
2 6
3 7
4 6
5 2
6 6
7 1
8 0

1 7
2 1
3 7
4 0
5 7
6 6
7 8
8 3

1 5
2 8
3 6
4 7
5 1
6 8
7 7
8 3

1 4
2 3
3 1
4 7
5 9
6 1
7 7
8 6

1 9
2 4
3 9
4 8
5 5
6 7
7 9
8 4

1 4
2 6
3 9
4 2
5 7
6 9
7 8
8 2

1 1
2 6
3 7
4 6
5 2
6 6
7 1
8 0

1 7
2 1
3 7
4 0
5 7
6 6
7 8
8 3

1 5
2 8
3 6
4 7
5 1
6 8
7 7
8 3

1 4
2 3
3 1
4 7
5 9
6 1
7 7
8 6

1 9
2 4
3 9
4 8
5 5
6 7
7 9
8 4

1 4
2 6
3 9
4 2
5 7
6 9
7 8
8 2

1 1
2 6
3 7
4 6
5 2
6 6
7 1
8 0

1 7
2 1
3 7
4 0
5 7
6 6
7 8
8 3

1 5
2 8
3 6
4 7
5 1
6 8
7 7
8 3

1 4
2 3
3 1
4 7
5 9
6 1
7 7
8 6

1 9
2 4
3 9
4 8
5 5
6 7
7 9
8 4

1 4
2 6
3 9
4 2
5 7
6 9
7 8
8 2

1 1
2 6
3 7
4 6
5 2
6 6
7 1
8 0

1 7
2 1
3 7
4 0
5 7
6 6
7 8
8 3

1 5
2 8
3 6
4 7
5 1
6 8
7 7
8 3

1 4
2 3
3 1
4 7
5 9
6 1
7 7
8 6

1 9
2 4
3 9
4 8
5 5
6 7
7 9
8 4

1 4
2 6
3 9
4 2
5 7
6 9
7 8
8 2

1 1
2 6
3 7
4 6
5 2
6 6
7 1
8 0

1 7
2 1
3 7
4 0
5 7
6 6
7 8
8 3

1 5
2 8
3 6
4 7
5 1
6 8
7 7
8 3

1 4
2 3
3 1
4 7
5 9
6 1
7 7
8 6

1 9
2 4
3 9
4 8
5 5
6 7
7 9
8 4

1 4
2 6
3 9
4 2
5 7
6 9
7 8
8 2

1 1
2 6
3 7
4 6
5 2
6 6
7 1
8 0

1 7
2 1
3 7
4 0
5 7
6 6
7 8
8 3

1 5
2 8
3 6
4 7
5 1
6 8
7 7
8 3

1 4
2 3
3 1
4 7
5 9
6 1
7 7
8 6

1 9
2 4
3 9
4 8
5 5
6 7
7 9
8 4

1 4
2 6
3 9
4 2
5 7
6 9
7 8
8 2

1 1
2 6
3 7
4 6
5 2
6 6
7 1
8 0

1 7
2 1
3 7
4 0
5 7
6 6
7 8
8 3

1 5
2 8
3 6
4 7
5 1
6 8
7 7
8 3

1 4
2 3
3 1
4 7
5 9
6 1
7 7
8 6

1 9
2 4
3 9
4 8
5 5
6 7
7 9
8 4

1 4
2 6
3 9
4 2
5 7
6 9
7 8
8 2

1 1
2 6
3 7
4 6
5 2
6 6
7 1
8 0

1 7
2 1
3 7
4 0
5 7
6 6
7 8
8 3

1 5
2 8
3 6
4 7
5 1
6 8
7 7
8 3

1 4
2 3
3 1
4 7
5 9
6 1
7 7
8 6

1 9
2 4
3 9
4 8
5 5
6 7
7 9
8 4

1 4
2 6
3 9
4 2
5 7
6 9
7 8
8 2

1 1
2 6
3 7
4 6
5 2
6 6
7 1
8 0

1 7
2 1
3 7
4 0
5 7
6 6
7 8
8 3

1 5
2 8
3 6
4 7
5 1
6 8
7 7
8 3

1 4
2 3
3 1
4 7
5 9
6 1
7 7
8 6

1 9
2 4
3 9
4 8
5 5
6 7
7 9
8 4

1 4
2 6
3 9
4 2
5 7
6 9
7 8
8 2

1 1
2 6
3 7
4 6
5 2
6 6
7 1
8 0