1 0
2 0
3 0
4 0
5 0
6 0
7 0
8 0
9 0
10 0
11 0
12 0
13 0
14 0
15 0
16 0

1 0
2 2
3 8
4 6
5 8
6 5
7 0
8 7
9 3
10 4
11 9
12 4
13 6
14 9
15 1
16 0

1 1
2 7
3 2
4 1
5 5
6 0
7 0
8 2
9 1
10 7
11 9
12 1
13 8
14 2
15 0
16 5

1 4
2 0
3 4
4 1
5 8
6 7
7 3
8 2
9 0
10 8
11 7
12 9
13 5
14 0
15 0
16 7

1 0
2 2
3 7
4 0
5 3
6 5
7 2
8 5
9 2
10 7
11 4
12 7
13 7
14 6
15 9
16 2

1 0
2 2
3 8
4 6
5 8
6 5
7 0
8 7
9 3
10 4
11 9
12 4
13 6
14 9
15 1
16 0

1 1
2 7
3 2
4 1
5 5
6 0
7 0
8 2
9 1
10 7
11 9
12 1
13 8
14 2
15 0
16 5

1 4
2 0
3 4
4 1
5 8
6 7
7 3
8 2
9 0
10 8
11 7
12 9
13 5
14 0
15 0
16 7

1 0
2 2
3 7
4 0
5 3
6 5
7 2
8 5
9 2
10 7
11 4
12 7
13 7
14 6
15 9
16 2

1 0
2 2
3 8
4 6
5 8
6 5
7 0
8 7
9 3
10 4
11 9
12 4
13 6
14 9
15 1
16 0

1 1
2 7
3 2
4 1
5 5
6 0
7 0
8 2
9 1
10 7
11 9
12 1
13 8
14 2
15 0
16 5

1 4
2 0
3 4
4 1
5 8
6 7
7 3
8 2
9 0
10 8
11 7
12 9
13 5
14 0
15 0
16 7

1 0
2 2
3 7
4 0
5 3
6 5
7 2
8 5
9 2
10 7
11 4
12 7
13 7
14 6
15 9
16 2

1 0
2 2
3 8
4 6
5 8
6 5
7 0
8 7
9 3
10 4
11 9
12 4
13 6
14 9
15 1
16 0

1 1
2 7
3 2
4 1
5 5
6 0
7 0
8 2
9 1
10 7
11 9
12 1
13 8
14 2
15 0
16 5

1 4
2 0
3 4
4 1
5 8
6 7
7 3
8 2
9 0
10 8
11 7
12 9
13 5
14 0
15 0
16 7

1 0
2 2
3 7
4 0
5 3
6 5
7 2
8 5
9 2
10 7
11 4
12 7
13 7
14 6
15 9
16 2

1 0
2 2
3 8
4 6
5 8
6 5
7 0
8 7
9 3
10 4
11 9
12 4
13 6
14 9
15 1
16 0

1 1
2 7
3 2
4 1
5 5
6 0
7 0
8 2
9 1
10 7
11 9
12 1
13 8
14 2
15 0
16 5

1 4
2 0
3 4
4 1
5 8
6 7
7 3
8 2
9 0
10 8
11 7
12 9
13 5
14 0
15 0
16 7

1 0
2 2
3 7
4 0
5 3
6 5
7 2
8 5
9 2
10 7
11 4
12 7
13 7
14 6
15 9
16 2

1 0
2 2
3 8
4 6
5 8
6 5
7 0
8 7
9 3
10 4
11 9
12 4
13 6
14 9
15 1
16 0

1 1
2 7
3 2
4 1
5 5
6 0
7 0
8 2
9 1
10 7
11 9
12 1
13 8
14 2
15 0
16 5

1 4
2 0
3 4
4 1
5 8
6 7
7 3
8 2
9 0
10 8
11 7
12 9
13 5
14 0
15 0
16 7

1 0
2 2
3 7
4 0
5 3
6 5
7 2
8 5
9 2
10 7
11 4
12 7
13 7
14 6
15 9
16 2

1 0
2 2
3 8
4 6
5 8
6 5
7 0
8 7
9 3
10 4
11 9
12 4
13 6
14 9
15 1
16 0

1 1
2 7
3 2
4 1
5 5
6 0
7 0
8 2
9 1
10 7
11 9
12 1
13 8
14 2
15 0
16 5

1 4
2 0
3 4
4 1
5 8
6 7
7 3
8 2
9 0
10 8
11 7
12 9
13 5
14 0
15 0
16 7

1 0
2 2
3 7
4 0
5 3
6 5
7 2
8 5
9 2
10 7
11 4
12 7
13 7
14 6
15 9
16 2

1 0
2 2
3 8
4 6
5 8
6 5
7 0
8 7
9 3
10 4
11 9
12 4
13 6
14 9
15 1
16 0

1 1
2 7
3 2
4 1
5 5
6 0
7 0
8 2
9 1
10 7
11 9
12 1
13 8
14 2
15 0
16 5

1 4
2 0
3 4
4 1
5 8
6 7
7 3
8 2
9 0
10 8
11 7
12 9
13 5
14 0
15 0
16 7

1 0
2 2
3 7
4 0
5 3
6 5
7 2
8 5
9 2
10 7
11 4
12 7
13 7
14 6
15 9
16 2

1 0
2 2
3 8
4 6
5 8
6 5
7 0
8 7
9 3
10 4
11 9
12 4
13 6
14 9
15 1
16 0

1 1
2 7
3 2
4 1
5 5
6 0
7 0
8 2
9 1
10 7
11 9
12 1
13 8
14 2
15 0
16 5

1 4
2 0
3 4
4 1
5 8
6 7
7 3
8 2
9 0
10 8
11 7
12 9
13 5
14 0
15 0
16 7

1 0
2 2
3 7
4 0
5 3
6 5
7 2
8 5
9 2
10 7
11 4
12 7
13 7
14 6
15 9
16 2

1 0
2 2
3 8
4 6
5 8
6 5
7 0
8 7
9 3
10 4
11 9
12 4
13 6
14 9
15 1
16 0

1 1
2 7
3 2
4 1
5 5
6 0
7 0
8 2
9 1
10 7
11 9
12 1
13 8
14 2
15 0
16 5

1 4
2 0
3 4
4 1
5 8
6 7
7 3
8 2
9 0
10 8
11 7
12 9
13 5
14 0
15 0
16 7

1 0
2 2
3 7
4 0
5 3
6 5
7 2
8 5
9 2
10 7
11 4
12 7
13 7
14 6
15 9
16 2

1 0
2 2
3 8
4 6
5 8
6 5
7 0
8 7
9 3
10 4
11 9
12 4
13 6
14 9
15 1
16 0

1 1
2 7
3 2
4 1
5 5
6 0
7 0
8 2
9 1
10 7
11 9
12 1
13 8
14 2
15 0
16 5

1 4
2 0
3 4
4 1
5 8
6 7
7 3
8 2
9 0
10 8
11 7
12 9
13 5
14 0
15 0
16 7

1 0
2 2
3 7
4 0
5 3
6 5
7 2
8 5
9 2
10 7
11 4
12 7
13 7
14 6
15 9
16 2

1 0
2 2
3 8
4 6
5 8
6 5
7 0
8 7
9 3
10 4
11 9
12 4
13 6
14 9
15 1
16 0

1 1
2 7
3 2
4 1
5 5
6 0
7 0
8 2
9 1
10 7
11 9
12 1
13 8
14 2
15 0
16 5

1 4
2 0
3 4
4 1
5 8
6 7
7 3
8 2
9 0
10 8
11 7
12 9
13 5
14 0
15 0
16 7

1 0
2 2
3 7
4 0
5 3
6 5
7 2
8 5
9 2
10 7
11 4
12 7
13 7
14 6
15 9
16 2

1 0
2 2
3 8
4 6
5 8
6 5
7 0
8 7
9 3
10 4
11 9
12 4
13 6
14 9
15 1
16 0

1 1
2 7
3 2
4 1
5 5
6 0
7 0
8 2
9 1
10 7
11 9
12 1
13 8
14 2
15 0
16 5

1 4
2 0
3 4
4 1
5 8
6 7
7 3
8 2
9 0
10 8
11 7
12 9
13 5
14 0
15 0
16 7

1 0
2 2
3 7
4 0
5 3
6 5
7 2
8 5
9 2
10 7
11 4
12 7
13 7
14 6
15 9
16 2

1 0
2 2
3 8
4 6
5 8
6 5
7 0
8 7
9 3
10 4
11 9
12 4
13 6
14 9
15 1
16 0

1 1
2 7
3 2
4 1
5 5
6 0
7 0
8 2
9 1
10 7
11 9
12 1
13 8
14 2
15 0
16 5

1 4
2 0
3 4
4 1
5 8
6 7
7 3
8 2
9 0
10 8
11 7
12 9
13 5
14 0
15 0
16 7

1 0
2 2
3 7
4 0
5 3
6 5
7 2
8 5
9 2
10 7
11 4
12 7
13 7
14 6
15 9
16 2

1 0
2 2
3 8
4 6
5 8
6 5
7 0
8 7
9 3
10 4
11 9
12 4
13 6
14 9
15 1
16 0

1 1
2 7
3 2
4 1
5 5
6 0
7 0
8 2
9 1
10 7
11 9
12 1
13 8
14 2
15 0
16 5

1 4
2 0
3 4
4 1
5 8
6 7
7 3
8 2
9 0
10 8
11 7
12 9
13 5
14 0
15 0
16 7

1 0
2 2
3 7
4 0
5 3
6 5
7 2
8 5
9 2
10 7
11 4
12 7
13 7
14 6
15 9
16 2