1 0
2 0
3 0
4 0

1 20
2 11
3 13
4 20

1 12
2 16
3 18
4 19

1 14
2 10
3 19
4 12

1 11
2 19
3 14
4 11

1 10
2 15
3 18
4 10

1 15
2 19
3 11
4 19

1 20
2 11
3 13
4 20

1 12
2 16
3 18
4 19

1 14
2 10
3 19
4 12

1 11
2 19
3 14
4 11

1 10
2 15
3 18
4 10

1 15
2 19
3 11
4 19

1 20
2 11
3 13
4 20

1 12
2 16
3 18
4 19

1 14
2 10
3 19
4 12

1 11
2 19
3 14
4 11

1 10
2 15
3 18
4 10

1 15
2 19
3 11
4 19

1 20
2 11
3 13
4 20

1 12
2 16
3 18
4 19

1 14
2 10
3 19
4 12

1 11
2 19
3 14
4 11

1 10
2 15
3 18
4 10

1 15
2 19
3 11
4 19

1 20
2 11
3 13
4 20

1 12
2 16
3 18
4 19

1 14
2 10
3 19
4 12

1 11
2 19
3 14
4 11

1 10
2 15
3 18
4 10

1 15
2 19
3 11
4 19

1 20
2 11
3 13
4 20

1 12
2 16
3 18
4 19

1 14
2 10
3 19
4 12

1 11
2 19
3 14
4 11

1 10
2 15
3 18
4 10

1 15
2 19
3 11
4 19

1 20
2 11
3 13
4 20

1 12
2 16
3 18
4 19

1 14
2 10
3 19
4 12

1 11
2 19
3 14
4 11

1 10
2 15
3 18
4 10

1 15
2 19
3 11
4 19

1 20
2 11
3 13
4 20

1 12
2 16
3 18
4 19

1 14
2 10
3 19
4 12

1 11
2 19
3 14
4 11

1 10
2 15
3 18
4 10

1 15
2 19
3 11
4 19

1 20
2 11
3 13
4 20

1 12
2 16
3 18
4 19

1 14
2 10
3 19
4 12

1 11
2 19
3 14
4 11

1 10
2 15
3 18
4 10

1 15
2 19
3 11
4 19

1 20
2 11
3 13
4 20

1 12
2 16
3 18
4 19

1 14
2 10
3 19
4 12

1 11
2 19
3 14
4 11

1 10
2 15
3 18
4 10

1 15
2 19
3 11
4 19

1 20
2 11
3 13
4 20

1 12
2 16
3 18
4 19

1 14
2 10
3 19
4 12

1 11
2 19
3 14
4 11

1 10
2 15
3 18
4 10

1 15
2 19
3 11
4 19

1 20
2 11
3 13
4 20

1 12
2 16
3 18
4 19

1 14
2 10
3 19
4 12

1 11
2 19
3 14
4 11

1 10
2 15
3 18
4 10

1 15
2 19
3 11
4 19

1 20
2 11
3 13
4 20

1 12
2 16
3 18
4 19

1 14
2 10
3 19
4 12

1 11
2 19
3 14
4 11

1 10
2 15
3 18
4 10

1 15
2 19
3 11
4 19

1 20
2 11
3 13
4 20

1 12
2 16
3 18
4 19

1 14
2 10
3 19
4 12

1 11
2 19
3 14
4 11

1 10
2 15
3 18
4 10

1 15
2 19
3 11
4 19

1 20
2 11
3 13
4 20

1 12
2 16
3 18
4 19

1 14
2 10
3 19
4 12

1 11
2 19
3 14
4 11

1 10
2 15
3 18
4 10

1 15
2 19
3 11
4 19