1 0
2 0
3 0
4 0
5 0
6 0
7 0
8 0

1 16
2 17
3 16
4 18
5 15
6 17
7 10
8 13

1 11
2 14
3 16
4 13
5 10
6 14
7 20
8 16

1 16
2 17
3 16
4 18
5 15
6 17
7 10
8 13

1 11
2 14
3 16
4 13
5 10
6 14
7 20
8 16

1 16
2 17
3 16
4 18
5 15
6 17
7 10
8 13

1 11
2 14
3 16
4 13
5 10
6 14
7 20
8 16

1 16
2 17
3 16
4 18
5 15
6 17
7 10
8 13

1 11
2 14
3 16
4 13
5 10
6 14
7 20
8 16

1 16
2 17
3 16
4 18
5 15
6 17
7 10
8 13

1 11
2 14
3 16
4 13
5 10
6 14
7 20
8 16

1 16
2 17
3 16
4 18
5 15
6 17
7 10
8 13

1 11
2 14
3 16
4 13
5 10
6 14
7 20
8 16

1 16
2 17
3 16
4 18
5 15
6 17
7 10
8 13

1 11
2 14
3 16
4 13
5 10
6 14
7 20
8 16

1 16
2 17
3 16
4 18
5 15
6 17
7 10
8 13

1 11
2 14
3 16
4 13
5 10
6 14
7 20
8 16

1 16
2 17
3 16
4 18
5 15
6 17
7 10
8 13

1 11
2 14
3 16
4 13
5 10
6 14
7 20
8 16

1 16
2 17
3 16
4 18
5 15
6 17
7 10
8 13

1 11
2 14
3 16
4 13
5 10
6 14
7 20
8 16

1 16
2 17
3 16
4 18
5 15
6 17
7 10
8 13

1 11
2 14
3 16
4 13
5 10
6 14
7 20
8 16

1 16
2 17
3 16
4 18
5 15
6 17
7 10
8 13

1 11
2 14
3 16
4 13
5 10
6 14
7 20
8 16

1 16
2 17
3 16
4 18
5 15
6 17
7 10
8 13

1 11
2 14
3 16
4 13
5 10
6 14
7 20
8 16

1 16
2 17
3 16
4 18
5 15
6 17
7 10
8 13

1 11
2 14
3 16
4 13
5 10
6 14
7 20
8 16

1 16
2 17
3 16
4 18
5 15
6 17
7 10
8 13

1 11
2 14
3 16
4 13
5 10
6 14
7 20
8 16

1 16
2 17
3 16
4 18
5 15
6 17
7 10
8 13

1 11
2 14
3 16
4 13
5 10
6 14
7 20
8 16

1 16
2 17
3 16
4 18
5 15
6 17
7 10
8 13

1 11
2 14
3 16
4 13
5 10
6 14
7 20
8 16

1 16
2 17
3 16
4 18
5 15
6 17
7 10
8 13

1 11
2 14
3 16
4 13
5 10
6 14
7 20
8 16

1 16
2 17
3 16
4 18
5 15
6 17
7 10
8 13

1 11
2 14
3 16
4 13
5 10
6 14
7 20
8 16

1 16
2 17
3 16
4 18
5 15
6 17
7 10
8 13

1 11
2 14
3 16
4 13
5 10
6 14
7 20
8 16