1 0
2 0
3 0
4 0
5 0
6 0
7 0
8 0

1 1
2 9
3 2
4 0
5 7
6 2
7 0
8 1

1 3
2 1
3 1
4 5
5 1
6 8
7 3
8 3

1 1
2 2
3 4
4 7
5 6
6 8
7 0
8 7

1 9
2 0
3 4
4 7
5 6
6 2
7 9
8 7

1 1
2 9
3 2
4 0
5 7
6 2
7 0
8 1

1 3
2 1
3 1
4 5
5 1
6 8
7 3
8 3

1 1
2 2
3 4
4 7
5 6
6 8
7 0
8 7

1 9
2 0
3 4
4 7
5 6
6 2
7 9
8 7

1 1
2 9
3 2
4 0
5 7
6 2
7 0
8 1

1 3
2 1
3 1
4 5
5 1
6 8
7 3
8 3

1 1
2 2
3 4
4 7
5 6
6 8
7 0
8 7

1 9
2 0
3 4
4 7
5 6
6 2
7 9
8 7

1 1
2 9
3 2
4 0
5 7
6 2
7 0
8 1

1 3
2 1
3 1
4 5
5 1
6 8
7 3
8 3

1 1
2 2
3 4
4 7
5 6
6 8
7 0
8 7

1 9
2 0
3 4
4 7
5 6
6 2
7 9
8 7

1 1
2 9
3 2
4 0
5 7
6 2
7 0
8 1

1 3
2 1
3 1
4 5
5 1
6 8
7 3
8 3

1 1
2 2
3 4
4 7
5 6
6 8
7 0
8 7

1 9
2 0
3 4
4 7
5 6
6 2
7 9
8 7

1 1
2 9
3 2
4 0
5 7
6 2
7 0
8 1

1 3
2 1
3 1
4 5
5 1
6 8
7 3
8 3

1 1
2 2
3 4
4 7
5 6
6 8
7 0
8 7

1 9
2 0
3 4
4 7
5 6
6 2
7 9
8 7

1 1
2 9
3 2
4 0
5 7
6 2
7 0
8 1

1 3
2 1
3 1
4 5
5 1
6 8
7 3
8 3

1 1
2 2
3 4
4 7
5 6
6 8
7 0
8 7

1 9
2 0
3 4
4 7
5 6
6 2
7 9
8 7

1 1
2 9
3 2
4 0
5 7
6 2
7 0
8 1

1 3
2 1
3 1
4 5
5 1
6 8
7 3
8 3

1 1
2 2
3 4
4 7
5 6
6 8
7 0
8 7

1 9
2 0
3 4
4 7
5 6
6 2
7 9
8 7

1 1
2 9
3 2
4 0
5 7
6 2
7 0
8 1

1 3
2 1
3 1
4 5
5 1
6 8
7 3
8 3

1 1
2 2
3 4
4 7
5 6
6 8
7 0
8 7

1 9
2 0
3 4
4 7
5 6
6 2
7 9
8 7

1 1
2 9
3 2
4 0
5 7
6 2
7 0
8 1

1 3
2 1
3 1
4 5
5 1
6 8
7 3
8 3

1 1
2 2
3 4
4 7
5 6
6 8
7 0
8 7

1 9
2 0
3 4
4 7
5 6
6 2
7 9
8 7

1 1
2 9
3 2
4 0
5 7
6 2
7 0
8 1

1 3
2 1
3 1
4 5
5 1
6 8
7 3
8 3

1 1
2 2
3 4
4 7
5 6
6 8
7 0
8 7

1 9
2 0
3 4
4 7
5 6
6 2
7 9
8 7

1 1
2 9
3 2
4 0
5 7
6 2
7 0
8 1

1 3
2 1
3 1
4 5
5 1
6 8
7 3
8 3

1 1
2 2
3 4
4 7
5 6
6 8
7 0
8 7

1 9
2 0
3 4
4 7
5 6
6 2
7 9
8 7

1 1
2 9
3 2
4 0
5 7
6 2
7 0
8 1

1 3
2 1
3 1
4 5
5 1
6 8
7 3
8 3

1 1
2 2
3 4
4 7
5 6
6 8
7 0
8 7

1 9
2 0
3 4
4 7
5 6
6 2
7 9
8 7

1 1
2 9
3 2
4 0
5 7
6 2
7 0
8 1

1 3
2 1
3 1
4 5
5 1
6 8
7 3
8 3

1 1
2 2
3 4
4 7
5 6
6 8
7 0
8 7

1 9
2 0
3 4
4 7
5 6
6 2
7 9
8 7

1 1
2 9
3 2
4 0
5 7
6 2
7 0
8 1

1 3
2 1
3 1
4 5
5 1
6 8
7 3
8 3

1 1
2 2
3 4
4 7
5 6
6 8
7 0
8 7

1 9
2 0
3 4
4 7
5 6
6 2
7 9
8 7

1 1
2 9
3 2
4 0
5 7
6 2
7 0
8 1

1 3
2 1
3 1
4 5
5 1
6 8
7 3
8 3

1 1
2 2
3 4
4 7
5 6
6 8
7 0
8 7

1 9
2 0
3 4
4 7
5 6
6 2
7 9
8 7

1 1
2 9
3 2
4 0
5 7
6 2
7 0
8 1

1 3
2 1
3 1
4 5
5 1
6 8
7 3
8 3

1 1
2 2
3 4
4 7
5 6
6 8
7 0
8 7

1 9
2 0
3 4
4 7
5 6
6 2
7 9
8 7

1 1
2 9
3 2
4 0
5 7
6 2
7 0
8 1

1 3
2 1
3 1
4 5
5 1
6 8
7 3
8 3

1 1
2 2
3 4
4 7
5 6
6 8
7 0
8 7

1 9
2 0
3 4
4 7
5 6
6 2
7 9
8 7

1 1
2 9
3 2
4 0
5 7
6 2
7 0
8 1

1 3
2 1
3 1
4 5
5 1
6 8
7 3
8 3

1 1
2 2
3 4
4 7
5 6
6 8
7 0
8 7

1 9
2 0
3 4
4 7
5 6
6 2
7 9
8 7

1 1
2 9
3 2
4 0
5 7
6 2
7 0
8 1

1 3
2 1
3 1
4 5
5 1
6 8
7 3
8 3

1 1
2 2
3 4
4 7
5 6
6 8
7 0
8 7

1 9
2 0
3 4
4 7
5 6
6 2
7 9
8 7