1 0
2 0
3 0
4 0

1 18
2 14
3 17
4 17

1 12
2 11
3 17
4 11

1 19
2 18
3 20
4 15

1 12
2 14
3 15
4 19

1 18
2 14
3 17
4 17

1 12
2 11
3 17
4 11

1 19
2 18
3 20
4 15

1 12
2 14
3 15
4 19

1 18
2 14
3 17
4 17

1 12
2 11
3 17
4 11

1 19
2 18
3 20
4 15

1 12
2 14
3 15
4 19

1 18
2 14
3 17
4 17

1 12
2 11
3 17
4 11

1 19
2 18
3 20
4 15

1 12
2 14
3 15
4 19

1 18
2 14
3 17
4 17

1 12
2 11
3 17
4 11

1 19
2 18
3 20
4 15

1 12
2 14
3 15
4 19

1 18
2 14
3 17
4 17

1 12
2 11
3 17
4 11

1 19
2 18
3 20
4 15

1 12
2 14
3 15
4 19

1 18
2 14
3 17
4 17

1 12
2 11
3 17
4 11

1 19
2 18
3 20
4 15

1 12
2 14
3 15
4 19

1 18
2 14
3 17
4 17

1 12
2 11
3 17
4 11

1 19
2 18
3 20
4 15

1 12
2 14
3 15
4 19

1 18
2 14
3 17
4 17

1 12
2 11
3 17
4 11

1 19
2 18
3 20
4 15

1 12
2 14
3 15
4 19

1 18
2 14
3 17
4 17

1 12
2 11
3 17
4 11

1 19
2 18
3 20
4 15

1 12
2 14
3 15
4 19

1 18
2 14
3 17
4 17

1 12
2 11
3 17
4 11

1 19
2 18
3 20
4 15

1 12
2 14
3 15
4 19

1 18
2 14
3 17
4 17

1 12
2 11
3 17
4 11

1 19
2 18
3 20
4 15

1 12
2 14
3 15
4 19

1 18
2 14
3 17
4 17

1 12
2 11
3 17
4 11

1 19
2 18
3 20
4 15

1 12
2 14
3 15
4 19

1 18
2 14
3 17
4 17

1 12
2 11
3 17
4 11

1 19
2 18
3 20
4 15

1 12
2 14
3 15
4 19

1 18
2 14
3 17
4 17

1 12
2 11
3 17
4 11

1 19
2 18
3 20
4 15

1 12
2 14
3 15
4 19

1 18
2 14
3 17
4 17

1 12
2 11
3 17
4 11

1 19
2 18
3 20
4 15

1 12
2 14
3 15
4 19

1 18
2 14
3 17
4 17

1 12
2 11
3 17
4 11

1 19
2 18
3 20
4 15

1 12
2 14
3 15
4 19

1 18
2 14
3 17
4 17

1 12
2 11
3 17
4 11

1 19
2 18
3 20
4 15

1 12
2 14
3 15
4 19

1 18
2 14
3 17
4 17

1 12
2 11
3 17
4 11

1 19
2 18
3 20
4 15

1 12
2 14
3 15
4 19

1 18
2 14
3 17
4 17

1 12
2 11
3 17
4 11

1 19
2 18
3 20
4 15

1 12
2 14
3 15
4 19