1 0
2 0
3 0
4 0

1 17
2 16
3 11
4 15

1 13
2 11
3 13
4 19

1 18
2 17
3 13
4 20

1 15
2 13
3 10
4 10

1 17
2 16
3 11
4 15

1 13
2 11
3 13
4 19

1 18
2 17
3 13
4 20

1 15
2 13
3 10
4 10

1 17
2 16
3 11
4 15

1 13
2 11
3 13
4 19

1 18
2 17
3 13
4 20

1 15
2 13
3 10
4 10

1 17
2 16
3 11
4 15

1 13
2 11
3 13
4 19

1 18
2 17
3 13
4 20

1 15
2 13
3 10
4 10

1 17
2 16
3 11
4 15

1 13
2 11
3 13
4 19

1 18
2 17
3 13
4 20

1 15
2 13
3 10
4 10

1 17
2 16
3 11
4 15

1 13
2 11
3 13
4 19

1 18
2 17
3 13
4 20

1 15
2 13
3 10
4 10

1 17
2 16
3 11
4 15

1 13
2 11
3 13
4 19

1 18
2 17
3 13
4 20

1 15
2 13
3 10
4 10

1 17
2 16
3 11
4 15

1 13
2 11
3 13
4 19

1 18
2 17
3 13
4 20

1 15
2 13
3 10
4 10

1 17
2 16
3 11
4 15

1 13
2 11
3 13
4 19

1 18
2 17
3 13
4 20

1 15
2 13
3 10
4 10

1 17
2 16
3 11
4 15

1 13
2 11
3 13
4 19

1 18
2 17
3 13
4 20

1 15
2 13
3 10
4 10

1 17
2 16
3 11
4 15

1 13
2 11
3 13
4 19

1 18
2 17
3 13
4 20

1 15
2 13
3 10
4 10

1 17
2 16
3 11
4 15

1 13
2 11
3 13
4 19

1 18
2 17
3 13
4 20

1 15
2 13
3 10
4 10

1 17
2 16
3 11
4 15

1 13
2 11
3 13
4 19

1 18
2 17
3 13
4 20

1 15
2 13
3 10
4 10

1 17
2 16
3 11
4 15

1 13
2 11
3 13
4 19

1 18
2 17
3 13
4 20

1 15
2 13
3 10
4 10

1 17
2 16
3 11
4 15

1 13
2 11
3 13
4 19

1 18
2 17
3 13
4 20

1 15
2 13
3 10
4 10