1 0
2 0
3 0
4 0
5 0
6 0
7 0
8 0
9 0
10 0
11 0
12 0
13 0
14 0
15 0
16 0

1 20
2 13
3 15
4 19
5 11
6 16
7 16
8 11
9 10
10 15
11 14
12 12
13 14
14 12
15 12
16 11

1 18
2 14
3 19
4 10
5 12
6 12
7 11
8 16
9 15
10 16
11 16
12 18
13 16
14 19
15 17
16 19

1 16
2 17
3 18
4 20
5 19
6 18
7 12
8 17
9 12
10 10
11 18
12 12
13 15
14 18
15 12
16 12

1 13
2 12
3 10
4 13
5 13
6 11
7 19
8 20
9 17
10 13
11 13
12 16
13 18
14 11
15 19
16 18

1 10
2 17
3 14
4 10
5 19
6 17
7 17
8 10
9 18
10 18
11 20
12 19
13 16
14 14
15 14
16 17

1 14
2 10
3 11
4 18
5 18
6 14
7 16
8 15
9 12
10 15
11 17
12 20
13 11
14 20
15 11
16 10

1 20
2 13
3 15
4 19
5 11
6 16
7 16
8 11
9 10
10 15
11 14
12 12
13 14
14 12
15 12
16 11

1 18
2 14
3 19
4 10
5 12
6 12
7 11
8 16
9 15
10 16
11 16
12 18
13 16
14 19
15 17
16 19

1 16
2 17
3 18
4 20
5 19
6 18
7 12
8 17
9 12
10 10
11 18
12 12
13 15
14 18
15 12
16 12

1 13
2 12
3 10
4 13
5 13
6 11
7 19
8 20
9 17
10 13
11 13
12 16
13 18
14 11
15 19
16 18

1 10
2 17
3 14
4 10
5 19
6 17
7 17
8 10
9 18
10 18
11 20
12 19
13 16
14 14
15 14
16 17

1 14
2 10
3 11
4 18
5 18
6 14
7 16
8 15
9 12
10 15
11 17
12 20
13 11
14 20
15 11
16 10

1 20
2 13
3 15
4 19
5 11
6 16
7 16
8 11
9 10
10 15
11 14
12 12
13 14
14 12
15 12
16 11

1 18
2 14
3 19
4 10
5 12
6 12
7 11
8 16
9 15
10 16
11 16
12 18
13 16
14 19
15 17
16 19

1 16
2 17
3 18
4 20
5 19
6 18
7 12
8 17
9 12
10 10
11 18
12 12
13 15
14 18
15 12
16 12

1 13
2 12
3 10
4 13
5 13
6 11
7 19
8 20
9 17
10 13
11 13
12 16
13 18
14 11
15 19
16 18

1 10
2 17
3 14
4 10
5 19
6 17
7 17
8 10
9 18
10 18
11 20
12 19
13 16
14 14
15 14
16 17

1 14
2 10
3 11
4 18
5 18
6 14
7 16
8 15
9 12
10 15
11 17
12 20
13 11
14 20
15 11
16 10

1 20
2 13
3 15
4 19
5 11
6 16
7 16
8 11
9 10
10 15
11 14
12 12
13 14
14 12
15 12
16 11

1 18
2 14
3 19
4 10
5 12
6 12
7 11
8 16
9 15
10 16
11 16
12 18
13 16
14 19
15 17
16 19

1 16
2 17
3 18
4 20
5 19
6 18
7 12
8 17
9 12
10 10
11 18
12 12
13 15
14 18
15 12
16 12

1 13
2 12
3 10
4 13
5 13
6 11
7 19
8 20
9 17
10 13
11 13
12 16
13 18
14 11
15 19
16 18

1 10
2 17
3 14
4 10
5 19
6 17
7 17
8 10
9 18
10 18
11 20
12 19
13 16
14 14
15 14
16 17

1 14
2 10
3 11
4 18
5 18
6 14
7 16
8 15
9 12
10 15
11 17
12 20
13 11
14 20
15 11
16 10

1 20
2 13
3 15
4 19
5 11
6 16
7 16
8 11
9 10
10 15
11 14
12 12
13 14
14 12
15 12
16 11

1 18
2 14
3 19
4 10
5 12
6 12
7 11
8 16
9 15
10 16
11 16
12 18
13 16
14 19
15 17
16 19

1 16
2 17
3 18
4 20
5 19
6 18
7 12
8 17
9 12
10 10
11 18
12 12
13 15
14 18
15 12
16 12

1 13
2 12
3 10
4 13
5 13
6 11
7 19
8 20
9 17
10 13
11 13
12 16
13 18
14 11
15 19
16 18

1 10
2 17
3 14
4 10
5 19
6 17
7 17
8 10
9 18
10 18
11 20
12 19
13 16
14 14
15 14
16 17

1 14
2 10
3 11
4 18
5 18
6 14
7 16
8 15
9 12
10 15
11 17
12 20
13 11
14 20
15 11
16 10

1 20
2 13
3 15
4 19
5 11
6 16
7 16
8 11
9 10
10 15
11 14
12 12
13 14
14 12
15 12
16 11

1 18
2 14
3 19
4 10
5 12
6 12
7 11
8 16
9 15
10 16
11 16
12 18
13 16
14 19
15 17
16 19

1 16
2 17
3 18
4 20
5 19
6 18
7 12
8 17
9 12
10 10
11 18
12 12
13 15
14 18
15 12
16 12

1 13
2 12
3 10
4 13
5 13
6 11
7 19
8 20
9 17
10 13
11 13
12 16
13 18
14 11
15 19
16 18

1 10
2 17
3 14
4 10
5 19
6 17
7 17
8 10
9 18
10 18
11 20
12 19
13 16
14 14
15 14
16 17

1 14
2 10
3 11
4 18
5 18
6 14
7 16
8 15
9 12
10 15
11 17
12 20
13 11
14 20
15 11
16 10

1 20
2 13
3 15
4 19
5 11
6 16
7 16
8 11
9 10
10 15
11 14
12 12
13 14
14 12
15 12
16 11

1 18
2 14
3 19
4 10
5 12
6 12
7 11
8 16
9 15
10 16
11 16
12 18
13 16
14 19
15 17
16 19

1 16
2 17
3 18
4 20
5 19
6 18
7 12
8 17
9 12
10 10
11 18
12 12
13 15
14 18
15 12
16 12

1 13
2 12
3 10
4 13
5 13
6 11
7 19
8 20
9 17
10 13
11 13
12 16
13 18
14 11
15 19
16 18

1 10
2 17
3 14
4 10
5 19
6 17
7 17
8 10
9 18
10 18
11 20
12 19
13 16
14 14
15 14
16 17

1 14
2 10
3 11
4 18
5 18
6 14
7 16
8 15
9 12
10 15
11 17
12 20
13 11
14 20
15 11
16 10

1 20
2 13
3 15
4 19
5 11
6 16
7 16
8 11
9 10
10 15
11 14
12 12
13 14
14 12
15 12
16 11

1 18
2 14
3 19
4 10
5 12
6 12
7 11
8 16
9 15
10 16
11 16
12 18
13 16
14 19
15 17
16 19

1 16
2 17
3 18
4 20
5 19
6 18
7 12
8 17
9 12
10 10
11 18
12 12
13 15
14 18
15 12
16 12

1 13
2 12
3 10
4 13
5 13
6 11
7 19
8 20
9 17
10 13
11 13
12 16
13 18
14 11
15 19
16 18

1 10
2 17
3 14
4 10
5 19
6 17
7 17
8 10
9 18
10 18
11 20
12 19
13 16
14 14
15 14
16 17

1 14
2 10
3 11
4 18
5 18
6 14
7 16
8 15
9 12
10 15
11 17
12 20
13 11
14 20
15 11
16 10

1 20
2 13
3 15
4 19
5 11
6 16
7 16
8 11
9 10
10 15
11 14
12 12
13 14
14 12
15 12
16 11

1 18
2 14
3 19
4 10
5 12
6 12
7 11
8 16
9 15
10 16
11 16
12 18
13 16
14 19
15 17
16 19

1 16
2 17
3 18
4 20
5 19
6 18
7 12
8 17
9 12
10 10
11 18
12 12
13 15
14 18
15 12
16 12

1 13
2 12
3 10
4 13
5 13
6 11
7 19
8 20
9 17
10 13
11 13
12 16
13 18
14 11
15 19
16 18

1 10
2 17
3 14
4 10
5 19
6 17
7 17
8 10
9 18
10 18
11 20
12 19
13 16
14 14
15 14
16 17

1 14
2 10
3 11
4 18
5 18
6 14
7 16
8 15
9 12
10 15
11 17
12 20
13 11
14 20
15 11
16 10

1 20
2 13
3 15
4 19
5 11
6 16
7 16
8 11
9 10
10 15
11 14
12 12
13 14
14 12
15 12
16 11

1 18
2 14
3 19
4 10
5 12
6 12
7 11
8 16
9 15
10 16
11 16
12 18
13 16
14 19
15 17
16 19

1 16
2 17
3 18
4 20
5 19
6 18
7 12
8 17
9 12
10 10
11 18
12 12
13 15
14 18
15 12
16 12

1 13
2 12
3 10
4 13
5 13
6 11
7 19
8 20
9 17
10 13
11 13
12 16
13 18
14 11
15 19
16 18

1 10
2 17
3 14
4 10
5 19
6 17
7 17
8 10
9 18
10 18
11 20
12 19
13 16
14 14
15 14
16 17

1 14
2 10
3 11
4 18
5 18
6 14
7 16
8 15
9 12
10 15
11 17
12 20
13 11
14 20
15 11
16 10