1 0
2 0
3 0
4 0
5 0
6 0
7 0
8 0

1 10
2 19
3 19
4 16
5 16
6 13
7 20
8 19

1 16
2 11
3 10
4 12
5 16
6 15
7 19
8 19

1 10
2 19
3 19
4 16
5 16
6 13
7 20
8 19

1 16
2 11
3 10
4 12
5 16
6 15
7 19
8 19

1 10
2 19
3 19
4 16
5 16
6 13
7 20
8 19

1 16
2 11
3 10
4 12
5 16
6 15
7 19
8 19

1 10
2 19
3 19
4 16
5 16
6 13
7 20
8 19

1 16
2 11
3 10
4 12
5 16
6 15
7 19
8 19

1 10
2 19
3 19
4 16
5 16
6 13
7 20
8 19

1 16
2 11
3 10
4 12
5 16
6 15
7 19
8 19

1 10
2 19
3 19
4 16
5 16
6 13
7 20
8 19

1 16
2 11
3 10
4 12
5 16
6 15
7 19
8 19

1 10
2 19
3 19
4 16
5 16
6 13
7 20
8 19

1 16
2 11
3 10
4 12
5 16
6 15
7 19
8 19

1 10
2 19
3 19
4 16
5 16
6 13
7 20
8 19

1 16
2 11
3 10
4 12
5 16
6 15
7 19
8 19

1 10
2 19
3 19
4 16
5 16
6 13
7 20
8 19

1 16
2 11
3 10
4 12
5 16
6 15
7 19
8 19

1 10
2 19
3 19
4 16
5 16
6 13
7 20
8 19

1 16
2 11
3 10
4 12
5 16
6 15
7 19
8 19

1 10
2 19
3 19
4 16
5 16
6 13
7 20
8 19

1 16
2 11
3 10
4 12
5 16
6 15
7 19
8 19

1 10
2 19
3 19
4 16
5 16
6 13
7 20
8 19

1 16
2 11
3 10
4 12
5 16
6 15
7 19
8 19

1 10
2 19
3 19
4 16
5 16
6 13
7 20
8 19

1 16
2 11
3 10
4 12
5 16
6 15
7 19
8 19

1 10
2 19
3 19
4 16
5 16
6 13
7 20
8 19

1 16
2 11
3 10
4 12
5 16
6 15
7 19
8 19

1 10
2 19
3 19
4 16
5 16
6 13
7 20
8 19

1 16
2 11
3 10
4 12
5 16
6 15
7 19
8 19

1 10
2 19
3 19
4 16
5 16
6 13
7 20
8 19

1 16
2 11
3 10
4 12
5 16
6 15
7 19
8 19

1 10
2 19
3 19
4 16
5 16
6 13
7 20
8 19

1 16
2 11
3 10
4 12
5 16
6 15
7 19
8 19

1 10
2 19
3 19
4 16
5 16
6 13
7 20
8 19

1 16
2 11
3 10
4 12
5 16
6 15
7 19
8 19

1 10
2 19
3 19
4 16
5 16
6 13
7 20
8 19

1 16
2 11
3 10
4 12
5 16
6 15
7 19
8 19

1 10
2 19
3 19
4 16
5 16
6 13
7 20
8 19

1 16
2 11
3 10
4 12
5 16
6 15
7 19
8 19