1 0
2 0
3 0
4 0

1 8
2 6
3 5
4 2

1 0
2 7
3 1
4 2

1 7
2 6
3 9
4 8

1 8
2 9
3 6
4 9

1 6
2 4
3 6
4 7

1 0
2 5
3 6
4 2

1 8
2 6
3 5
4 2

1 0
2 7
3 1
4 2

1 7
2 6
3 9
4 8

1 8
2 9
3 6
4 9

1 6
2 4
3 6
4 7

1 0
2 5
3 6
4 2

1 8
2 6
3 5
4 2

1 0
2 7
3 1
4 2

1 7
2 6
3 9
4 8

1 8
2 9
3 6
4 9

1 6
2 4
3 6
4 7

1 0
2 5
3 6
4 2

1 8
2 6
3 5
4 2

1 0
2 7
3 1
4 2

1 7
2 6
3 9
4 8

1 8
2 9
3 6
4 9

1 6
2 4
3 6
4 7

1 0
2 5
3 6
4 2

1 8
2 6
3 5
4 2

1 0
2 7
3 1
4 2

1 7
2 6
3 9
4 8

1 8
2 9
3 6
4 9

1 6
2 4
3 6
4 7

1 0
2 5
3 6
4 2

1 8
2 6
3 5
4 2

1 0
2 7
3 1
4 2

1 7
2 6
3 9
4 8

1 8
2 9
3 6
4 9

1 6
2 4
3 6
4 7

1 0
2 5
3 6
4 2

1 8
2 6
3 5
4 2

1 0
2 7
3 1
4 2

1 7
2 6
3 9
4 8

1 8
2 9
3 6
4 9

1 6
2 4
3 6
4 7

1 0
2 5
3 6
4 2

1 8
2 6
3 5
4 2

1 0
2 7
3 1
4 2

1 7
2 6
3 9
4 8

1 8
2 9
3 6
4 9

1 6
2 4
3 6
4 7

1 0
2 5
3 6
4 2

1 8
2 6
3 5
4 2

1 0
2 7
3 1
4 2

1 7
2 6
3 9
4 8

1 8
2 9
3 6
4 9

1 6
2 4
3 6
4 7

1 0
2 5
3 6
4 2

1 8
2 6
3 5
4 2

1 0
2 7
3 1
4 2

1 7
2 6
3 9
4 8

1 8
2 9
3 6
4 9

1 6
2 4
3 6
4 7

1 0
2 5
3 6
4 2