1 0
2 0
3 0
4 0
5 0
6 0
7 0
8 0

1 7
2 5
3 4
4 7
5 9
6 2
7 0
8 4

1 0
2 4
3 7
4 1
5 7
6 8
7 8
8 2

1 6
2 5
3 4
4 7
5 1
6 6
7 6
8 3

1 0
2 6
3 9
4 7
5 7
6 4
7 4
8 0

1 7
2 5
3 4
4 7
5 9
6 2
7 0
8 4

1 0
2 4
3 7
4 1
5 7
6 8
7 8
8 2

1 6
2 5
3 4
4 7
5 1
6 6
7 6
8 3

1 0
2 6
3 9
4 7
5 7
6 4
7 4
8 0

1 7
2 5
3 4
4 7
5 9
6 2
7 0
8 4

1 0
2 4
3 7
4 1
5 7
6 8
7 8
8 2

1 6
2 5
3 4
4 7
5 1
6 6
7 6
8 3

1 0
2 6
3 9
4 7
5 7
6 4
7 4
8 0

1 7
2 5
3 4
4 7
5 9
6 2
7 0
8 4

1 0
2 4
3 7
4 1
5 7
6 8
7 8
8 2

1 6
2 5
3 4
4 7
5 1
6 6
7 6
8 3

1 0
2 6
3 9
4 7
5 7
6 4
7 4
8 0

1 7
2 5
3 4
4 7
5 9
6 2
7 0
8 4

1 0
2 4
3 7
4 1
5 7
6 8
7 8
8 2

1 6
2 5
3 4
4 7
5 1
6 6
7 6
8 3

1 0
2 6
3 9
4 7
5 7
6 4
7 4
8 0

1 7
2 5
3 4
4 7
5 9
6 2
7 0
8 4

1 0
2 4
3 7
4 1
5 7
6 8
7 8
8 2

1 6
2 5
3 4
4 7
5 1
6 6
7 6
8 3

1 0
2 6
3 9
4 7
5 7
6 4
7 4
8 0

1 7
2 5
3 4
4 7
5 9
6 2
7 0
8 4

1 0
2 4
3 7
4 1
5 7
6 8
7 8
8 2

1 6
2 5
3 4
4 7
5 1
6 6
7 6
8 3

1 0
2 6
3 9
4 7
5 7
6 4
7 4
8 0

1 7
2 5
3 4
4 7
5 9
6 2
7 0
8 4

1 0
2 4
3 7
4 1
5 7
6 8
7 8
8 2

1 6
2 5
3 4
4 7
5 1
6 6
7 6
8 3

1 0
2 6
3 9
4 7
5 7
6 4
7 4
8 0

1 7
2 5
3 4
4 7
5 9
6 2
7 0
8 4

1 0
2 4
3 7
4 1
5 7
6 8
7 8
8 2

1 6
2 5
3 4
4 7
5 1
6 6
7 6
8 3

1 0
2 6
3 9
4 7
5 7
6 4
7 4
8 0

1 7
2 5
3 4
4 7
5 9
6 2
7 0
8 4

1 0
2 4
3 7
4 1
5 7
6 8
7 8
8 2

1 6
2 5
3 4
4 7
5 1
6 6
7 6
8 3

1 0
2 6
3 9
4 7
5 7
6 4
7 4
8 0