1 0
2 0
3 0
4 0

1 8
2 1
3 8
4 6

1 9
2 5
3 4
4 4

1 3
2 3
3 1
4 9

1 2
2 5
3 4
4 4

1 8
2 1
3 8
4 6

1 9
2 5
3 4
4 4

1 3
2 3
3 1
4 9

1 2
2 5
3 4
4 4

1 8
2 1
3 8
4 6

1 9
2 5
3 4
4 4

1 3
2 3
3 1
4 9

1 2
2 5
3 4
4 4

1 8
2 1
3 8
4 6

1 9
2 5
3 4
4 4

1 3
2 3
3 1
4 9

1 2
2 5
3 4
4 4

1 8
2 1
3 8
4 6

1 9
2 5
3 4
4 4

1 3
2 3
3 1
4 9

1 2
2 5
3 4
4 4

1 8
2 1
3 8
4 6

1 9
2 5
3 4
4 4

1 3
2 3
3 1
4 9

1 2
2 5
3 4
4 4

1 8
2 1
3 8
4 6

1 9
2 5
3 4
4 4

1 3
2 3
3 1
4 9

1 2
2 5
3 4
4 4

1 8
2 1
3 8
4 6

1 9
2 5
3 4
4 4

1 3
2 3
3 1
4 9

1 2
2 5
3 4
4 4

1 8
2 1
3 8
4 6

1 9
2 5
3 4
4 4

1 3
2 3
3 1
4 9

1 2
2 5
3 4
4 4

1 8
2 1
3 8
4 6

1 9
2 5
3 4
4 4

1 3
2 3
3 1
4 9

1 2
2 5
3 4
4 4