1 0
2 0
3 0
4 0
5 0
6 0
7 0
8 0

1 15
2 10
3 16
4 20
5 11
6 18
7 18
8 15

1 12
2 14
3 16
4 13
5 10
6 19
7 13
8 18

1 16
2 15
3 18
4 10
5 11
6 17
7 15
8 20

1 11
2 16
3 15
4 15
5 15
6 18
7 16
8 15

1 15
2 10
3 16
4 20
5 11
6 18
7 18
8 15

1 12
2 14
3 16
4 13
5 10
6 19
7 13
8 18

1 16
2 15
3 18
4 10
5 11
6 17
7 15
8 20

1 11
2 16
3 15
4 15
5 15
6 18
7 16
8 15

1 15
2 10
3 16
4 20
5 11
6 18
7 18
8 15

1 12
2 14
3 16
4 13
5 10
6 19
7 13
8 18

1 16
2 15
3 18
4 10
5 11
6 17
7 15
8 20

1 11
2 16
3 15
4 15
5 15
6 18
7 16
8 15

1 15
2 10
3 16
4 20
5 11
6 18
7 18
8 15

1 12
2 14
3 16
4 13
5 10
6 19
7 13
8 18

1 16
2 15
3 18
4 10
5 11
6 17
7 15
8 20

1 11
2 16
3 15
4 15
5 15
6 18
7 16
8 15

1 15
2 10
3 16
4 20
5 11
6 18
7 18
8 15

1 12
2 14
3 16
4 13
5 10
6 19
7 13
8 18

1 16
2 15
3 18
4 10
5 11
6 17
7 15
8 20

1 11
2 16
3 15
4 15
5 15
6 18
7 16
8 15

1 15
2 10
3 16
4 20
5 11
6 18
7 18
8 15

1 12
2 14
3 16
4 13
5 10
6 19
7 13
8 18

1 16
2 15
3 18
4 10
5 11
6 17
7 15
8 20

1 11
2 16
3 15
4 15
5 15
6 18
7 16
8 15

1 15
2 10
3 16
4 20
5 11
6 18
7 18
8 15

1 12
2 14
3 16
4 13
5 10
6 19
7 13
8 18

1 16
2 15
3 18
4 10
5 11
6 17
7 15
8 20

1 11
2 16
3 15
4 15
5 15
6 18
7 16
8 15

1 15
2 10
3 16
4 20
5 11
6 18
7 18
8 15

1 12
2 14
3 16
4 13
5 10
6 19
7 13
8 18

1 16
2 15
3 18
4 10
5 11
6 17
7 15
8 20

1 11
2 16
3 15
4 15
5 15
6 18
7 16
8 15

1 15
2 10
3 16
4 20
5 11
6 18
7 18
8 15

1 12
2 14
3 16
4 13
5 10
6 19
7 13
8 18

1 16
2 15
3 18
4 10
5 11
6 17
7 15
8 20

1 11
2 16
3 15
4 15
5 15
6 18
7 16
8 15

1 15
2 10
3 16
4 20
5 11
6 18
7 18
8 15

1 12
2 14
3 16
4 13
5 10
6 19
7 13
8 18

1 16
2 15
3 18
4 10
5 11
6 17
7 15
8 20

1 11
2 16
3 15
4 15
5 15
6 18
7 16
8 15

1 15
2 10
3 16
4 20
5 11
6 18
7 18
8 15

1 12
2 14
3 16
4 13
5 10
6 19
7 13
8 18

1 16
2 15
3 18
4 10
5 11
6 17
7 15
8 20

1 11
2 16
3 15
4 15
5 15
6 18
7 16
8 15

1 15
2 10
3 16
4 20
5 11
6 18
7 18
8 15

1 12
2 14
3 16
4 13
5 10
6 19
7 13
8 18

1 16
2 15
3 18
4 10
5 11
6 17
7 15
8 20

1 11
2 16
3 15
4 15
5 15
6 18
7 16
8 15

1 15
2 10
3 16
4 20
5 11
6 18
7 18
8 15

1 12
2 14
3 16
4 13
5 10
6 19
7 13
8 18

1 16
2 15
3 18
4 10
5 11
6 17
7 15
8 20

1 11
2 16
3 15
4 15
5 15
6 18
7 16
8 15

1 15
2 10
3 16
4 20
5 11
6 18
7 18
8 15

1 12
2 14
3 16
4 13
5 10
6 19
7 13
8 18

1 16
2 15
3 18
4 10
5 11
6 17
7 15
8 20

1 11
2 16
3 15
4 15
5 15
6 18
7 16
8 15

1 15
2 10
3 16
4 20
5 11
6 18
7 18
8 15

1 12
2 14
3 16
4 13
5 10
6 19
7 13
8 18

1 16
2 15
3 18
4 10
5 11
6 17
7 15
8 20

1 11
2 16
3 15
4 15
5 15
6 18
7 16
8 15