1 0
2 0
3 0
4 0

1 19
2 17
3 13
4 19

1 15
2 15
3 12
4 20

1 11
2 16
3 12
4 19

1 15
2 18
3 19
4 16

1 13
2 20
3 13
4 11

1 16
2 11
3 17
4 15

1 19
2 17
3 13
4 19

1 15
2 15
3 12
4 20

1 11
2 16
3 12
4 19

1 15
2 18
3 19
4 16

1 13
2 20
3 13
4 11

1 16
2 11
3 17
4 15

1 19
2 17
3 13
4 19

1 15
2 15
3 12
4 20

1 11
2 16
3 12
4 19

1 15
2 18
3 19
4 16

1 13
2 20
3 13
4 11

1 16
2 11
3 17
4 15

1 19
2 17
3 13
4 19

1 15
2 15
3 12
4 20

1 11
2 16
3 12
4 19

1 15
2 18
3 19
4 16

1 13
2 20
3 13
4 11

1 16
2 11
3 17
4 15

1 19
2 17
3 13
4 19

1 15
2 15
3 12
4 20

1 11
2 16
3 12
4 19

1 15
2 18
3 19
4 16

1 13
2 20
3 13
4 11

1 16
2 11
3 17
4 15

1 19
2 17
3 13
4 19

1 15
2 15
3 12
4 20

1 11
2 16
3 12
4 19

1 15
2 18
3 19
4 16

1 13
2 20
3 13
4 11

1 16
2 11
3 17
4 15

1 19
2 17
3 13
4 19

1 15
2 15
3 12
4 20

1 11
2 16
3 12
4 19

1 15
2 18
3 19
4 16

1 13
2 20
3 13
4 11

1 16
2 11
3 17
4 15

1 19
2 17
3 13
4 19

1 15
2 15
3 12
4 20

1 11
2 16
3 12
4 19

1 15
2 18
3 19
4 16

1 13
2 20
3 13
4 11

1 16
2 11
3 17
4 15

1 19
2 17
3 13
4 19

1 15
2 15
3 12
4 20

1 11
2 16
3 12
4 19

1 15
2 18
3 19
4 16

1 13
2 20
3 13
4 11

1 16
2 11
3 17
4 15

1 19
2 17
3 13
4 19

1 15
2 15
3 12
4 20

1 11
2 16
3 12
4 19

1 15
2 18
3 19
4 16

1 13
2 20
3 13
4 11

1 16
2 11
3 17
4 15

1 19
2 17
3 13
4 19

1 15
2 15
3 12
4 20

1 11
2 16
3 12
4 19

1 15
2 18
3 19
4 16

1 13
2 20
3 13
4 11

1 16
2 11
3 17
4 15

1 19
2 17
3 13
4 19

1 15
2 15
3 12
4 20

1 11
2 16
3 12
4 19

1 15
2 18
3 19
4 16

1 13
2 20
3 13
4 11

1 16
2 11
3 17
4 15

1 19
2 17
3 13
4 19

1 15
2 15
3 12
4 20

1 11
2 16
3 12
4 19

1 15
2 18
3 19
4 16

1 13
2 20
3 13
4 11

1 16
2 11
3 17
4 15

1 19
2 17
3 13
4 19

1 15
2 15
3 12
4 20

1 11
2 16
3 12
4 19

1 15
2 18
3 19
4 16

1 13
2 20
3 13
4 11

1 16
2 11
3 17
4 15

1 19
2 17
3 13
4 19

1 15
2 15
3 12
4 20

1 11
2 16
3 12
4 19

1 15
2 18
3 19
4 16

1 13
2 20
3 13
4 11

1 16
2 11
3 17
4 15