1 0
2 0
3 0
4 0
5 0
6 0
7 0
8 0
9 0
10 0
11 0
12 0
13 0
14 0
15 0
16 0

1 8
2 5
3 5
4 4
5 0
6 0
7 7
8 8
9 3
10 3
11 2
12 4
13 6
14 2
15 4
16 3

1 5
2 4
3 1
4 7
5 7
6 5
7 7
8 4
9 5
10 1
11 1
12 0
13 7
14 1
15 1
16 0

1 9
2 7
3 7
4 6
5 7
6 0
7 4
8 6
9 6
10 7
11 9
12 3
13 0
14 3
15 9
16 4

1 1
2 7
3 5
4 1
5 2
6 6
7 2
8 2
9 3
10 4
11 8
12 8
13 0
14 3
15 2
16 9

1 8
2 0
3 7
4 7
5 9
6 7
7 2
8 1
9 8
10 0
11 0
12 9
13 3
14 1
15 2
16 7

1 9
2 3
3 8
4 4
5 5
6 4
7 6
8 9
9 6
10 5
11 1
12 6
13 6
14 6
15 5
16 0

1 8
2 5
3 5
4 4
5 0
6 0
7 7
8 8
9 3
10 3
11 2
12 4
13 6
14 2
15 4
16 3

1 5
2 4
3 1
4 7
5 7
6 5
7 7
8 4
9 5
10 1
11 1
12 0
13 7
14 1
15 1
16 0

1 9
2 7
3 7
4 6
5 7
6 0
7 4
8 6
9 6
10 7
11 9
12 3
13 0
14 3
15 9
16 4

1 1
2 7
3 5
4 1
5 2
6 6
7 2
8 2
9 3
10 4
11 8
12 8
13 0
14 3
15 2
16 9

1 8
2 0
3 7
4 7
5 9
6 7
7 2
8 1
9 8
10 0
11 0
12 9
13 3
14 1
15 2
16 7

1 9
2 3
3 8
4 4
5 5
6 4
7 6
8 9
9 6
10 5
11 1
12 6
13 6
14 6
15 5
16 0

1 8
2 5
3 5
4 4
5 0
6 0
7 7
8 8
9 3
10 3
11 2
12 4
13 6
14 2
15 4
16 3

1 5
2 4
3 1
4 7
5 7
6 5
7 7
8 4
9 5
10 1
11 1
12 0
13 7
14 1
15 1
16 0

1 9
2 7
3 7
4 6
5 7
6 0
7 4
8 6
9 6
10 7
11 9
12 3
13 0
14 3
15 9
16 4

1 1
2 7
3 5
4 1
5 2
6 6
7 2
8 2
9 3
10 4
11 8
12 8
13 0
14 3
15 2
16 9

1 8
2 0
3 7
4 7
5 9
6 7
7 2
8 1
9 8
10 0
11 0
12 9
13 3
14 1
15 2
16 7

1 9
2 3
3 8
4 4
5 5
6 4
7 6
8 9
9 6
10 5
11 1
12 6
13 6
14 6
15 5
16 0

1 8
2 5
3 5
4 4
5 0
6 0
7 7
8 8
9 3
10 3
11 2
12 4
13 6
14 2
15 4
16 3

1 5
2 4
3 1
4 7
5 7
6 5
7 7
8 4
9 5
10 1
11 1
12 0
13 7
14 1
15 1
16 0

1 9
2 7
3 7
4 6
5 7
6 0
7 4
8 6
9 6
10 7
11 9
12 3
13 0
14 3
15 9
16 4

1 1
2 7
3 5
4 1
5 2
6 6
7 2
8 2
9 3
10 4
11 8
12 8
13 0
14 3
15 2
16 9

1 8
2 0
3 7
4 7
5 9
6 7
7 2
8 1
9 8
10 0
11 0
12 9
13 3
14 1
15 2
16 7

1 9
2 3
3 8
4 4
5 5
6 4
7 6
8 9
9 6
10 5
11 1
12 6
13 6
14 6
15 5
16 0

1 8
2 5
3 5
4 4
5 0
6 0
7 7
8 8
9 3
10 3
11 2
12 4
13 6
14 2
15 4
16 3

1 5
2 4
3 1
4 7
5 7
6 5
7 7
8 4
9 5
10 1
11 1
12 0
13 7
14 1
15 1
16 0

1 9
2 7
3 7
4 6
5 7
6 0
7 4
8 6
9 6
10 7
11 9
12 3
13 0
14 3
15 9
16 4

1 1
2 7
3 5
4 1
5 2
6 6
7 2
8 2
9 3
10 4
11 8
12 8
13 0
14 3
15 2
16 9

1 8
2 0
3 7
4 7
5 9
6 7
7 2
8 1
9 8
10 0
11 0
12 9
13 3
14 1
15 2
16 7

1 9
2 3
3 8
4 4
5 5
6 4
7 6
8 9
9 6
10 5
11 1
12 6
13 6
14 6
15 5
16 0

1 8
2 5
3 5
4 4
5 0
6 0
7 7
8 8
9 3
10 3
11 2
12 4
13 6
14 2
15 4
16 3

1 5
2 4
3 1
4 7
5 7
6 5
7 7
8 4
9 5
10 1
11 1
12 0
13 7
14 1
15 1
16 0

1 9
2 7
3 7
4 6
5 7
6 0
7 4
8 6
9 6
10 7
11 9
12 3
13 0
14 3
15 9
16 4

1 1
2 7
3 5
4 1
5 2
6 6
7 2
8 2
9 3
10 4
11 8
12 8
13 0
14 3
15 2
16 9

1 8
2 0
3 7
4 7
5 9
6 7
7 2
8 1
9 8
10 0
11 0
12 9
13 3
14 1
15 2
16 7

1 9
2 3
3 8
4 4
5 5
6 4
7 6
8 9
9 6
10 5
11 1
12 6
13 6
14 6
15 5
16 0

1 8
2 5
3 5
4 4
5 0
6 0
7 7
8 8
9 3
10 3
11 2
12 4
13 6
14 2
15 4
16 3

1 5
2 4
3 1
4 7
5 7
6 5
7 7
8 4
9 5
10 1
11 1
12 0
13 7
14 1
15 1
16 0

1 9
2 7
3 7
4 6
5 7
6 0
7 4
8 6
9 6
10 7
11 9
12 3
13 0
14 3
15 9
16 4

1 1
2 7
3 5
4 1
5 2
6 6
7 2
8 2
9 3
10 4
11 8
12 8
13 0
14 3
15 2
16 9

1 8
2 0
3 7
4 7
5 9
6 7
7 2
8 1
9 8
10 0
11 0
12 9
13 3
14 1
15 2
16 7

1 9
2 3
3 8
4 4
5 5
6 4
7 6
8 9
9 6
10 5
11 1
12 6
13 6
14 6
15 5
16 0

1 8
2 5
3 5
4 4
5 0
6 0
7 7
8 8
9 3
10 3
11 2
12 4
13 6
14 2
15 4
16 3

1 5
2 4
3 1
4 7
5 7
6 5
7 7
8 4
9 5
10 1
11 1
12 0
13 7
14 1
15 1
16 0

1 9
2 7
3 7
4 6
5 7
6 0
7 4
8 6
9 6
10 7
11 9
12 3
13 0
14 3
15 9
16 4

1 1
2 7
3 5
4 1
5 2
6 6
7 2
8 2
9 3
10 4
11 8
12 8
13 0
14 3
15 2
16 9

1 8
2 0
3 7
4 7
5 9
6 7
7 2
8 1
9 8
10 0
11 0
12 9
13 3
14 1
15 2
16 7

1 9
2 3
3 8
4 4
5 5
6 4
7 6
8 9
9 6
10 5
11 1
12 6
13 6
14 6
15 5
16 0

1 8
2 5
3 5
4 4
5 0
6 0
7 7
8 8
9 3
10 3
11 2
12 4
13 6
14 2
15 4
16 3

1 5
2 4
3 1
4 7
5 7
6 5
7 7
8 4
9 5
10 1
11 1
12 0
13 7
14 1
15 1
16 0

1 9
2 7
3 7
4 6
5 7
6 0
7 4
8 6
9 6
10 7
11 9
12 3
13 0
14 3
15 9
16 4

1 1
2 7
3 5
4 1
5 2
6 6
7 2
8 2
9 3
10 4
11 8
12 8
13 0
14 3
15 2
16 9

1 8
2 0
3 7
4 7
5 9
6 7
7 2
8 1
9 8
10 0
11 0
12 9
13 3
14 1
15 2
16 7

1 9
2 3
3 8
4 4
5 5
6 4
7 6
8 9
9 6
10 5
11 1
12 6
13 6
14 6
15 5
16 0

1 8
2 5
3 5
4 4
5 0
6 0
7 7
8 8
9 3
10 3
11 2
12 4
13 6
14 2
15 4
16 3

1 5
2 4
3 1
4 7
5 7
6 5
7 7
8 4
9 5
10 1
11 1
12 0
13 7
14 1
15 1
16 0

1 9
2 7
3 7
4 6
5 7
6 0
7 4
8 6
9 6
10 7
11 9
12 3
13 0
14 3
15 9
16 4

1 1
2 7
3 5
4 1
5 2
6 6
7 2
8 2
9 3
10 4
11 8
12 8
13 0
14 3
15 2
16 9

1 8
2 0
3 7
4 7
5 9
6 7
7 2
8 1
9 8
10 0
11 0
12 9
13 3
14 1
15 2
16 7

1 9
2 3
3 8
4 4
5 5
6 4
7 6
8 9
9 6
10 5
11 1
12 6
13 6
14 6
15 5
16 0