1 0
2 0
3 0
4 0
5 0
6 0
7 0
8 0

1 20
2 15
3 17
4 19
5 12
6 15
7 19
8 10

1 17
2 15
3 14
4 13
5 14
6 12
7 14
8 14

1 20
2 15
3 17
4 19
5 12
6 15
7 19
8 10

1 17
2 15
3 14
4 13
5 14
6 12
7 14
8 14

1 20
2 15
3 17
4 19
5 12
6 15
7 19
8 10

1 17
2 15
3 14
4 13
5 14
6 12
7 14
8 14

1 20
2 15
3 17
4 19
5 12
6 15
7 19
8 10

1 17
2 15
3 14
4 13
5 14
6 12
7 14
8 14

1 20
2 15
3 17
4 19
5 12
6 15
7 19
8 10

1 17
2 15
3 14
4 13
5 14
6 12
7 14
8 14

1 20
2 15
3 17
4 19
5 12
6 15
7 19
8 10

1 17
2 15
3 14
4 13
5 14
6 12
7 14
8 14

1 20
2 15
3 17
4 19
5 12
6 15
7 19
8 10

1 17
2 15
3 14
4 13
5 14
6 12
7 14
8 14

1 20
2 15
3 17
4 19
5 12
6 15
7 19
8 10

1 17
2 15
3 14
4 13
5 14
6 12
7 14
8 14

1 20
2 15
3 17
4 19
5 12
6 15
7 19
8 10

1 17
2 15
3 14
4 13
5 14
6 12
7 14
8 14

1 20
2 15
3 17
4 19
5 12
6 15
7 19
8 10

1 17
2 15
3 14
4 13
5 14
6 12
7 14
8 14