1 0
2 0
3 0
4 0
5 0
6 0
7 0
8 0
9 0
10 0
11 0
12 0
13 0
14 0
15 0
16 0

1 13
2 12
3 13
4 14
5 18
6 11
7 11
8 19
9 20
10 14
11 15
12 16
13 20
14 12
15 16
16 13

1 17
2 19
3 15
4 15
5 13
6 15
7 20
8 13
9 15
10 14
11 12
12 17
13 16
14 11
15 18
16 18

1 17
2 15
3 15
4 20
5 11
6 10
7 15
8 19
9 15
10 17
11 16
12 14
13 20
14 18
15 12
16 19

1 12
2 11
3 12
4 18
5 12
6 16
7 10
8 12
9 18
10 17
11 17
12 11
13 20
14 18
15 17
16 15

1 13
2 12
3 13
4 14
5 18
6 11
7 11
8 19
9 20
10 14
11 15
12 16
13 20
14 12
15 16
16 13

1 17
2 19
3 15
4 15
5 13
6 15
7 20
8 13
9 15
10 14
11 12
12 17
13 16
14 11
15 18
16 18

1 17
2 15
3 15
4 20
5 11
6 10
7 15
8 19
9 15
10 17
11 16
12 14
13 20
14 18
15 12
16 19

1 12
2 11
3 12
4 18
5 12
6 16
7 10
8 12
9 18
10 17
11 17
12 11
13 20
14 18
15 17
16 15

1 13
2 12
3 13
4 14
5 18
6 11
7 11
8 19
9 20
10 14
11 15
12 16
13 20
14 12
15 16
16 13

1 17
2 19
3 15
4 15
5 13
6 15
7 20
8 13
9 15
10 14
11 12
12 17
13 16
14 11
15 18
16 18

1 17
2 15
3 15
4 20
5 11
6 10
7 15
8 19
9 15
10 17
11 16
12 14
13 20
14 18
15 12
16 19

1 12
2 11
3 12
4 18
5 12
6 16
7 10
8 12
9 18
10 17
11 17
12 11
13 20
14 18
15 17
16 15

1 13
2 12
3 13
4 14
5 18
6 11
7 11
8 19
9 20
10 14
11 15
12 16
13 20
14 12
15 16
16 13

1 17
2 19
3 15
4 15
5 13
6 15
7 20
8 13
9 15
10 14
11 12
12 17
13 16
14 11
15 18
16 18

1 17
2 15
3 15
4 20
5 11
6 10
7 15
8 19
9 15
10 17
11 16
12 14
13 20
14 18
15 12
16 19

1 12
2 11
3 12
4 18
5 12
6 16
7 10
8 12
9 18
10 17
11 17
12 11
13 20
14 18
15 17
16 15

1 13
2 12
3 13
4 14
5 18
6 11
7 11
8 19
9 20
10 14
11 15
12 16
13 20
14 12
15 16
16 13

1 17
2 19
3 15
4 15
5 13
6 15
7 20
8 13
9 15
10 14
11 12
12 17
13 16
14 11
15 18
16 18

1 17
2 15
3 15
4 20
5 11
6 10
7 15
8 19
9 15
10 17
11 16
12 14
13 20
14 18
15 12
16 19

1 12
2 11
3 12
4 18
5 12
6 16
7 10
8 12
9 18
10 17
11 17
12 11
13 20
14 18
15 17
16 15

1 13
2 12
3 13
4 14
5 18
6 11
7 11
8 19
9 20
10 14
11 15
12 16
13 20
14 12
15 16
16 13

1 17
2 19
3 15
4 15
5 13
6 15
7 20
8 13
9 15
10 14
11 12
12 17
13 16
14 11
15 18
16 18

1 17
2 15
3 15
4 20
5 11
6 10
7 15
8 19
9 15
10 17
11 16
12 14
13 20
14 18
15 12
16 19

1 12
2 11
3 12
4 18
5 12
6 16
7 10
8 12
9 18
10 17
11 17
12 11
13 20
14 18
15 17
16 15

1 13
2 12
3 13
4 14
5 18
6 11
7 11
8 19
9 20
10 14
11 15
12 16
13 20
14 12
15 16
16 13

1 17
2 19
3 15
4 15
5 13
6 15
7 20
8 13
9 15
10 14
11 12
12 17
13 16
14 11
15 18
16 18

1 17
2 15
3 15
4 20
5 11
6 10
7 15
8 19
9 15
10 17
11 16
12 14
13 20
14 18
15 12
16 19

1 12
2 11
3 12
4 18
5 12
6 16
7 10
8 12
9 18
10 17
11 17
12 11
13 20
14 18
15 17
16 15

1 13
2 12
3 13
4 14
5 18
6 11
7 11
8 19
9 20
10 14
11 15
12 16
13 20
14 12
15 16
16 13

1 17
2 19
3 15
4 15
5 13
6 15
7 20
8 13
9 15
10 14
11 12
12 17
13 16
14 11
15 18
16 18

1 17
2 15
3 15
4 20
5 11
6 10
7 15
8 19
9 15
10 17
11 16
12 14
13 20
14 18
15 12
16 19

1 12
2 11
3 12
4 18
5 12
6 16
7 10
8 12
9 18
10 17
11 17
12 11
13 20
14 18
15 17
16 15

1 13
2 12
3 13
4 14
5 18
6 11
7 11
8 19
9 20
10 14
11 15
12 16
13 20
14 12
15 16
16 13

1 17
2 19
3 15
4 15
5 13
6 15
7 20
8 13
9 15
10 14
11 12
12 17
13 16
14 11
15 18
16 18

1 17
2 15
3 15
4 20
5 11
6 10
7 15
8 19
9 15
10 17
11 16
12 14
13 20
14 18
15 12
16 19

1 12
2 11
3 12
4 18
5 12
6 16
7 10
8 12
9 18
10 17
11 17
12 11
13 20
14 18
15 17
16 15

1 13
2 12
3 13
4 14
5 18
6 11
7 11
8 19
9 20
10 14
11 15
12 16
13 20
14 12
15 16
16 13

1 17
2 19
3 15
4 15
5 13
6 15
7 20
8 13
9 15
10 14
11 12
12 17
13 16
14 11
15 18
16 18

1 17
2 15
3 15
4 20
5 11
6 10
7 15
8 19
9 15
10 17
11 16
12 14
13 20
14 18
15 12
16 19

1 12
2 11
3 12
4 18
5 12
6 16
7 10
8 12
9 18
10 17
11 17
12 11
13 20
14 18
15 17
16 15