1 0
2 0
3 0
4 0

1 11
2 10
3 14
4 20

1 16
2 14
3 10
4 17

1 10
2 14
3 11
4 19

1 12
2 15
3 12
4 11

1 11
2 10
3 14
4 20

1 16
2 14
3 10
4 17

1 10
2 14
3 11
4 19

1 12
2 15
3 12
4 11

1 11
2 10
3 14
4 20

1 16
2 14
3 10
4 17

1 10
2 14
3 11
4 19

1 12
2 15
3 12
4 11

1 11
2 10
3 14
4 20

1 16
2 14
3 10
4 17

1 10
2 14
3 11
4 19

1 12
2 15
3 12
4 11

1 11
2 10
3 14
4 20

1 16
2 14
3 10
4 17

1 10
2 14
3 11
4 19

1 12
2 15
3 12
4 11

1 11
2 10
3 14
4 20

1 16
2 14
3 10
4 17

1 10
2 14
3 11
4 19

1 12
2 15
3 12
4 11

1 11
2 10
3 14
4 20

1 16
2 14
3 10
4 17

1 10
2 14
3 11
4 19

1 12
2 15
3 12
4 11

1 11
2 10
3 14
4 20

1 16
2 14
3 10
4 17

1 10
2 14
3 11
4 19

1 12
2 15
3 12
4 11

1 11
2 10
3 14
4 20

1 16
2 14
3 10
4 17

1 10
2 14
3 11
4 19

1 12
2 15
3 12
4 11

1 11
2 10
3 14
4 20

1 16
2 14
3 10
4 17

1 10
2 14
3 11
4 19

1 12
2 15
3 12
4 11

1 11
2 10
3 14
4 20

1 16
2 14
3 10
4 17

1 10
2 14
3 11
4 19

1 12
2 15
3 12
4 11

1 11
2 10
3 14
4 20

1 16
2 14
3 10
4 17

1 10
2 14
3 11
4 19

1 12
2 15
3 12
4 11

1 11
2 10
3 14
4 20

1 16
2 14
3 10
4 17

1 10
2 14
3 11
4 19

1 12
2 15
3 12
4 11

1 11
2 10
3 14
4 20

1 16
2 14
3 10
4 17

1 10
2 14
3 11
4 19

1 12
2 15
3 12
4 11

1 11
2 10
3 14
4 20

1 16
2 14
3 10
4 17

1 10
2 14
3 11
4 19

1 12
2 15
3 12
4 11

1 11
2 10
3 14
4 20

1 16
2 14
3 10
4 17

1 10
2 14
3 11
4 19

1 12
2 15
3 12
4 11

1 11
2 10
3 14
4 20

1 16
2 14
3 10
4 17

1 10
2 14
3 11
4 19

1 12
2 15
3 12
4 11

1 11
2 10
3 14
4 20

1 16
2 14
3 10
4 17

1 10
2 14
3 11
4 19

1 12
2 15
3 12
4 11

1 11
2 10
3 14
4 20

1 16
2 14
3 10
4 17

1 10
2 14
3 11
4 19

1 12
2 15
3 12
4 11

1 11
2 10
3 14
4 20

1 16
2 14
3 10
4 17

1 10
2 14
3 11
4 19

1 12
2 15
3 12
4 11