1 0
2 0
3 0
4 0
5 0
6 0
7 0
8 0

1 11
2 19
3 19
4 17
5 19
6 11
7 16
8 20

1 11
2 12
3 16
4 12
5 17
6 16
7 11
8 20

1 11
2 16
3 10
4 15
5 15
6 15
7 14
8 14

1 12
2 10
3 14
4 16
5 17
6 13
7 16
8 13

1 18
2 17
3 13
4 17
5 10
6 10
7 12
8 18

1 19
2 17
3 18
4 14
5 17
6 10
7 12
8 18

1 11
2 19
3 19
4 17
5 19
6 11
7 16
8 20

1 11
2 12
3 16
4 12
5 17
6 16
7 11
8 20

1 11
2 16
3 10
4 15
5 15
6 15
7 14
8 14

1 12
2 10
3 14
4 16
5 17
6 13
7 16
8 13

1 18
2 17
3 13
4 17
5 10
6 10
7 12
8 18

1 19
2 17
3 18
4 14
5 17
6 10
7 12
8 18

1 11
2 19
3 19
4 17
5 19
6 11
7 16
8 20

1 11
2 12
3 16
4 12
5 17
6 16
7 11
8 20

1 11
2 16
3 10
4 15
5 15
6 15
7 14
8 14

1 12
2 10
3 14
4 16
5 17
6 13
7 16
8 13

1 18
2 17
3 13
4 17
5 10
6 10
7 12
8 18

1 19
2 17
3 18
4 14
5 17
6 10
7 12
8 18

1 11
2 19
3 19
4 17
5 19
6 11
7 16
8 20

1 11
2 12
3 16
4 12
5 17
6 16
7 11
8 20

1 11
2 16
3 10
4 15
5 15
6 15
7 14
8 14

1 12
2 10
3 14
4 16
5 17
6 13
7 16
8 13

1 18
2 17
3 13
4 17
5 10
6 10
7 12
8 18

1 19
2 17
3 18
4 14
5 17
6 10
7 12
8 18

1 11
2 19
3 19
4 17
5 19
6 11
7 16
8 20

1 11
2 12
3 16
4 12
5 17
6 16
7 11
8 20

1 11
2 16
3 10
4 15
5 15
6 15
7 14
8 14

1 12
2 10
3 14
4 16
5 17
6 13
7 16
8 13

1 18
2 17
3 13
4 17
5 10
6 10
7 12
8 18

1 19
2 17
3 18
4 14
5 17
6 10
7 12
8 18

1 11
2 19
3 19
4 17
5 19
6 11
7 16
8 20

1 11
2 12
3 16
4 12
5 17
6 16
7 11
8 20

1 11
2 16
3 10
4 15
5 15
6 15
7 14
8 14

1 12
2 10
3 14
4 16
5 17
6 13
7 16
8 13

1 18
2 17
3 13
4 17
5 10
6 10
7 12
8 18

1 19
2 17
3 18
4 14
5 17
6 10
7 12
8 18

1 11
2 19
3 19
4 17
5 19
6 11
7 16
8 20

1 11
2 12
3 16
4 12
5 17
6 16
7 11
8 20

1 11
2 16
3 10
4 15
5 15
6 15
7 14
8 14

1 12
2 10
3 14
4 16
5 17
6 13
7 16
8 13

1 18
2 17
3 13
4 17
5 10
6 10
7 12
8 18

1 19
2 17
3 18
4 14
5 17
6 10
7 12
8 18

1 11
2 19
3 19
4 17
5 19
6 11
7 16
8 20

1 11
2 12
3 16
4 12
5 17
6 16
7 11
8 20

1 11
2 16
3 10
4 15
5 15
6 15
7 14
8 14

1 12
2 10
3 14
4 16
5 17
6 13
7 16
8 13

1 18
2 17
3 13
4 17
5 10
6 10
7 12
8 18

1 19
2 17
3 18
4 14
5 17
6 10
7 12
8 18

1 11
2 19
3 19
4 17
5 19
6 11
7 16
8 20

1 11
2 12
3 16
4 12
5 17
6 16
7 11
8 20

1 11
2 16
3 10
4 15
5 15
6 15
7 14
8 14

1 12
2 10
3 14
4 16
5 17
6 13
7 16
8 13

1 18
2 17
3 13
4 17
5 10
6 10
7 12
8 18

1 19
2 17
3 18
4 14
5 17
6 10
7 12
8 18

1 11
2 19
3 19
4 17
5 19
6 11
7 16
8 20

1 11
2 12
3 16
4 12
5 17
6 16
7 11
8 20

1 11
2 16
3 10
4 15
5 15
6 15
7 14
8 14

1 12
2 10
3 14
4 16
5 17
6 13
7 16
8 13

1 18
2 17
3 13
4 17
5 10
6 10
7 12
8 18

1 19
2 17
3 18
4 14
5 17
6 10
7 12
8 18

1 11
2 19
3 19
4 17
5 19
6 11
7 16
8 20

1 11
2 12
3 16
4 12
5 17
6 16
7 11
8 20

1 11
2 16
3 10
4 15
5 15
6 15
7 14
8 14

1 12
2 10
3 14
4 16
5 17
6 13
7 16
8 13

1 18
2 17
3 13
4 17
5 10
6 10
7 12
8 18

1 19
2 17
3 18
4 14
5 17
6 10
7 12
8 18

1 11
2 19
3 19
4 17
5 19
6 11
7 16
8 20

1 11
2 12
3 16
4 12
5 17
6 16
7 11
8 20

1 11
2 16
3 10
4 15
5 15
6 15
7 14
8 14

1 12
2 10
3 14
4 16
5 17
6 13
7 16
8 13

1 18
2 17
3 13
4 17
5 10
6 10
7 12
8 18

1 19
2 17
3 18
4 14
5 17
6 10
7 12
8 18

1 11
2 19
3 19
4 17
5 19
6 11
7 16
8 20

1 11
2 12
3 16
4 12
5 17
6 16
7 11
8 20

1 11
2 16
3 10
4 15
5 15
6 15
7 14
8 14

1 12
2 10
3 14
4 16
5 17
6 13
7 16
8 13

1 18
2 17
3 13
4 17
5 10
6 10
7 12
8 18

1 19
2 17
3 18
4 14
5 17
6 10
7 12
8 18

1 11
2 19
3 19
4 17
5 19
6 11
7 16
8 20

1 11
2 12
3 16
4 12
5 17
6 16
7 11
8 20

1 11
2 16
3 10
4 15
5 15
6 15
7 14
8 14

1 12
2 10
3 14
4 16
5 17
6 13
7 16
8 13

1 18
2 17
3 13
4 17
5 10
6 10
7 12
8 18

1 19
2 17
3 18
4 14
5 17
6 10
7 12
8 18

1 11
2 19
3 19
4 17
5 19
6 11
7 16
8 20

1 11
2 12
3 16
4 12
5 17
6 16
7 11
8 20

1 11
2 16
3 10
4 15
5 15
6 15
7 14
8 14

1 12
2 10
3 14
4 16
5 17
6 13
7 16
8 13

1 18
2 17
3 13
4 17
5 10
6 10
7 12
8 18

1 19
2 17
3 18
4 14
5 17
6 10
7 12
8 18