1 0
2 0
3 0
4 0
5 0
6 0
7 0
8 0
9 0
10 0
11 0
12 0
13 0
14 0
15 0
16 0

1 8
2 3
3 2
4 9
5 5
6 4
7 7
8 6
9 2
10 6
11 2
12 7
13 1
14 6
15 0
16 3

1 6
2 7
3 5
4 2
5 5
6 7
7 9
8 5
9 8
10 1
11 5
12 7
13 5
14 0
15 5
16 2

1 4
2 4
3 0
4 0
5 7
6 9
7 1
8 6
9 8
10 6
11 6
12 9
13 8
14 5
15 1
16 2

1 6
2 3
3 1
4 5
5 6
6 2
7 6
8 1
9 2
10 1
11 8
12 0
13 3
14 4
15 9
16 7

1 8
2 3
3 2
4 9
5 5
6 4
7 7
8 6
9 2
10 6
11 2
12 7
13 1
14 6
15 0
16 3

1 6
2 7
3 5
4 2
5 5
6 7
7 9
8 5
9 8
10 1
11 5
12 7
13 5
14 0
15 5
16 2

1 4
2 4
3 0
4 0
5 7
6 9
7 1
8 6
9 8
10 6
11 6
12 9
13 8
14 5
15 1
16 2

1 6
2 3
3 1
4 5
5 6
6 2
7 6
8 1
9 2
10 1
11 8
12 0
13 3
14 4
15 9
16 7

1 8
2 3
3 2
4 9
5 5
6 4
7 7
8 6
9 2
10 6
11 2
12 7
13 1
14 6
15 0
16 3

1 6
2 7
3 5
4 2
5 5
6 7
7 9
8 5
9 8
10 1
11 5
12 7
13 5
14 0
15 5
16 2

1 4
2 4
3 0
4 0
5 7
6 9
7 1
8 6
9 8
10 6
11 6
12 9
13 8
14 5
15 1
16 2

1 6
2 3
3 1
4 5
5 6
6 2
7 6
8 1
9 2
10 1
11 8
12 0
13 3
14 4
15 9
16 7

1 8
2 3
3 2
4 9
5 5
6 4
7 7
8 6
9 2
10 6
11 2
12 7
13 1
14 6
15 0
16 3

1 6
2 7
3 5
4 2
5 5
6 7
7 9
8 5
9 8
10 1
11 5
12 7
13 5
14 0
15 5
16 2

1 4
2 4
3 0
4 0
5 7
6 9
7 1
8 6
9 8
10 6
11 6
12 9
13 8
14 5
15 1
16 2

1 6
2 3
3 1
4 5
5 6
6 2
7 6
8 1
9 2
10 1
11 8
12 0
13 3
14 4
15 9
16 7

1 8
2 3
3 2
4 9
5 5
6 4
7 7
8 6
9 2
10 6
11 2
12 7
13 1
14 6
15 0
16 3

1 6
2 7
3 5
4 2
5 5
6 7
7 9
8 5
9 8
10 1
11 5
12 7
13 5
14 0
15 5
16 2

1 4
2 4
3 0
4 0
5 7
6 9
7 1
8 6
9 8
10 6
11 6
12 9
13 8
14 5
15 1
16 2

1 6
2 3
3 1
4 5
5 6
6 2
7 6
8 1
9 2
10 1
11 8
12 0
13 3
14 4
15 9
16 7

1 8
2 3
3 2
4 9
5 5
6 4
7 7
8 6
9 2
10 6
11 2
12 7
13 1
14 6
15 0
16 3

1 6
2 7
3 5
4 2
5 5
6 7
7 9
8 5
9 8
10 1
11 5
12 7
13 5
14 0
15 5
16 2

1 4
2 4
3 0
4 0
5 7
6 9
7 1
8 6
9 8
10 6
11 6
12 9
13 8
14 5
15 1
16 2

1 6
2 3
3 1
4 5
5 6
6 2
7 6
8 1
9 2
10 1
11 8
12 0
13 3
14 4
15 9
16 7

1 8
2 3
3 2
4 9
5 5
6 4
7 7
8 6
9 2
10 6
11 2
12 7
13 1
14 6
15 0
16 3

1 6
2 7
3 5
4 2
5 5
6 7
7 9
8 5
9 8
10 1
11 5
12 7
13 5
14 0
15 5
16 2

1 4
2 4
3 0
4 0
5 7
6 9
7 1
8 6
9 8
10 6
11 6
12 9
13 8
14 5
15 1
16 2

1 6
2 3
3 1
4 5
5 6
6 2
7 6
8 1
9 2
10 1
11 8
12 0
13 3
14 4
15 9
16 7

1 8
2 3
3 2
4 9
5 5
6 4
7 7
8 6
9 2
10 6
11 2
12 7
13 1
14 6
15 0
16 3

1 6
2 7
3 5
4 2
5 5
6 7
7 9
8 5
9 8
10 1
11 5
12 7
13 5
14 0
15 5
16 2

1 4
2 4
3 0
4 0
5 7
6 9
7 1
8 6
9 8
10 6
11 6
12 9
13 8
14 5
15 1
16 2

1 6
2 3
3 1
4 5
5 6
6 2
7 6
8 1
9 2
10 1
11 8
12 0
13 3
14 4
15 9
16 7

1 8
2 3
3 2
4 9
5 5
6 4
7 7
8 6
9 2
10 6
11 2
12 7
13 1
14 6
15 0
16 3

1 6
2 7
3 5
4 2
5 5
6 7
7 9
8 5
9 8
10 1
11 5
12 7
13 5
14 0
15 5
16 2

1 4
2 4
3 0
4 0
5 7
6 9
7 1
8 6
9 8
10 6
11 6
12 9
13 8
14 5
15 1
16 2

1 6
2 3
3 1
4 5
5 6
6 2
7 6
8 1
9 2
10 1
11 8
12 0
13 3
14 4
15 9
16 7

1 8
2 3
3 2
4 9
5 5
6 4
7 7
8 6
9 2
10 6
11 2
12 7
13 1
14 6
15 0
16 3

1 6
2 7
3 5
4 2
5 5
6 7
7 9
8 5
9 8
10 1
11 5
12 7
13 5
14 0
15 5
16 2

1 4
2 4
3 0
4 0
5 7
6 9
7 1
8 6
9 8
10 6
11 6
12 9
13 8
14 5
15 1
16 2

1 6
2 3
3 1
4 5
5 6
6 2
7 6
8 1
9 2
10 1
11 8
12 0
13 3
14 4
15 9
16 7

1 8
2 3
3 2
4 9
5 5
6 4
7 7
8 6
9 2
10 6
11 2
12 7
13 1
14 6
15 0
16 3

1 6
2 7
3 5
4 2
5 5
6 7
7 9
8 5
9 8
10 1
11 5
12 7
13 5
14 0
15 5
16 2

1 4
2 4
3 0
4 0
5 7
6 9
7 1
8 6
9 8
10 6
11 6
12 9
13 8
14 5
15 1
16 2

1 6
2 3
3 1
4 5
5 6
6 2
7 6
8 1
9 2
10 1
11 8
12 0
13 3
14 4
15 9
16 7

1 8
2 3
3 2
4 9
5 5
6 4
7 7
8 6
9 2
10 6
11 2
12 7
13 1
14 6
15 0
16 3

1 6
2 7
3 5
4 2
5 5
6 7
7 9
8 5
9 8
10 1
11 5
12 7
13 5
14 0
15 5
16 2

1 4
2 4
3 0
4 0
5 7
6 9
7 1
8 6
9 8
10 6
11 6
12 9
13 8
14 5
15 1
16 2

1 6
2 3
3 1
4 5
5 6
6 2
7 6
8 1
9 2
10 1
11 8
12 0
13 3
14 4
15 9
16 7

1 8
2 3
3 2
4 9
5 5
6 4
7 7
8 6
9 2
10 6
11 2
12 7
13 1
14 6
15 0
16 3

1 6
2 7
3 5
4 2
5 5
6 7
7 9
8 5
9 8
10 1
11 5
12 7
13 5
14 0
15 5
16 2

1 4
2 4
3 0
4 0
5 7
6 9
7 1
8 6
9 8
10 6
11 6
12 9
13 8
14 5
15 1
16 2

1 6
2 3
3 1
4 5
5 6
6 2
7 6
8 1
9 2
10 1
11 8
12 0
13 3
14 4
15 9
16 7

1 8
2 3
3 2
4 9
5 5
6 4
7 7
8 6
9 2
10 6
11 2
12 7
13 1
14 6
15 0
16 3

1 6
2 7
3 5
4 2
5 5
6 7
7 9
8 5
9 8
10 1
11 5
12 7
13 5
14 0
15 5
16 2

1 4
2 4
3 0
4 0
5 7
6 9
7 1
8 6
9 8
10 6
11 6
12 9
13 8
14 5
15 1
16 2

1 6
2 3
3 1
4 5
5 6
6 2
7 6
8 1
9 2
10 1
11 8
12 0
13 3
14 4
15 9
16 7

1 8
2 3
3 2
4 9
5 5
6 4
7 7
8 6
9 2
10 6
11 2
12 7
13 1
14 6
15 0
16 3

1 6
2 7
3 5
4 2
5 5
6 7
7 9
8 5
9 8
10 1
11 5
12 7
13 5
14 0
15 5
16 2

1 4
2 4
3 0
4 0
5 7
6 9
7 1
8 6
9 8
10 6
11 6
12 9
13 8
14 5
15 1
16 2

1 6
2 3
3 1
4 5
5 6
6 2
7 6
8 1
9 2
10 1
11 8
12 0
13 3
14 4
15 9
16 7