1 0
2 0
3 0
4 0

1 16
2 11
3 18
4 19

1 17
2 12
3 13
4 12

1 20
2 14
3 12
4 20

1 11
2 17
3 19
4 15

1 14
2 18
3 11
4 12

1 14
2 18
3 15
4 12

1 16
2 11
3 18
4 19

1 17
2 12
3 13
4 12

1 20
2 14
3 12
4 20

1 11
2 17
3 19
4 15

1 14
2 18
3 11
4 12

1 14
2 18
3 15
4 12

1 16
2 11
3 18
4 19

1 17
2 12
3 13
4 12

1 20
2 14
3 12
4 20

1 11
2 17
3 19
4 15

1 14
2 18
3 11
4 12

1 14
2 18
3 15
4 12

1 16
2 11
3 18
4 19

1 17
2 12
3 13
4 12

1 20
2 14
3 12
4 20

1 11
2 17
3 19
4 15

1 14
2 18
3 11
4 12

1 14
2 18
3 15
4 12

1 16
2 11
3 18
4 19

1 17
2 12
3 13
4 12

1 20
2 14
3 12
4 20

1 11
2 17
3 19
4 15

1 14
2 18
3 11
4 12

1 14
2 18
3 15
4 12

1 16
2 11
3 18
4 19

1 17
2 12
3 13
4 12

1 20
2 14
3 12
4 20

1 11
2 17
3 19
4 15

1 14
2 18
3 11
4 12

1 14
2 18
3 15
4 12

1 16
2 11
3 18
4 19

1 17
2 12
3 13
4 12

1 20
2 14
3 12
4 20

1 11
2 17
3 19
4 15

1 14
2 18
3 11
4 12

1 14
2 18
3 15
4 12

1 16
2 11
3 18
4 19

1 17
2 12
3 13
4 12

1 20
2 14
3 12
4 20

1 11
2 17
3 19
4 15

1 14
2 18
3 11
4 12

1 14
2 18
3 15
4 12

1 16
2 11
3 18
4 19

1 17
2 12
3 13
4 12

1 20
2 14
3 12
4 20

1 11
2 17
3 19
4 15

1 14
2 18
3 11
4 12

1 14
2 18
3 15
4 12

1 16
2 11
3 18
4 19

1 17
2 12
3 13
4 12

1 20
2 14
3 12
4 20

1 11
2 17
3 19
4 15

1 14
2 18
3 11
4 12

1 14
2 18
3 15
4 12

1 16
2 11
3 18
4 19

1 17
2 12
3 13
4 12

1 20
2 14
3 12
4 20

1 11
2 17
3 19
4 15

1 14
2 18
3 11
4 12

1 14
2 18
3 15
4 12

1 16
2 11
3 18
4 19

1 17
2 12
3 13
4 12

1 20
2 14
3 12
4 20

1 11
2 17
3 19
4 15

1 14
2 18
3 11
4 12

1 14
2 18
3 15
4 12

1 16
2 11
3 18
4 19

1 17
2 12
3 13
4 12

1 20
2 14
3 12
4 20

1 11
2 17
3 19
4 15

1 14
2 18
3 11
4 12

1 14
2 18
3 15
4 12

1 16
2 11
3 18
4 19

1 17
2 12
3 13
4 12

1 20
2 14
3 12
4 20

1 11
2 17
3 19
4 15

1 14
2 18
3 11
4 12

1 14
2 18
3 15
4 12

1 16
2 11
3 18
4 19

1 17
2 12
3 13
4 12

1 20
2 14
3 12
4 20

1 11
2 17
3 19
4 15

1 14
2 18
3 11
4 12

1 14
2 18
3 15
4 12

1 16
2 11
3 18
4 19

1 17
2 12
3 13
4 12

1 20
2 14
3 12
4 20

1 11
2 17
3 19
4 15

1 14
2 18
3 11
4 12

1 14
2 18
3 15
4 12

1 16
2 11
3 18
4 19

1 17
2 12
3 13
4 12

1 20
2 14
3 12
4 20

1 11
2 17
3 19
4 15

1 14
2 18
3 11
4 12

1 14
2 18
3 15
4 12

1 16
2 11
3 18
4 19

1 17
2 12
3 13
4 12

1 20
2 14
3 12
4 20

1 11
2 17
3 19
4 15

1 14
2 18
3 11
4 12

1 14
2 18
3 15
4 12

1 16
2 11
3 18
4 19

1 17
2 12
3 13
4 12

1 20
2 14
3 12
4 20

1 11
2 17
3 19
4 15

1 14
2 18
3 11
4 12

1 14
2 18
3 15
4 12

1 16
2 11
3 18
4 19

1 17
2 12
3 13
4 12

1 20
2 14
3 12
4 20

1 11
2 17
3 19
4 15

1 14
2 18
3 11
4 12

1 14
2 18
3 15
4 12