1 0
2 0
3 0
4 0
5 0
6 0
7 0
8 0

1 8
2 6
3 7
4 2
5 8
6 3
7 5
8 4

1 6
2 2
3 4
4 0
5 1
6 1
7 7
8 2

1 6
2 3
3 5
4 6
5 5
6 3
7 5
8 6

1 8
2 1
3 8
4 1
5 9
6 0
7 8
8 2

1 9
2 9
3 1
4 4
5 6
6 2
7 0
8 3

1 0
2 5
3 6
4 9
5 1
6 6
7 9
8 0

1 8
2 6
3 7
4 2
5 8
6 3
7 5
8 4

1 6
2 2
3 4
4 0
5 1
6 1
7 7
8 2

1 6
2 3
3 5
4 6
5 5
6 3
7 5
8 6

1 8
2 1
3 8
4 1
5 9
6 0
7 8
8 2

1 9
2 9
3 1
4 4
5 6
6 2
7 0
8 3

1 0
2 5
3 6
4 9
5 1
6 6
7 9
8 0

1 8
2 6
3 7
4 2
5 8
6 3
7 5
8 4

1 6
2 2
3 4
4 0
5 1
6 1
7 7
8 2

1 6
2 3
3 5
4 6
5 5
6 3
7 5
8 6

1 8
2 1
3 8
4 1
5 9
6 0
7 8
8 2

1 9
2 9
3 1
4 4
5 6
6 2
7 0
8 3

1 0
2 5
3 6
4 9
5 1
6 6
7 9
8 0

1 8
2 6
3 7
4 2
5 8
6 3
7 5
8 4

1 6
2 2
3 4
4 0
5 1
6 1
7 7
8 2

1 6
2 3
3 5
4 6
5 5
6 3
7 5
8 6

1 8
2 1
3 8
4 1
5 9
6 0
7 8
8 2

1 9
2 9
3 1
4 4
5 6
6 2
7 0
8 3

1 0
2 5
3 6
4 9
5 1
6 6
7 9
8 0

1 8
2 6
3 7
4 2
5 8
6 3
7 5
8 4

1 6
2 2
3 4
4 0
5 1
6 1
7 7
8 2

1 6
2 3
3 5
4 6
5 5
6 3
7 5
8 6

1 8
2 1
3 8
4 1
5 9
6 0
7 8
8 2

1 9
2 9
3 1
4 4
5 6
6 2
7 0
8 3

1 0
2 5
3 6
4 9
5 1
6 6
7 9
8 0

1 8
2 6
3 7
4 2
5 8
6 3
7 5
8 4

1 6
2 2
3 4
4 0
5 1
6 1
7 7
8 2

1 6
2 3
3 5
4 6
5 5
6 3
7 5
8 6

1 8
2 1
3 8
4 1
5 9
6 0
7 8
8 2

1 9
2 9
3 1
4 4
5 6
6 2
7 0
8 3

1 0
2 5
3 6
4 9
5 1
6 6
7 9
8 0

1 8
2 6
3 7
4 2
5 8
6 3
7 5
8 4

1 6
2 2
3 4
4 0
5 1
6 1
7 7
8 2

1 6
2 3
3 5
4 6
5 5
6 3
7 5
8 6

1 8
2 1
3 8
4 1
5 9
6 0
7 8
8 2

1 9
2 9
3 1
4 4
5 6
6 2
7 0
8 3

1 0
2 5
3 6
4 9
5 1
6 6
7 9
8 0

1 8
2 6
3 7
4 2
5 8
6 3
7 5
8 4

1 6
2 2
3 4
4 0
5 1
6 1
7 7
8 2

1 6
2 3
3 5
4 6
5 5
6 3
7 5
8 6

1 8
2 1
3 8
4 1
5 9
6 0
7 8
8 2

1 9
2 9
3 1
4 4
5 6
6 2
7 0
8 3

1 0
2 5
3 6
4 9
5 1
6 6
7 9
8 0

1 8
2 6
3 7
4 2
5 8
6 3
7 5
8 4

1 6
2 2
3 4
4 0
5 1
6 1
7 7
8 2

1 6
2 3
3 5
4 6
5 5
6 3
7 5
8 6

1 8
2 1
3 8
4 1
5 9
6 0
7 8
8 2

1 9
2 9
3 1
4 4
5 6
6 2
7 0
8 3

1 0
2 5
3 6
4 9
5 1
6 6
7 9
8 0

1 8
2 6
3 7
4 2
5 8
6 3
7 5
8 4

1 6
2 2
3 4
4 0
5 1
6 1
7 7
8 2

1 6
2 3
3 5
4 6
5 5
6 3
7 5
8 6

1 8
2 1
3 8
4 1
5 9
6 0
7 8
8 2

1 9
2 9
3 1
4 4
5 6
6 2
7 0
8 3

1 0
2 5
3 6
4 9
5 1
6 6
7 9
8 0

1 8
2 6
3 7
4 2
5 8
6 3
7 5
8 4

1 6
2 2
3 4
4 0
5 1
6 1
7 7
8 2

1 6
2 3
3 5
4 6
5 5
6 3
7 5
8 6

1 8
2 1
3 8
4 1
5 9
6 0
7 8
8 2

1 9
2 9
3 1
4 4
5 6
6 2
7 0
8 3

1 0
2 5
3 6
4 9
5 1
6 6
7 9
8 0

1 8
2 6
3 7
4 2
5 8
6 3
7 5
8 4

1 6
2 2
3 4
4 0
5 1
6 1
7 7
8 2

1 6
2 3
3 5
4 6
5 5
6 3
7 5
8 6

1 8
2 1
3 8
4 1
5 9
6 0
7 8
8 2

1 9
2 9
3 1
4 4
5 6
6 2
7 0
8 3

1 0
2 5
3 6
4 9
5 1
6 6
7 9
8 0

1 8
2 6
3 7
4 2
5 8
6 3
7 5
8 4

1 6
2 2
3 4
4 0
5 1
6 1
7 7
8 2

1 6
2 3
3 5
4 6
5 5
6 3
7 5
8 6

1 8
2 1
3 8
4 1
5 9
6 0
7 8
8 2

1 9
2 9
3 1
4 4
5 6
6 2
7 0
8 3

1 0
2 5
3 6
4 9
5 1
6 6
7 9
8 0

1 8
2 6
3 7
4 2
5 8
6 3
7 5
8 4

1 6
2 2
3 4
4 0
5 1
6 1
7 7
8 2

1 6
2 3
3 5
4 6
5 5
6 3
7 5
8 6

1 8
2 1
3 8
4 1
5 9
6 0
7 8
8 2

1 9
2 9
3 1
4 4
5 6
6 2
7 0
8 3

1 0
2 5
3 6
4 9
5 1
6 6
7 9
8 0

1 8
2 6
3 7
4 2
5 8
6 3
7 5
8 4

1 6
2 2
3 4
4 0
5 1
6 1
7 7
8 2

1 6
2 3
3 5
4 6
5 5
6 3
7 5
8 6

1 8
2 1
3 8
4 1
5 9
6 0
7 8
8 2

1 9
2 9
3 1
4 4
5 6
6 2
7 0
8 3

1 0
2 5
3 6
4 9
5 1
6 6
7 9
8 0