1 0
2 0
3 0
4 0

1 19
2 18
3 13
4 10

1 13
2 19
3 16
4 18

1 20
2 12
3 12
4 20

1 20
2 19
3 15
4 20

1 10
2 11
3 13
4 17

1 13
2 15
3 20
4 16

1 19
2 18
3 13
4 10

1 13
2 19
3 16
4 18

1 20
2 12
3 12
4 20

1 20
2 19
3 15
4 20

1 10
2 11
3 13
4 17

1 13
2 15
3 20
4 16

1 19
2 18
3 13
4 10

1 13
2 19
3 16
4 18

1 20
2 12
3 12
4 20

1 20
2 19
3 15
4 20

1 10
2 11
3 13
4 17

1 13
2 15
3 20
4 16

1 19
2 18
3 13
4 10

1 13
2 19
3 16
4 18

1 20
2 12
3 12
4 20

1 20
2 19
3 15
4 20

1 10
2 11
3 13
4 17

1 13
2 15
3 20
4 16

1 19
2 18
3 13
4 10

1 13
2 19
3 16
4 18

1 20
2 12
3 12
4 20

1 20
2 19
3 15
4 20

1 10
2 11
3 13
4 17

1 13
2 15
3 20
4 16

1 19
2 18
3 13
4 10

1 13
2 19
3 16
4 18

1 20
2 12
3 12
4 20

1 20
2 19
3 15
4 20

1 10
2 11
3 13
4 17

1 13
2 15
3 20
4 16

1 19
2 18
3 13
4 10

1 13
2 19
3 16
4 18

1 20
2 12
3 12
4 20

1 20
2 19
3 15
4 20

1 10
2 11
3 13
4 17

1 13
2 15
3 20
4 16

1 19
2 18
3 13
4 10

1 13
2 19
3 16
4 18

1 20
2 12
3 12
4 20

1 20
2 19
3 15
4 20

1 10
2 11
3 13
4 17

1 13
2 15
3 20
4 16

1 19
2 18
3 13
4 10

1 13
2 19
3 16
4 18

1 20
2 12
3 12
4 20

1 20
2 19
3 15
4 20

1 10
2 11
3 13
4 17

1 13
2 15
3 20
4 16

1 19
2 18
3 13
4 10

1 13
2 19
3 16
4 18

1 20
2 12
3 12
4 20

1 20
2 19
3 15
4 20

1 10
2 11
3 13
4 17

1 13
2 15
3 20
4 16