1 0
2 0
3 0
4 0
5 0
6 0
7 0
8 0
9 0
10 0
11 0
12 0
13 0
14 0
15 0
16 0

1 1
2 5
3 5
4 9
5 7
6 2
7 6
8 2
9 8
10 1
11 4
12 2
13 1
14 2
15 5
16 3

1 7
2 3
3 9
4 0
5 1
6 3
7 0
8 0
9 9
10 2
11 8
12 5
13 3
14 4
15 2
16 7

1 8
2 3
3 6
4 3
5 7
6 7
7 8
8 4
9 0
10 1
11 6
12 2
13 8
14 2
15 6
16 6

1 3
2 0
3 8
4 7
5 9
6 3
7 5
8 7
9 2
10 4
11 5
12 0
13 2
14 5
15 1
16 6

1 0
2 4
3 2
4 2
5 4
6 3
7 5
8 4
9 8
10 8
11 4
12 2
13 7
14 2
15 5
16 9

1 7
2 6
3 8
4 8
5 5
6 7
7 3
8 4
9 9
10 4
11 8
12 9
13 8
14 3
15 0
16 6

1 1
2 5
3 5
4 9
5 7
6 2
7 6
8 2
9 8
10 1
11 4
12 2
13 1
14 2
15 5
16 3

1 7
2 3
3 9
4 0
5 1
6 3
7 0
8 0
9 9
10 2
11 8
12 5
13 3
14 4
15 2
16 7

1 8
2 3
3 6
4 3
5 7
6 7
7 8
8 4
9 0
10 1
11 6
12 2
13 8
14 2
15 6
16 6

1 3
2 0
3 8
4 7
5 9
6 3
7 5
8 7
9 2
10 4
11 5
12 0
13 2
14 5
15 1
16 6

1 0
2 4
3 2
4 2
5 4
6 3
7 5
8 4
9 8
10 8
11 4
12 2
13 7
14 2
15 5
16 9

1 7
2 6
3 8
4 8
5 5
6 7
7 3
8 4
9 9
10 4
11 8
12 9
13 8
14 3
15 0
16 6

1 1
2 5
3 5
4 9
5 7
6 2
7 6
8 2
9 8
10 1
11 4
12 2
13 1
14 2
15 5
16 3

1 7
2 3
3 9
4 0
5 1
6 3
7 0
8 0
9 9
10 2
11 8
12 5
13 3
14 4
15 2
16 7

1 8
2 3
3 6
4 3
5 7
6 7
7 8
8 4
9 0
10 1
11 6
12 2
13 8
14 2
15 6
16 6

1 3
2 0
3 8
4 7
5 9
6 3
7 5
8 7
9 2
10 4
11 5
12 0
13 2
14 5
15 1
16 6

1 0
2 4
3 2
4 2
5 4
6 3
7 5
8 4
9 8
10 8
11 4
12 2
13 7
14 2
15 5
16 9

1 7
2 6
3 8
4 8
5 5
6 7
7 3
8 4
9 9
10 4
11 8
12 9
13 8
14 3
15 0
16 6

1 1
2 5
3 5
4 9
5 7
6 2
7 6
8 2
9 8
10 1
11 4
12 2
13 1
14 2
15 5
16 3

1 7
2 3
3 9
4 0
5 1
6 3
7 0
8 0
9 9
10 2
11 8
12 5
13 3
14 4
15 2
16 7

1 8
2 3
3 6
4 3
5 7
6 7
7 8
8 4
9 0
10 1
11 6
12 2
13 8
14 2
15 6
16 6

1 3
2 0
3 8
4 7
5 9
6 3
7 5
8 7
9 2
10 4
11 5
12 0
13 2
14 5
15 1
16 6

1 0
2 4
3 2
4 2
5 4
6 3
7 5
8 4
9 8
10 8
11 4
12 2
13 7
14 2
15 5
16 9

1 7
2 6
3 8
4 8
5 5
6 7
7 3
8 4
9 9
10 4
11 8
12 9
13 8
14 3
15 0
16 6

1 1
2 5
3 5
4 9
5 7
6 2
7 6
8 2
9 8
10 1
11 4
12 2
13 1
14 2
15 5
16 3

1 7
2 3
3 9
4 0
5 1
6 3
7 0
8 0
9 9
10 2
11 8
12 5
13 3
14 4
15 2
16 7

1 8
2 3
3 6
4 3
5 7
6 7
7 8
8 4
9 0
10 1
11 6
12 2
13 8
14 2
15 6
16 6

1 3
2 0
3 8
4 7
5 9
6 3
7 5
8 7
9 2
10 4
11 5
12 0
13 2
14 5
15 1
16 6

1 0
2 4
3 2
4 2
5 4
6 3
7 5
8 4
9 8
10 8
11 4
12 2
13 7
14 2
15 5
16 9

1 7
2 6
3 8
4 8
5 5
6 7
7 3
8 4
9 9
10 4
11 8
12 9
13 8
14 3
15 0
16 6

1 1
2 5
3 5
4 9
5 7
6 2
7 6
8 2
9 8
10 1
11 4
12 2
13 1
14 2
15 5
16 3

1 7
2 3
3 9
4 0
5 1
6 3
7 0
8 0
9 9
10 2
11 8
12 5
13 3
14 4
15 2
16 7

1 8
2 3
3 6
4 3
5 7
6 7
7 8
8 4
9 0
10 1
11 6
12 2
13 8
14 2
15 6
16 6

1 3
2 0
3 8
4 7
5 9
6 3
7 5
8 7
9 2
10 4
11 5
12 0
13 2
14 5
15 1
16 6

1 0
2 4
3 2
4 2
5 4
6 3
7 5
8 4
9 8
10 8
11 4
12 2
13 7
14 2
15 5
16 9

1 7
2 6
3 8
4 8
5 5
6 7
7 3
8 4
9 9
10 4
11 8
12 9
13 8
14 3
15 0
16 6

1 1
2 5
3 5
4 9
5 7
6 2
7 6
8 2
9 8
10 1
11 4
12 2
13 1
14 2
15 5
16 3

1 7
2 3
3 9
4 0
5 1
6 3
7 0
8 0
9 9
10 2
11 8
12 5
13 3
14 4
15 2
16 7

1 8
2 3
3 6
4 3
5 7
6 7
7 8
8 4
9 0
10 1
11 6
12 2
13 8
14 2
15 6
16 6

1 3
2 0
3 8
4 7
5 9
6 3
7 5
8 7
9 2
10 4
11 5
12 0
13 2
14 5
15 1
16 6

1 0
2 4
3 2
4 2
5 4
6 3
7 5
8 4
9 8
10 8
11 4
12 2
13 7
14 2
15 5
16 9

1 7
2 6
3 8
4 8
5 5
6 7
7 3
8 4
9 9
10 4
11 8
12 9
13 8
14 3
15 0
16 6

1 1
2 5
3 5
4 9
5 7
6 2
7 6
8 2
9 8
10 1
11 4
12 2
13 1
14 2
15 5
16 3

1 7
2 3
3 9
4 0
5 1
6 3
7 0
8 0
9 9
10 2
11 8
12 5
13 3
14 4
15 2
16 7

1 8
2 3
3 6
4 3
5 7
6 7
7 8
8 4
9 0
10 1
11 6
12 2
13 8
14 2
15 6
16 6

1 3
2 0
3 8
4 7
5 9
6 3
7 5
8 7
9 2
10 4
11 5
12 0
13 2
14 5
15 1
16 6

1 0
2 4
3 2
4 2
5 4
6 3
7 5
8 4
9 8
10 8
11 4
12 2
13 7
14 2
15 5
16 9

1 7
2 6
3 8
4 8
5 5
6 7
7 3
8 4
9 9
10 4
11 8
12 9
13 8
14 3
15 0
16 6

1 1
2 5
3 5
4 9
5 7
6 2
7 6
8 2
9 8
10 1
11 4
12 2
13 1
14 2
15 5
16 3

1 7
2 3
3 9
4 0
5 1
6 3
7 0
8 0
9 9
10 2
11 8
12 5
13 3
14 4
15 2
16 7

1 8
2 3
3 6
4 3
5 7
6 7
7 8
8 4
9 0
10 1
11 6
12 2
13 8
14 2
15 6
16 6

1 3
2 0
3 8
4 7
5 9
6 3
7 5
8 7
9 2
10 4
11 5
12 0
13 2
14 5
15 1
16 6

1 0
2 4
3 2
4 2
5 4
6 3
7 5
8 4
9 8
10 8
11 4
12 2
13 7
14 2
15 5
16 9

1 7
2 6
3 8
4 8
5 5
6 7
7 3
8 4
9 9
10 4
11 8
12 9
13 8
14 3
15 0
16 6

1 1
2 5
3 5
4 9
5 7
6 2
7 6
8 2
9 8
10 1
11 4
12 2
13 1
14 2
15 5
16 3

1 7
2 3
3 9
4 0
5 1
6 3
7 0
8 0
9 9
10 2
11 8
12 5
13 3
14 4
15 2
16 7

1 8
2 3
3 6
4 3
5 7
6 7
7 8
8 4
9 0
10 1
11 6
12 2
13 8
14 2
15 6
16 6

1 3
2 0
3 8
4 7
5 9
6 3
7 5
8 7
9 2
10 4
11 5
12 0
13 2
14 5
15 1
16 6

1 0
2 4
3 2
4 2
5 4
6 3
7 5
8 4
9 8
10 8
11 4
12 2
13 7
14 2
15 5
16 9

1 7
2 6
3 8
4 8
5 5
6 7
7 3
8 4
9 9
10 4
11 8
12 9
13 8
14 3
15 0
16 6

1 1
2 5
3 5
4 9
5 7
6 2
7 6
8 2
9 8
10 1
11 4
12 2
13 1
14 2
15 5
16 3

1 7
2 3
3 9
4 0
5 1
6 3
7 0
8 0
9 9
10 2
11 8
12 5
13 3
14 4
15 2
16 7

1 8
2 3
3 6
4 3
5 7
6 7
7 8
8 4
9 0
10 1
11 6
12 2
13 8
14 2
15 6
16 6

1 3
2 0
3 8
4 7
5 9
6 3
7 5
8 7
9 2
10 4
11 5
12 0
13 2
14 5
15 1
16 6

1 0
2 4
3 2
4 2
5 4
6 3
7 5
8 4
9 8
10 8
11 4
12 2
13 7
14 2
15 5
16 9

1 7
2 6
3 8
4 8
5 5
6 7
7 3
8 4
9 9
10 4
11 8
12 9
13 8
14 3
15 0
16 6

1 1
2 5
3 5
4 9
5 7
6 2
7 6
8 2
9 8
10 1
11 4
12 2
13 1
14 2
15 5
16 3

1 7
2 3
3 9
4 0
5 1
6 3
7 0
8 0
9 9
10 2
11 8
12 5
13 3
14 4
15 2
16 7

1 8
2 3
3 6
4 3
5 7
6 7
7 8
8 4
9 0
10 1
11 6
12 2
13 8
14 2
15 6
16 6

1 3
2 0
3 8
4 7
5 9
6 3
7 5
8 7
9 2
10 4
11 5
12 0
13 2
14 5
15 1
16 6

1 0
2 4
3 2
4 2
5 4
6 3
7 5
8 4
9 8
10 8
11 4
12 2
13 7
14 2
15 5
16 9

1 7
2 6
3 8
4 8
5 5
6 7
7 3
8 4
9 9
10 4
11 8
12 9
13 8
14 3
15 0
16 6

1 1
2 5
3 5
4 9
5 7
6 2
7 6
8 2
9 8
10 1
11 4
12 2
13 1
14 2
15 5
16 3

1 7
2 3
3 9
4 0
5 1
6 3
7 0
8 0
9 9
10 2
11 8
12 5
13 3
14 4
15 2
16 7

1 8
2 3
3 6
4 3
5 7
6 7
7 8
8 4
9 0
10 1
11 6
12 2
13 8
14 2
15 6
16 6

1 3
2 0
3 8
4 7
5 9
6 3
7 5
8 7
9 2
10 4
11 5
12 0
13 2
14 5
15 1
16 6

1 0
2 4
3 2
4 2
5 4
6 3
7 5
8 4
9 8
10 8
11 4
12 2
13 7
14 2
15 5
16 9

1 7
2 6
3 8
4 8
5 5
6 7
7 3
8 4
9 9
10 4
11 8
12 9
13 8
14 3
15 0
16 6

1 1
2 5
3 5
4 9
5 7
6 2
7 6
8 2
9 8
10 1
11 4
12 2
13 1
14 2
15 5
16 3

1 7
2 3
3 9
4 0
5 1
6 3
7 0
8 0
9 9
10 2
11 8
12 5
13 3
14 4
15 2
16 7

1 8
2 3
3 6
4 3
5 7
6 7
7 8
8 4
9 0
10 1
11 6
12 2
13 8
14 2
15 6
16 6

1 3
2 0
3 8
4 7
5 9
6 3
7 5
8 7
9 2
10 4
11 5
12 0
13 2
14 5
15 1
16 6

1 0
2 4
3 2
4 2
5 4
6 3
7 5
8 4
9 8
10 8
11 4
12 2
13 7
14 2
15 5
16 9

1 7
2 6
3 8
4 8
5 5
6 7
7 3
8 4
9 9
10 4
11 8
12 9
13 8
14 3
15 0
16 6

1 1
2 5
3 5
4 9
5 7
6 2
7 6
8 2
9 8
10 1
11 4
12 2
13 1
14 2
15 5
16 3

1 7
2 3
3 9
4 0
5 1
6 3
7 0
8 0
9 9
10 2
11 8
12 5
13 3
14 4
15 2
16 7

1 8
2 3
3 6
4 3
5 7
6 7
7 8
8 4
9 0
10 1
11 6
12 2
13 8
14 2
15 6
16 6

1 3
2 0
3 8
4 7
5 9
6 3
7 5
8 7
9 2
10 4
11 5
12 0
13 2
14 5
15 1
16 6

1 0
2 4
3 2
4 2
5 4
6 3
7 5
8 4
9 8
10 8
11 4
12 2
13 7
14 2
15 5
16 9

1 7
2 6
3 8
4 8
5 5
6 7
7 3
8 4
9 9
10 4
11 8
12 9
13 8
14 3
15 0
16 6

1 1
2 5
3 5
4 9
5 7
6 2
7 6
8 2
9 8
10 1
11 4
12 2
13 1
14 2
15 5
16 3

1 7
2 3
3 9
4 0
5 1
6 3
7 0
8 0
9 9
10 2
11 8
12 5
13 3
14 4
15 2
16 7

1 8
2 3
3 6
4 3
5 7
6 7
7 8
8 4
9 0
10 1
11 6
12 2
13 8
14 2
15 6
16 6

1 3
2 0
3 8
4 7
5 9
6 3
7 5
8 7
9 2
10 4
11 5
12 0
13 2
14 5
15 1
16 6

1 0
2 4
3 2
4 2
5 4
6 3
7 5
8 4
9 8
10 8
11 4
12 2
13 7
14 2
15 5
16 9

1 7
2 6
3 8
4 8
5 5
6 7
7 3
8 4
9 9
10 4
11 8
12 9
13 8
14 3
15 0
16 6

1 1
2 5
3 5
4 9
5 7
6 2
7 6
8 2
9 8
10 1
11 4
12 2
13 1
14 2
15 5
16 3

1 7
2 3
3 9
4 0
5 1
6 3
7 0
8 0
9 9
10 2
11 8
12 5
13 3
14 4
15 2
16 7

1 8
2 3
3 6
4 3
5 7
6 7
7 8
8 4
9 0
10 1
11 6
12 2
13 8
14 2
15 6
16 6

1 3
2 0
3 8
4 7
5 9
6 3
7 5
8 7
9 2
10 4
11 5
12 0
13 2
14 5
15 1
16 6

1 0
2 4
3 2
4 2
5 4
6 3
7 5
8 4
9 8
10 8
11 4
12 2
13 7
14 2
15 5
16 9

1 7
2 6
3 8
4 8
5 5
6 7
7 3
8 4
9 9
10 4
11 8
12 9
13 8
14 3
15 0
16 6

1 1
2 5
3 5
4 9
5 7
6 2
7 6
8 2
9 8
10 1
11 4
12 2
13 1
14 2
15 5
16 3

1 7
2 3
3 9
4 0
5 1
6 3
7 0
8 0
9 9
10 2
11 8
12 5
13 3
14 4
15 2
16 7

1 8
2 3
3 6
4 3
5 7
6 7
7 8
8 4
9 0
10 1
11 6
12 2
13 8
14 2
15 6
16 6

1 3
2 0
3 8
4 7
5 9
6 3
7 5
8 7
9 2
10 4
11 5
12 0
13 2
14 5
15 1
16 6

1 0
2 4
3 2
4 2
5 4
6 3
7 5
8 4
9 8
10 8
11 4
12 2
13 7
14 2
15 5
16 9

1 7
2 6
3 8
4 8
5 5
6 7
7 3
8 4
9 9
10 4
11 8
12 9
13 8
14 3
15 0
16 6

1 1
2 5
3 5
4 9
5 7
6 2
7 6
8 2
9 8
10 1
11 4
12 2
13 1
14 2
15 5
16 3

1 7
2 3
3 9
4 0
5 1
6 3
7 0
8 0
9 9
10 2
11 8
12 5
13 3
14 4
15 2
16 7

1 8
2 3
3 6
4 3
5 7
6 7
7 8
8 4
9 0
10 1
11 6
12 2
13 8
14 2
15 6
16 6

1 3
2 0
3 8
4 7
5 9
6 3
7 5
8 7
9 2
10 4
11 5
12 0
13 2
14 5
15 1
16 6

1 0
2 4
3 2
4 2
5 4
6 3
7 5
8 4
9 8
10 8
11 4
12 2
13 7
14 2
15 5
16 9

1 7
2 6
3 8
4 8
5 5
6 7
7 3
8 4
9 9
10 4
11 8
12 9
13 8
14 3
15 0
16 6

1 1
2 5
3 5
4 9
5 7
6 2
7 6
8 2
9 8
10 1
11 4
12 2
13 1
14 2
15 5
16 3

1 7
2 3
3 9
4 0
5 1
6 3
7 0
8 0
9 9
10 2
11 8
12 5
13 3
14 4
15 2
16 7

1 8
2 3
3 6
4 3
5 7
6 7
7 8
8 4
9 0
10 1
11 6
12 2
13 8
14 2
15 6
16 6

1 3
2 0
3 8
4 7
5 9
6 3
7 5
8 7
9 2
10 4
11 5
12 0
13 2
14 5
15 1
16 6

1 0
2 4
3 2
4 2
5 4
6 3
7 5
8 4
9 8
10 8
11 4
12 2
13 7
14 2
15 5
16 9

1 7
2 6
3 8
4 8
5 5
6 7
7 3
8 4
9 9
10 4
11 8
12 9
13 8
14 3
15 0
16 6