1 0
2 0
3 0
4 0
5 0
6 0
7 0
8 0
9 0
10 0
11 0
12 0
13 0
14 0
15 0
16 0

1 2
2 7
3 0
4 6
5 0
6 9
7 7
8 7
9 0
10 8
11 3
12 6
13 9
14 6
15 6
16 0

1 4
2 9
3 1
4 0
5 7
6 7
7 5
8 4
9 8
10 1
11 7
12 0
13 5
14 1
15 0
16 7

1 5
2 8
3 7
4 8
5 5
6 4
7 0
8 5
9 4
10 9
11 1
12 9
13 5
14 1
15 8
16 7

1 0
2 9
3 5
4 2
5 6
6 6
7 5
8 2
9 7
10 1
11 5
12 0
13 1
14 2
15 8
16 8

1 7
2 7
3 2
4 6
5 2
6 8
7 9
8 5
9 2
10 9
11 4
12 8
13 8
14 0
15 2
16 7

1 8
2 8
3 3
4 6
5 2
6 4
7 8
8 4
9 3
10 6
11 1
12 0
13 4
14 1
15 9
16 1

1 2
2 7
3 0
4 6
5 0
6 9
7 7
8 7
9 0
10 8
11 3
12 6
13 9
14 6
15 6
16 0

1 4
2 9
3 1
4 0
5 7
6 7
7 5
8 4
9 8
10 1
11 7
12 0
13 5
14 1
15 0
16 7

1 5
2 8
3 7
4 8
5 5
6 4
7 0
8 5
9 4
10 9
11 1
12 9
13 5
14 1
15 8
16 7

1 0
2 9
3 5
4 2
5 6
6 6
7 5
8 2
9 7
10 1
11 5
12 0
13 1
14 2
15 8
16 8

1 7
2 7
3 2
4 6
5 2
6 8
7 9
8 5
9 2
10 9
11 4
12 8
13 8
14 0
15 2
16 7

1 8
2 8
3 3
4 6
5 2
6 4
7 8
8 4
9 3
10 6
11 1
12 0
13 4
14 1
15 9
16 1

1 2
2 7
3 0
4 6
5 0
6 9
7 7
8 7
9 0
10 8
11 3
12 6
13 9
14 6
15 6
16 0

1 4
2 9
3 1
4 0
5 7
6 7
7 5
8 4
9 8
10 1
11 7
12 0
13 5
14 1
15 0
16 7

1 5
2 8
3 7
4 8
5 5
6 4
7 0
8 5
9 4
10 9
11 1
12 9
13 5
14 1
15 8
16 7

1 0
2 9
3 5
4 2
5 6
6 6
7 5
8 2
9 7
10 1
11 5
12 0
13 1
14 2
15 8
16 8

1 7
2 7
3 2
4 6
5 2
6 8
7 9
8 5
9 2
10 9
11 4
12 8
13 8
14 0
15 2
16 7

1 8
2 8
3 3
4 6
5 2
6 4
7 8
8 4
9 3
10 6
11 1
12 0
13 4
14 1
15 9
16 1

1 2
2 7
3 0
4 6
5 0
6 9
7 7
8 7
9 0
10 8
11 3
12 6
13 9
14 6
15 6
16 0

1 4
2 9
3 1
4 0
5 7
6 7
7 5
8 4
9 8
10 1
11 7
12 0
13 5
14 1
15 0
16 7

1 5
2 8
3 7
4 8
5 5
6 4
7 0
8 5
9 4
10 9
11 1
12 9
13 5
14 1
15 8
16 7

1 0
2 9
3 5
4 2
5 6
6 6
7 5
8 2
9 7
10 1
11 5
12 0
13 1
14 2
15 8
16 8

1 7
2 7
3 2
4 6
5 2
6 8
7 9
8 5
9 2
10 9
11 4
12 8
13 8
14 0
15 2
16 7

1 8
2 8
3 3
4 6
5 2
6 4
7 8
8 4
9 3
10 6
11 1
12 0
13 4
14 1
15 9
16 1

1 2
2 7
3 0
4 6
5 0
6 9
7 7
8 7
9 0
10 8
11 3
12 6
13 9
14 6
15 6
16 0

1 4
2 9
3 1
4 0
5 7
6 7
7 5
8 4
9 8
10 1
11 7
12 0
13 5
14 1
15 0
16 7

1 5
2 8
3 7
4 8
5 5
6 4
7 0
8 5
9 4
10 9
11 1
12 9
13 5
14 1
15 8
16 7

1 0
2 9
3 5
4 2
5 6
6 6
7 5
8 2
9 7
10 1
11 5
12 0
13 1
14 2
15 8
16 8

1 7
2 7
3 2
4 6
5 2
6 8
7 9
8 5
9 2
10 9
11 4
12 8
13 8
14 0
15 2
16 7

1 8
2 8
3 3
4 6
5 2
6 4
7 8
8 4
9 3
10 6
11 1
12 0
13 4
14 1
15 9
16 1

1 2
2 7
3 0
4 6
5 0
6 9
7 7
8 7
9 0
10 8
11 3
12 6
13 9
14 6
15 6
16 0

1 4
2 9
3 1
4 0
5 7
6 7
7 5
8 4
9 8
10 1
11 7
12 0
13 5
14 1
15 0
16 7

1 5
2 8
3 7
4 8
5 5
6 4
7 0
8 5
9 4
10 9
11 1
12 9
13 5
14 1
15 8
16 7

1 0
2 9
3 5
4 2
5 6
6 6
7 5
8 2
9 7
10 1
11 5
12 0
13 1
14 2
15 8
16 8

1 7
2 7
3 2
4 6
5 2
6 8
7 9
8 5
9 2
10 9
11 4
12 8
13 8
14 0
15 2
16 7

1 8
2 8
3 3
4 6
5 2
6 4
7 8
8 4
9 3
10 6
11 1
12 0
13 4
14 1
15 9
16 1

1 2
2 7
3 0
4 6
5 0
6 9
7 7
8 7
9 0
10 8
11 3
12 6
13 9
14 6
15 6
16 0

1 4
2 9
3 1
4 0
5 7
6 7
7 5
8 4
9 8
10 1
11 7
12 0
13 5
14 1
15 0
16 7

1 5
2 8
3 7
4 8
5 5
6 4
7 0
8 5
9 4
10 9
11 1
12 9
13 5
14 1
15 8
16 7

1 0
2 9
3 5
4 2
5 6
6 6
7 5
8 2
9 7
10 1
11 5
12 0
13 1
14 2
15 8
16 8

1 7
2 7
3 2
4 6
5 2
6 8
7 9
8 5
9 2
10 9
11 4
12 8
13 8
14 0
15 2
16 7

1 8
2 8
3 3
4 6
5 2
6 4
7 8
8 4
9 3
10 6
11 1
12 0
13 4
14 1
15 9
16 1

1 2
2 7
3 0
4 6
5 0
6 9
7 7
8 7
9 0
10 8
11 3
12 6
13 9
14 6
15 6
16 0

1 4
2 9
3 1
4 0
5 7
6 7
7 5
8 4
9 8
10 1
11 7
12 0
13 5
14 1
15 0
16 7

1 5
2 8
3 7
4 8
5 5
6 4
7 0
8 5
9 4
10 9
11 1
12 9
13 5
14 1
15 8
16 7

1 0
2 9
3 5
4 2
5 6
6 6
7 5
8 2
9 7
10 1
11 5
12 0
13 1
14 2
15 8
16 8

1 7
2 7
3 2
4 6
5 2
6 8
7 9
8 5
9 2
10 9
11 4
12 8
13 8
14 0
15 2
16 7

1 8
2 8
3 3
4 6
5 2
6 4
7 8
8 4
9 3
10 6
11 1
12 0
13 4
14 1
15 9
16 1

1 2
2 7
3 0
4 6
5 0
6 9
7 7
8 7
9 0
10 8
11 3
12 6
13 9
14 6
15 6
16 0

1 4
2 9
3 1
4 0
5 7
6 7
7 5
8 4
9 8
10 1
11 7
12 0
13 5
14 1
15 0
16 7

1 5
2 8
3 7
4 8
5 5
6 4
7 0
8 5
9 4
10 9
11 1
12 9
13 5
14 1
15 8
16 7

1 0
2 9
3 5
4 2
5 6
6 6
7 5
8 2
9 7
10 1
11 5
12 0
13 1
14 2
15 8
16 8

1 7
2 7
3 2
4 6
5 2
6 8
7 9
8 5
9 2
10 9
11 4
12 8
13 8
14 0
15 2
16 7

1 8
2 8
3 3
4 6
5 2
6 4
7 8
8 4
9 3
10 6
11 1
12 0
13 4
14 1
15 9
16 1

1 2
2 7
3 0
4 6
5 0
6 9
7 7
8 7
9 0
10 8
11 3
12 6
13 9
14 6
15 6
16 0

1 4
2 9
3 1
4 0
5 7
6 7
7 5
8 4
9 8
10 1
11 7
12 0
13 5
14 1
15 0
16 7

1 5
2 8
3 7
4 8
5 5
6 4
7 0
8 5
9 4
10 9
11 1
12 9
13 5
14 1
15 8
16 7

1 0
2 9
3 5
4 2
5 6
6 6
7 5
8 2
9 7
10 1
11 5
12 0
13 1
14 2
15 8
16 8

1 7
2 7
3 2
4 6
5 2
6 8
7 9
8 5
9 2
10 9
11 4
12 8
13 8
14 0
15 2
16 7

1 8
2 8
3 3
4 6
5 2
6 4
7 8
8 4
9 3
10 6
11 1
12 0
13 4
14 1
15 9
16 1

1 2
2 7
3 0
4 6
5 0
6 9
7 7
8 7
9 0
10 8
11 3
12 6
13 9
14 6
15 6
16 0

1 4
2 9
3 1
4 0
5 7
6 7
7 5
8 4
9 8
10 1
11 7
12 0
13 5
14 1
15 0
16 7

1 5
2 8
3 7
4 8
5 5
6 4
7 0
8 5
9 4
10 9
11 1
12 9
13 5
14 1
15 8
16 7

1 0
2 9
3 5
4 2
5 6
6 6
7 5
8 2
9 7
10 1
11 5
12 0
13 1
14 2
15 8
16 8

1 7
2 7
3 2
4 6
5 2
6 8
7 9
8 5
9 2
10 9
11 4
12 8
13 8
14 0
15 2
16 7

1 8
2 8
3 3
4 6
5 2
6 4
7 8
8 4
9 3
10 6
11 1
12 0
13 4
14 1
15 9
16 1

1 2
2 7
3 0
4 6
5 0
6 9
7 7
8 7
9 0
10 8
11 3
12 6
13 9
14 6
15 6
16 0

1 4
2 9
3 1
4 0
5 7
6 7
7 5
8 4
9 8
10 1
11 7
12 0
13 5
14 1
15 0
16 7

1 5
2 8
3 7
4 8
5 5
6 4
7 0
8 5
9 4
10 9
11 1
12 9
13 5
14 1
15 8
16 7

1 0
2 9
3 5
4 2
5 6
6 6
7 5
8 2
9 7
10 1
11 5
12 0
13 1
14 2
15 8
16 8

1 7
2 7
3 2
4 6
5 2
6 8
7 9
8 5
9 2
10 9
11 4
12 8
13 8
14 0
15 2
16 7

1 8
2 8
3 3
4 6
5 2
6 4
7 8
8 4
9 3
10 6
11 1
12 0
13 4
14 1
15 9
16 1

1 2
2 7
3 0
4 6
5 0
6 9
7 7
8 7
9 0
10 8
11 3
12 6
13 9
14 6
15 6
16 0

1 4
2 9
3 1
4 0
5 7
6 7
7 5
8 4
9 8
10 1
11 7
12 0
13 5
14 1
15 0
16 7

1 5
2 8
3 7
4 8
5 5
6 4
7 0
8 5
9 4
10 9
11 1
12 9
13 5
14 1
15 8
16 7

1 0
2 9
3 5
4 2
5 6
6 6
7 5
8 2
9 7
10 1
11 5
12 0
13 1
14 2
15 8
16 8

1 7
2 7
3 2
4 6
5 2
6 8
7 9
8 5
9 2
10 9
11 4
12 8
13 8
14 0
15 2
16 7

1 8
2 8
3 3
4 6
5 2
6 4
7 8
8 4
9 3
10 6
11 1
12 0
13 4
14 1
15 9
16 1

1 2
2 7
3 0
4 6
5 0
6 9
7 7
8 7
9 0
10 8
11 3
12 6
13 9
14 6
15 6
16 0

1 4
2 9
3 1
4 0
5 7
6 7
7 5
8 4
9 8
10 1
11 7
12 0
13 5
14 1
15 0
16 7

1 5
2 8
3 7
4 8
5 5
6 4
7 0
8 5
9 4
10 9
11 1
12 9
13 5
14 1
15 8
16 7

1 0
2 9
3 5
4 2
5 6
6 6
7 5
8 2
9 7
10 1
11 5
12 0
13 1
14 2
15 8
16 8

1 7
2 7
3 2
4 6
5 2
6 8
7 9
8 5
9 2
10 9
11 4
12 8
13 8
14 0
15 2
16 7

1 8
2 8
3 3
4 6
5 2
6 4
7 8
8 4
9 3
10 6
11 1
12 0
13 4
14 1
15 9
16 1

1 2
2 7
3 0
4 6
5 0
6 9
7 7
8 7
9 0
10 8
11 3
12 6
13 9
14 6
15 6
16 0

1 4
2 9
3 1
4 0
5 7
6 7
7 5
8 4
9 8
10 1
11 7
12 0
13 5
14 1
15 0
16 7

1 5
2 8
3 7
4 8
5 5
6 4
7 0
8 5
9 4
10 9
11 1
12 9
13 5
14 1
15 8
16 7

1 0
2 9
3 5
4 2
5 6
6 6
7 5
8 2
9 7
10 1
11 5
12 0
13 1
14 2
15 8
16 8

1 7
2 7
3 2
4 6
5 2
6 8
7 9
8 5
9 2
10 9
11 4
12 8
13 8
14 0
15 2
16 7

1 8
2 8
3 3
4 6
5 2
6 4
7 8
8 4
9 3
10 6
11 1
12 0
13 4
14 1
15 9
16 1