1 0
2 0
3 0
4 0

1 6
2 2
3 0
4 4

1 4
2 7
3 1
4 8

1 3
2 6
3 3
4 2

1 9
2 1
3 6
4 6

1 1
2 6
3 7
4 9

1 7
2 1
3 7
4 3

1 6
2 2
3 0
4 4

1 4
2 7
3 1
4 8

1 3
2 6
3 3
4 2

1 9
2 1
3 6
4 6

1 1
2 6
3 7
4 9

1 7
2 1
3 7
4 3

1 6
2 2
3 0
4 4

1 4
2 7
3 1
4 8

1 3
2 6
3 3
4 2

1 9
2 1
3 6
4 6

1 1
2 6
3 7
4 9

1 7
2 1
3 7
4 3

1 6
2 2
3 0
4 4

1 4
2 7
3 1
4 8

1 3
2 6
3 3
4 2

1 9
2 1
3 6
4 6

1 1
2 6
3 7
4 9

1 7
2 1
3 7
4 3

1 6
2 2
3 0
4 4

1 4
2 7
3 1
4 8

1 3
2 6
3 3
4 2

1 9
2 1
3 6
4 6

1 1
2 6
3 7
4 9

1 7
2 1
3 7
4 3

1 6
2 2
3 0
4 4

1 4
2 7
3 1
4 8

1 3
2 6
3 3
4 2

1 9
2 1
3 6
4 6

1 1
2 6
3 7
4 9

1 7
2 1
3 7
4 3

1 6
2 2
3 0
4 4

1 4
2 7
3 1
4 8

1 3
2 6
3 3
4 2

1 9
2 1
3 6
4 6

1 1
2 6
3 7
4 9

1 7
2 1
3 7
4 3

1 6
2 2
3 0
4 4

1 4
2 7
3 1
4 8

1 3
2 6
3 3
4 2

1 9
2 1
3 6
4 6

1 1
2 6
3 7
4 9

1 7
2 1
3 7
4 3

1 6
2 2
3 0
4 4

1 4
2 7
3 1
4 8

1 3
2 6
3 3
4 2

1 9
2 1
3 6
4 6

1 1
2 6
3 7
4 9

1 7
2 1
3 7
4 3

1 6
2 2
3 0
4 4

1 4
2 7
3 1
4 8

1 3
2 6
3 3
4 2

1 9
2 1
3 6
4 6

1 1
2 6
3 7
4 9

1 7
2 1
3 7
4 3

1 6
2 2
3 0
4 4

1 4
2 7
3 1
4 8

1 3
2 6
3 3
4 2

1 9
2 1
3 6
4 6

1 1
2 6
3 7
4 9

1 7
2 1
3 7
4 3

1 6
2 2
3 0
4 4

1 4
2 7
3 1
4 8

1 3
2 6
3 3
4 2

1 9
2 1
3 6
4 6

1 1
2 6
3 7
4 9

1 7
2 1
3 7
4 3

1 6
2 2
3 0
4 4

1 4
2 7
3 1
4 8

1 3
2 6
3 3
4 2

1 9
2 1
3 6
4 6

1 1
2 6
3 7
4 9

1 7
2 1
3 7
4 3

1 6
2 2
3 0
4 4

1 4
2 7
3 1
4 8

1 3
2 6
3 3
4 2

1 9
2 1
3 6
4 6

1 1
2 6
3 7
4 9

1 7
2 1
3 7
4 3

1 6
2 2
3 0
4 4

1 4
2 7
3 1
4 8

1 3
2 6
3 3
4 2

1 9
2 1
3 6
4 6

1 1
2 6
3 7
4 9

1 7
2 1
3 7
4 3