1 0
2 0
3 0
4 0
5 0
6 0
7 0
8 0

1 8
2 9
3 0
4 8
5 8
6 8
7 5
8 1

1 2
2 7
3 9
4 7
5 7
6 2
7 1
8 6

1 6
2 7
3 0
4 1
5 0
6 9
7 2
8 3

1 2
2 5
3 7
4 3
5 9
6 0
7 6
8 5

1 7
2 3
3 9
4 7
5 6
6 0
7 5
8 5

1 7
2 4
3 9
4 2
5 7
6 1
7 1
8 1

1 8
2 9
3 0
4 8
5 8
6 8
7 5
8 1

1 2
2 7
3 9
4 7
5 7
6 2
7 1
8 6

1 6
2 7
3 0
4 1
5 0
6 9
7 2
8 3

1 2
2 5
3 7
4 3
5 9
6 0
7 6
8 5

1 7
2 3
3 9
4 7
5 6
6 0
7 5
8 5

1 7
2 4
3 9
4 2
5 7
6 1
7 1
8 1

1 8
2 9
3 0
4 8
5 8
6 8
7 5
8 1

1 2
2 7
3 9
4 7
5 7
6 2
7 1
8 6

1 6
2 7
3 0
4 1
5 0
6 9
7 2
8 3

1 2
2 5
3 7
4 3
5 9
6 0
7 6
8 5

1 7
2 3
3 9
4 7
5 6
6 0
7 5
8 5

1 7
2 4
3 9
4 2
5 7
6 1
7 1
8 1

1 8
2 9
3 0
4 8
5 8
6 8
7 5
8 1

1 2
2 7
3 9
4 7
5 7
6 2
7 1
8 6

1 6
2 7
3 0
4 1
5 0
6 9
7 2
8 3

1 2
2 5
3 7
4 3
5 9
6 0
7 6
8 5

1 7
2 3
3 9
4 7
5 6
6 0
7 5
8 5

1 7
2 4
3 9
4 2
5 7
6 1
7 1
8 1

1 8
2 9
3 0
4 8
5 8
6 8
7 5
8 1

1 2
2 7
3 9
4 7
5 7
6 2
7 1
8 6

1 6
2 7
3 0
4 1
5 0
6 9
7 2
8 3

1 2
2 5
3 7
4 3
5 9
6 0
7 6
8 5

1 7
2 3
3 9
4 7
5 6
6 0
7 5
8 5

1 7
2 4
3 9
4 2
5 7
6 1
7 1
8 1

1 8
2 9
3 0
4 8
5 8
6 8
7 5
8 1

1 2
2 7
3 9
4 7
5 7
6 2
7 1
8 6

1 6
2 7
3 0
4 1
5 0
6 9
7 2
8 3

1 2
2 5
3 7
4 3
5 9
6 0
7 6
8 5

1 7
2 3
3 9
4 7
5 6
6 0
7 5
8 5

1 7
2 4
3 9
4 2
5 7
6 1
7 1
8 1

1 8
2 9
3 0
4 8
5 8
6 8
7 5
8 1

1 2
2 7
3 9
4 7
5 7
6 2
7 1
8 6

1 6
2 7
3 0
4 1
5 0
6 9
7 2
8 3

1 2
2 5
3 7
4 3
5 9
6 0
7 6
8 5

1 7
2 3
3 9
4 7
5 6
6 0
7 5
8 5

1 7
2 4
3 9
4 2
5 7
6 1
7 1
8 1

1 8
2 9
3 0
4 8
5 8
6 8
7 5
8 1

1 2
2 7
3 9
4 7
5 7
6 2
7 1
8 6

1 6
2 7
3 0
4 1
5 0
6 9
7 2
8 3

1 2
2 5
3 7
4 3
5 9
6 0
7 6
8 5

1 7
2 3
3 9
4 7
5 6
6 0
7 5
8 5

1 7
2 4
3 9
4 2
5 7
6 1
7 1
8 1

1 8
2 9
3 0
4 8
5 8
6 8
7 5
8 1

1 2
2 7
3 9
4 7
5 7
6 2
7 1
8 6

1 6
2 7
3 0
4 1
5 0
6 9
7 2
8 3

1 2
2 5
3 7
4 3
5 9
6 0
7 6
8 5

1 7
2 3
3 9
4 7
5 6
6 0
7 5
8 5

1 7
2 4
3 9
4 2
5 7
6 1
7 1
8 1

1 8
2 9
3 0
4 8
5 8
6 8
7 5
8 1

1 2
2 7
3 9
4 7
5 7
6 2
7 1
8 6

1 6
2 7
3 0
4 1
5 0
6 9
7 2
8 3

1 2
2 5
3 7
4 3
5 9
6 0
7 6
8 5

1 7
2 3
3 9
4 7
5 6
6 0
7 5
8 5

1 7
2 4
3 9
4 2
5 7
6 1
7 1
8 1