1 0
2 0
3 0
4 0
5 0
6 0
7 0
8 0

1 8
2 3
3 8
4 1
5 2
6 1
7 5
8 8

1 9
2 5
3 9
4 1
5 9
6 7
7 6
8 4

1 3
2 7
3 2
4 5
5 7
6 5
7 0
8 8

1 4
2 4
3 7
4 8
5 5
6 0
7 4
8 0

1 8
2 3
3 8
4 1
5 2
6 1
7 5
8 8

1 9
2 5
3 9
4 1
5 9
6 7
7 6
8 4

1 3
2 7
3 2
4 5
5 7
6 5
7 0
8 8

1 4
2 4
3 7
4 8
5 5
6 0
7 4
8 0

1 8
2 3
3 8
4 1
5 2
6 1
7 5
8 8

1 9
2 5
3 9
4 1
5 9
6 7
7 6
8 4

1 3
2 7
3 2
4 5
5 7
6 5
7 0
8 8

1 4
2 4
3 7
4 8
5 5
6 0
7 4
8 0

1 8
2 3
3 8
4 1
5 2
6 1
7 5
8 8

1 9
2 5
3 9
4 1
5 9
6 7
7 6
8 4

1 3
2 7
3 2
4 5
5 7
6 5
7 0
8 8

1 4
2 4
3 7
4 8
5 5
6 0
7 4
8 0

1 8
2 3
3 8
4 1
5 2
6 1
7 5
8 8

1 9
2 5
3 9
4 1
5 9
6 7
7 6
8 4

1 3
2 7
3 2
4 5
5 7
6 5
7 0
8 8

1 4
2 4
3 7
4 8
5 5
6 0
7 4
8 0

1 8
2 3
3 8
4 1
5 2
6 1
7 5
8 8

1 9
2 5
3 9
4 1
5 9
6 7
7 6
8 4

1 3
2 7
3 2
4 5
5 7
6 5
7 0
8 8

1 4
2 4
3 7
4 8
5 5
6 0
7 4
8 0

1 8
2 3
3 8
4 1
5 2
6 1
7 5
8 8

1 9
2 5
3 9
4 1
5 9
6 7
7 6
8 4

1 3
2 7
3 2
4 5
5 7
6 5
7 0
8 8

1 4
2 4
3 7
4 8
5 5
6 0
7 4
8 0

1 8
2 3
3 8
4 1
5 2
6 1
7 5
8 8

1 9
2 5
3 9
4 1
5 9
6 7
7 6
8 4

1 3
2 7
3 2
4 5
5 7
6 5
7 0
8 8

1 4
2 4
3 7
4 8
5 5
6 0
7 4
8 0

1 8
2 3
3 8
4 1
5 2
6 1
7 5
8 8

1 9
2 5
3 9
4 1
5 9
6 7
7 6
8 4

1 3
2 7
3 2
4 5
5 7
6 5
7 0
8 8

1 4
2 4
3 7
4 8
5 5
6 0
7 4
8 0

1 8
2 3
3 8
4 1
5 2
6 1
7 5
8 8

1 9
2 5
3 9
4 1
5 9
6 7
7 6
8 4

1 3
2 7
3 2
4 5
5 7
6 5
7 0
8 8

1 4
2 4
3 7
4 8
5 5
6 0
7 4
8 0

1 8
2 3
3 8
4 1
5 2
6 1
7 5
8 8

1 9
2 5
3 9
4 1
5 9
6 7
7 6
8 4

1 3
2 7
3 2
4 5
5 7
6 5
7 0
8 8

1 4
2 4
3 7
4 8
5 5
6 0
7 4
8 0

1 8
2 3
3 8
4 1
5 2
6 1
7 5
8 8

1 9
2 5
3 9
4 1
5 9
6 7
7 6
8 4

1 3
2 7
3 2
4 5
5 7
6 5
7 0
8 8

1 4
2 4
3 7
4 8
5 5
6 0
7 4
8 0

1 8
2 3
3 8
4 1
5 2
6 1
7 5
8 8

1 9
2 5
3 9
4 1
5 9
6 7
7 6
8 4

1 3
2 7
3 2
4 5
5 7
6 5
7 0
8 8

1 4
2 4
3 7
4 8
5 5
6 0
7 4
8 0

1 8
2 3
3 8
4 1
5 2
6 1
7 5
8 8

1 9
2 5
3 9
4 1
5 9
6 7
7 6
8 4

1 3
2 7
3 2
4 5
5 7
6 5
7 0
8 8

1 4
2 4
3 7
4 8
5 5
6 0
7 4
8 0

1 8
2 3
3 8
4 1
5 2
6 1
7 5
8 8

1 9
2 5
3 9
4 1
5 9
6 7
7 6
8 4

1 3
2 7
3 2
4 5
5 7
6 5
7 0
8 8

1 4
2 4
3 7
4 8
5 5
6 0
7 4
8 0

1 8
2 3
3 8
4 1
5 2
6 1
7 5
8 8

1 9
2 5
3 9
4 1
5 9
6 7
7 6
8 4

1 3
2 7
3 2
4 5
5 7
6 5
7 0
8 8

1 4
2 4
3 7
4 8
5 5
6 0
7 4
8 0

1 8
2 3
3 8
4 1
5 2
6 1
7 5
8 8

1 9
2 5
3 9
4 1
5 9
6 7
7 6
8 4

1 3
2 7
3 2
4 5
5 7
6 5
7 0
8 8

1 4
2 4
3 7
4 8
5 5
6 0
7 4
8 0

1 8
2 3
3 8
4 1
5 2
6 1
7 5
8 8

1 9
2 5
3 9
4 1
5 9
6 7
7 6
8 4

1 3
2 7
3 2
4 5
5 7
6 5
7 0
8 8

1 4
2 4
3 7
4 8
5 5
6 0
7 4
8 0

1 8
2 3
3 8
4 1
5 2
6 1
7 5
8 8

1 9
2 5
3 9
4 1
5 9
6 7
7 6
8 4

1 3
2 7
3 2
4 5
5 7
6 5
7 0
8 8

1 4
2 4
3 7
4 8
5 5
6 0
7 4
8 0

1 8
2 3
3 8
4 1
5 2
6 1
7 5
8 8

1 9
2 5
3 9
4 1
5 9
6 7
7 6
8 4

1 3
2 7
3 2
4 5
5 7
6 5
7 0
8 8

1 4
2 4
3 7
4 8
5 5
6 0
7 4
8 0