1 0
2 0
3 0
4 0
5 0
6 0
7 0
8 0
9 0
10 0
11 0
12 0
13 0
14 0
15 0
16 0

1 2
2 4
3 9
4 5
5 5
6 8
7 4
8 1
9 8
10 0
11 1
12 0
13 5
14 8
15 1
16 6

1 7
2 8
3 1
4 3
5 6
6 0
7 4
8 5
9 1
10 2
11 2
12 6
13 2
14 4
15 5
16 7

1 9
2 0
3 7
4 6
5 7
6 6
7 4
8 6
9 1
10 6
11 2
12 5
13 0
14 1
15 2
16 0

1 4
2 0
3 1
4 0
5 3
6 8
7 3
8 0
9 0
10 1
11 4
12 2
13 8
14 3
15 1
16 3

1 2
2 4
3 9
4 5
5 5
6 8
7 4
8 1
9 8
10 0
11 1
12 0
13 5
14 8
15 1
16 6

1 7
2 8
3 1
4 3
5 6
6 0
7 4
8 5
9 1
10 2
11 2
12 6
13 2
14 4
15 5
16 7

1 9
2 0
3 7
4 6
5 7
6 6
7 4
8 6
9 1
10 6
11 2
12 5
13 0
14 1
15 2
16 0

1 4
2 0
3 1
4 0
5 3
6 8
7 3
8 0
9 0
10 1
11 4
12 2
13 8
14 3
15 1
16 3

1 2
2 4
3 9
4 5
5 5
6 8
7 4
8 1
9 8
10 0
11 1
12 0
13 5
14 8
15 1
16 6

1 7
2 8
3 1
4 3
5 6
6 0
7 4
8 5
9 1
10 2
11 2
12 6
13 2
14 4
15 5
16 7

1 9
2 0
3 7
4 6
5 7
6 6
7 4
8 6
9 1
10 6
11 2
12 5
13 0
14 1
15 2
16 0

1 4
2 0
3 1
4 0
5 3
6 8
7 3
8 0
9 0
10 1
11 4
12 2
13 8
14 3
15 1
16 3

1 2
2 4
3 9
4 5
5 5
6 8
7 4
8 1
9 8
10 0
11 1
12 0
13 5
14 8
15 1
16 6

1 7
2 8
3 1
4 3
5 6
6 0
7 4
8 5
9 1
10 2
11 2
12 6
13 2
14 4
15 5
16 7

1 9
2 0
3 7
4 6
5 7
6 6
7 4
8 6
9 1
10 6
11 2
12 5
13 0
14 1
15 2
16 0

1 4
2 0
3 1
4 0
5 3
6 8
7 3
8 0
9 0
10 1
11 4
12 2
13 8
14 3
15 1
16 3

1 2
2 4
3 9
4 5
5 5
6 8
7 4
8 1
9 8
10 0
11 1
12 0
13 5
14 8
15 1
16 6

1 7
2 8
3 1
4 3
5 6
6 0
7 4
8 5
9 1
10 2
11 2
12 6
13 2
14 4
15 5
16 7

1 9
2 0
3 7
4 6
5 7
6 6
7 4
8 6
9 1
10 6
11 2
12 5
13 0
14 1
15 2
16 0

1 4
2 0
3 1
4 0
5 3
6 8
7 3
8 0
9 0
10 1
11 4
12 2
13 8
14 3
15 1
16 3

1 2
2 4
3 9
4 5
5 5
6 8
7 4
8 1
9 8
10 0
11 1
12 0
13 5
14 8
15 1
16 6

1 7
2 8
3 1
4 3
5 6
6 0
7 4
8 5
9 1
10 2
11 2
12 6
13 2
14 4
15 5
16 7

1 9
2 0
3 7
4 6
5 7
6 6
7 4
8 6
9 1
10 6
11 2
12 5
13 0
14 1
15 2
16 0

1 4
2 0
3 1
4 0
5 3
6 8
7 3
8 0
9 0
10 1
11 4
12 2
13 8
14 3
15 1
16 3

1 2
2 4
3 9
4 5
5 5
6 8
7 4
8 1
9 8
10 0
11 1
12 0
13 5
14 8
15 1
16 6

1 7
2 8
3 1
4 3
5 6
6 0
7 4
8 5
9 1
10 2
11 2
12 6
13 2
14 4
15 5
16 7

1 9
2 0
3 7
4 6
5 7
6 6
7 4
8 6
9 1
10 6
11 2
12 5
13 0
14 1
15 2
16 0

1 4
2 0
3 1
4 0
5 3
6 8
7 3
8 0
9 0
10 1
11 4
12 2
13 8
14 3
15 1
16 3

1 2
2 4
3 9
4 5
5 5
6 8
7 4
8 1
9 8
10 0
11 1
12 0
13 5
14 8
15 1
16 6

1 7
2 8
3 1
4 3
5 6
6 0
7 4
8 5
9 1
10 2
11 2
12 6
13 2
14 4
15 5
16 7

1 9
2 0
3 7
4 6
5 7
6 6
7 4
8 6
9 1
10 6
11 2
12 5
13 0
14 1
15 2
16 0

1 4
2 0
3 1
4 0
5 3
6 8
7 3
8 0
9 0
10 1
11 4
12 2
13 8
14 3
15 1
16 3

1 2
2 4
3 9
4 5
5 5
6 8
7 4
8 1
9 8
10 0
11 1
12 0
13 5
14 8
15 1
16 6

1 7
2 8
3 1
4 3
5 6
6 0
7 4
8 5
9 1
10 2
11 2
12 6
13 2
14 4
15 5
16 7

1 9
2 0
3 7
4 6
5 7
6 6
7 4
8 6
9 1
10 6
11 2
12 5
13 0
14 1
15 2
16 0

1 4
2 0
3 1
4 0
5 3
6 8
7 3
8 0
9 0
10 1
11 4
12 2
13 8
14 3
15 1
16 3

1 2
2 4
3 9
4 5
5 5
6 8
7 4
8 1
9 8
10 0
11 1
12 0
13 5
14 8
15 1
16 6

1 7
2 8
3 1
4 3
5 6
6 0
7 4
8 5
9 1
10 2
11 2
12 6
13 2
14 4
15 5
16 7

1 9
2 0
3 7
4 6
5 7
6 6
7 4
8 6
9 1
10 6
11 2
12 5
13 0
14 1
15 2
16 0

1 4
2 0
3 1
4 0
5 3
6 8
7 3
8 0
9 0
10 1
11 4
12 2
13 8
14 3
15 1
16 3

1 2
2 4
3 9
4 5
5 5
6 8
7 4
8 1
9 8
10 0
11 1
12 0
13 5
14 8
15 1
16 6

1 7
2 8
3 1
4 3
5 6
6 0
7 4
8 5
9 1
10 2
11 2
12 6
13 2
14 4
15 5
16 7

1 9
2 0
3 7
4 6
5 7
6 6
7 4
8 6
9 1
10 6
11 2
12 5
13 0
14 1
15 2
16 0

1 4
2 0
3 1
4 0
5 3
6 8
7 3
8 0
9 0
10 1
11 4
12 2
13 8
14 3
15 1
16 3

1 2
2 4
3 9
4 5
5 5
6 8
7 4
8 1
9 8
10 0
11 1
12 0
13 5
14 8
15 1
16 6

1 7
2 8
3 1
4 3
5 6
6 0
7 4
8 5
9 1
10 2
11 2
12 6
13 2
14 4
15 5
16 7

1 9
2 0
3 7
4 6
5 7
6 6
7 4
8 6
9 1
10 6
11 2
12 5
13 0
14 1
15 2
16 0

1 4
2 0
3 1
4 0
5 3
6 8
7 3
8 0
9 0
10 1
11 4
12 2
13 8
14 3
15 1
16 3

1 2
2 4
3 9
4 5
5 5
6 8
7 4
8 1
9 8
10 0
11 1
12 0
13 5
14 8
15 1
16 6

1 7
2 8
3 1
4 3
5 6
6 0
7 4
8 5
9 1
10 2
11 2
12 6
13 2
14 4
15 5
16 7

1 9
2 0
3 7
4 6
5 7
6 6
7 4
8 6
9 1
10 6
11 2
12 5
13 0
14 1
15 2
16 0

1 4
2 0
3 1
4 0
5 3
6 8
7 3
8 0
9 0
10 1
11 4
12 2
13 8
14 3
15 1
16 3

1 2
2 4
3 9
4 5
5 5
6 8
7 4
8 1
9 8
10 0
11 1
12 0
13 5
14 8
15 1
16 6

1 7
2 8
3 1
4 3
5 6
6 0
7 4
8 5
9 1
10 2
11 2
12 6
13 2
14 4
15 5
16 7

1 9
2 0
3 7
4 6
5 7
6 6
7 4
8 6
9 1
10 6
11 2
12 5
13 0
14 1
15 2
16 0

1 4
2 0
3 1
4 0
5 3
6 8
7 3
8 0
9 0
10 1
11 4
12 2
13 8
14 3
15 1
16 3

1 2
2 4
3 9
4 5
5 5
6 8
7 4
8 1
9 8
10 0
11 1
12 0
13 5
14 8
15 1
16 6

1 7
2 8
3 1
4 3
5 6
6 0
7 4
8 5
9 1
10 2
11 2
12 6
13 2
14 4
15 5
16 7

1 9
2 0
3 7
4 6
5 7
6 6
7 4
8 6
9 1
10 6
11 2
12 5
13 0
14 1
15 2
16 0

1 4
2 0
3 1
4 0
5 3
6 8
7 3
8 0
9 0
10 1
11 4
12 2
13 8
14 3
15 1
16 3