1 0
2 0
3 0
4 0

1 1
2 4
3 8
4 6

1 8
2 0
3 1
4 4

1 8
2 1
3 3
4 0

1 5
2 1
3 8
4 2

1 1
2 5
3 5
4 0

1 8
2 4
3 6
4 4

1 1
2 4
3 8
4 6

1 8
2 0
3 1
4 4

1 8
2 1
3 3
4 0

1 5
2 1
3 8
4 2

1 1
2 5
3 5
4 0

1 8
2 4
3 6
4 4

1 1
2 4
3 8
4 6

1 8
2 0
3 1
4 4

1 8
2 1
3 3
4 0

1 5
2 1
3 8
4 2

1 1
2 5
3 5
4 0

1 8
2 4
3 6
4 4

1 1
2 4
3 8
4 6

1 8
2 0
3 1
4 4

1 8
2 1
3 3
4 0

1 5
2 1
3 8
4 2

1 1
2 5
3 5
4 0

1 8
2 4
3 6
4 4

1 1
2 4
3 8
4 6

1 8
2 0
3 1
4 4

1 8
2 1
3 3
4 0

1 5
2 1
3 8
4 2

1 1
2 5
3 5
4 0

1 8
2 4
3 6
4 4

1 1
2 4
3 8
4 6

1 8
2 0
3 1
4 4

1 8
2 1
3 3
4 0

1 5
2 1
3 8
4 2

1 1
2 5
3 5
4 0

1 8
2 4
3 6
4 4

1 1
2 4
3 8
4 6

1 8
2 0
3 1
4 4

1 8
2 1
3 3
4 0

1 5
2 1
3 8
4 2

1 1
2 5
3 5
4 0

1 8
2 4
3 6
4 4

1 1
2 4
3 8
4 6

1 8
2 0
3 1
4 4

1 8
2 1
3 3
4 0

1 5
2 1
3 8
4 2

1 1
2 5
3 5
4 0

1 8
2 4
3 6
4 4

1 1
2 4
3 8
4 6

1 8
2 0
3 1
4 4

1 8
2 1
3 3
4 0

1 5
2 1
3 8
4 2

1 1
2 5
3 5
4 0

1 8
2 4
3 6
4 4

1 1
2 4
3 8
4 6

1 8
2 0
3 1
4 4

1 8
2 1
3 3
4 0

1 5
2 1
3 8
4 2

1 1
2 5
3 5
4 0

1 8
2 4
3 6
4 4

1 1
2 4
3 8
4 6

1 8
2 0
3 1
4 4

1 8
2 1
3 3
4 0

1 5
2 1
3 8
4 2

1 1
2 5
3 5
4 0

1 8
2 4
3 6
4 4

1 1
2 4
3 8
4 6

1 8
2 0
3 1
4 4

1 8
2 1
3 3
4 0

1 5
2 1
3 8
4 2

1 1
2 5
3 5
4 0

1 8
2 4
3 6
4 4

1 1
2 4
3 8
4 6

1 8
2 0
3 1
4 4

1 8
2 1
3 3
4 0

1 5
2 1
3 8
4 2

1 1
2 5
3 5
4 0

1 8
2 4
3 6
4 4

1 1
2 4
3 8
4 6

1 8
2 0
3 1
4 4

1 8
2 1
3 3
4 0

1 5
2 1
3 8
4 2

1 1
2 5
3 5
4 0

1 8
2 4
3 6
4 4

1 1
2 4
3 8
4 6

1 8
2 0
3 1
4 4

1 8
2 1
3 3
4 0

1 5
2 1
3 8
4 2

1 1
2 5
3 5
4 0

1 8
2 4
3 6
4 4