1 0
2 0
3 0
4 0
5 0
6 0
7 0
8 0

1 16
2 17
3 18
4 14
5 18
6 15
7 18
8 16

1 20
2 15
3 14
4 20
5 19
6 15
7 10
8 19

1 18
2 18
3 17
4 20
5 18
6 11
7 10
8 17

1 14
2 13
3 13
4 12
5 14
6 18
7 12
8 15

1 16
2 17
3 18
4 14
5 18
6 15
7 18
8 16

1 20
2 15
3 14
4 20
5 19
6 15
7 10
8 19

1 18
2 18
3 17
4 20
5 18
6 11
7 10
8 17

1 14
2 13
3 13
4 12
5 14
6 18
7 12
8 15

1 16
2 17
3 18
4 14
5 18
6 15
7 18
8 16

1 20
2 15
3 14
4 20
5 19
6 15
7 10
8 19

1 18
2 18
3 17
4 20
5 18
6 11
7 10
8 17

1 14
2 13
3 13
4 12
5 14
6 18
7 12
8 15

1 16
2 17
3 18
4 14
5 18
6 15
7 18
8 16

1 20
2 15
3 14
4 20
5 19
6 15
7 10
8 19

1 18
2 18
3 17
4 20
5 18
6 11
7 10
8 17

1 14
2 13
3 13
4 12
5 14
6 18
7 12
8 15

1 16
2 17
3 18
4 14
5 18
6 15
7 18
8 16

1 20
2 15
3 14
4 20
5 19
6 15
7 10
8 19

1 18
2 18
3 17
4 20
5 18
6 11
7 10
8 17

1 14
2 13
3 13
4 12
5 14
6 18
7 12
8 15

1 16
2 17
3 18
4 14
5 18
6 15
7 18
8 16

1 20
2 15
3 14
4 20
5 19
6 15
7 10
8 19

1 18
2 18
3 17
4 20
5 18
6 11
7 10
8 17

1 14
2 13
3 13
4 12
5 14
6 18
7 12
8 15

1 16
2 17
3 18
4 14
5 18
6 15
7 18
8 16

1 20
2 15
3 14
4 20
5 19
6 15
7 10
8 19

1 18
2 18
3 17
4 20
5 18
6 11
7 10
8 17

1 14
2 13
3 13
4 12
5 14
6 18
7 12
8 15

1 16
2 17
3 18
4 14
5 18
6 15
7 18
8 16

1 20
2 15
3 14
4 20
5 19
6 15
7 10
8 19

1 18
2 18
3 17
4 20
5 18
6 11
7 10
8 17

1 14
2 13
3 13
4 12
5 14
6 18
7 12
8 15

1 16
2 17
3 18
4 14
5 18
6 15
7 18
8 16

1 20
2 15
3 14
4 20
5 19
6 15
7 10
8 19

1 18
2 18
3 17
4 20
5 18
6 11
7 10
8 17

1 14
2 13
3 13
4 12
5 14
6 18
7 12
8 15

1 16
2 17
3 18
4 14
5 18
6 15
7 18
8 16

1 20
2 15
3 14
4 20
5 19
6 15
7 10
8 19

1 18
2 18
3 17
4 20
5 18
6 11
7 10
8 17

1 14
2 13
3 13
4 12
5 14
6 18
7 12
8 15

1 16
2 17
3 18
4 14
5 18
6 15
7 18
8 16

1 20
2 15
3 14
4 20
5 19
6 15
7 10
8 19

1 18
2 18
3 17
4 20
5 18
6 11
7 10
8 17

1 14
2 13
3 13
4 12
5 14
6 18
7 12
8 15

1 16
2 17
3 18
4 14
5 18
6 15
7 18
8 16

1 20
2 15
3 14
4 20
5 19
6 15
7 10
8 19

1 18
2 18
3 17
4 20
5 18
6 11
7 10
8 17

1 14
2 13
3 13
4 12
5 14
6 18
7 12
8 15

1 16
2 17
3 18
4 14
5 18
6 15
7 18
8 16

1 20
2 15
3 14
4 20
5 19
6 15
7 10
8 19

1 18
2 18
3 17
4 20
5 18
6 11
7 10
8 17

1 14
2 13
3 13
4 12
5 14
6 18
7 12
8 15

1 16
2 17
3 18
4 14
5 18
6 15
7 18
8 16

1 20
2 15
3 14
4 20
5 19
6 15
7 10
8 19

1 18
2 18
3 17
4 20
5 18
6 11
7 10
8 17

1 14
2 13
3 13
4 12
5 14
6 18
7 12
8 15

1 16
2 17
3 18
4 14
5 18
6 15
7 18
8 16

1 20
2 15
3 14
4 20
5 19
6 15
7 10
8 19

1 18
2 18
3 17
4 20
5 18
6 11
7 10
8 17

1 14
2 13
3 13
4 12
5 14
6 18
7 12
8 15

1 16
2 17
3 18
4 14
5 18
6 15
7 18
8 16

1 20
2 15
3 14
4 20
5 19
6 15
7 10
8 19

1 18
2 18
3 17
4 20
5 18
6 11
7 10
8 17

1 14
2 13
3 13
4 12
5 14
6 18
7 12
8 15

1 16
2 17
3 18
4 14
5 18
6 15
7 18
8 16

1 20
2 15
3 14
4 20
5 19
6 15
7 10
8 19

1 18
2 18
3 17
4 20
5 18
6 11
7 10
8 17

1 14
2 13
3 13
4 12
5 14
6 18
7 12
8 15

1 16
2 17
3 18
4 14
5 18
6 15
7 18
8 16

1 20
2 15
3 14
4 20
5 19
6 15
7 10
8 19

1 18
2 18
3 17
4 20
5 18
6 11
7 10
8 17

1 14
2 13
3 13
4 12
5 14
6 18
7 12
8 15

1 16
2 17
3 18
4 14
5 18
6 15
7 18
8 16

1 20
2 15
3 14
4 20
5 19
6 15
7 10
8 19

1 18
2 18
3 17
4 20
5 18
6 11
7 10
8 17

1 14
2 13
3 13
4 12
5 14
6 18
7 12
8 15

1 16
2 17
3 18
4 14
5 18
6 15
7 18
8 16

1 20
2 15
3 14
4 20
5 19
6 15
7 10
8 19

1 18
2 18
3 17
4 20
5 18
6 11
7 10
8 17

1 14
2 13
3 13
4 12
5 14
6 18
7 12
8 15