1 0
2 0
3 0
4 0
5 0
6 0
7 0
8 0

1 1
2 8
3 5
4 0
5 9
6 1
7 1
8 0

1 7
2 2
3 5
4 0
5 1
6 4
7 4
8 1

1 1
2 8
3 5
4 0
5 9
6 1
7 1
8 0

1 7
2 2
3 5
4 0
5 1
6 4
7 4
8 1

1 1
2 8
3 5
4 0
5 9
6 1
7 1
8 0

1 7
2 2
3 5
4 0
5 1
6 4
7 4
8 1

1 1
2 8
3 5
4 0
5 9
6 1
7 1
8 0

1 7
2 2
3 5
4 0
5 1
6 4
7 4
8 1

1 1
2 8
3 5
4 0
5 9
6 1
7 1
8 0

1 7
2 2
3 5
4 0
5 1
6 4
7 4
8 1

1 1
2 8
3 5
4 0
5 9
6 1
7 1
8 0

1 7
2 2
3 5
4 0
5 1
6 4
7 4
8 1

1 1
2 8
3 5
4 0
5 9
6 1
7 1
8 0

1 7
2 2
3 5
4 0
5 1
6 4
7 4
8 1

1 1
2 8
3 5
4 0
5 9
6 1
7 1
8 0

1 7
2 2
3 5
4 0
5 1
6 4
7 4
8 1

1 1
2 8
3 5
4 0
5 9
6 1
7 1
8 0

1 7
2 2
3 5
4 0
5 1
6 4
7 4
8 1

1 1
2 8
3 5
4 0
5 9
6 1
7 1
8 0

1 7
2 2
3 5
4 0
5 1
6 4
7 4
8 1

1 1
2 8
3 5
4 0
5 9
6 1
7 1
8 0

1 7
2 2
3 5
4 0
5 1
6 4
7 4
8 1

1 1
2 8
3 5
4 0
5 9
6 1
7 1
8 0

1 7
2 2
3 5
4 0
5 1
6 4
7 4
8 1

1 1
2 8
3 5
4 0
5 9
6 1
7 1
8 0

1 7
2 2
3 5
4 0
5 1
6 4
7 4
8 1

1 1
2 8
3 5
4 0
5 9
6 1
7 1
8 0

1 7
2 2
3 5
4 0
5 1
6 4
7 4
8 1

1 1
2 8
3 5
4 0
5 9
6 1
7 1
8 0

1 7
2 2
3 5
4 0
5 1
6 4
7 4
8 1