1 0
2 0
3 0
4 0
5 0
6 0
7 0
8 0

1 16
2 10
3 17
4 16
5 16
6 10
7 18
8 17

1 15
2 17
3 11
4 16
5 11
6 10
7 13
8 18

1 15
2 19
3 16
4 14
5 10
6 18
7 15
8 19

1 14
2 20
3 15
4 16
5 11
6 20
7 20
8 12

1 16
2 10
3 17
4 16
5 16
6 10
7 18
8 17

1 15
2 17
3 11
4 16
5 11
6 10
7 13
8 18

1 15
2 19
3 16
4 14
5 10
6 18
7 15
8 19

1 14
2 20
3 15
4 16
5 11
6 20
7 20
8 12

1 16
2 10
3 17
4 16
5 16
6 10
7 18
8 17

1 15
2 17
3 11
4 16
5 11
6 10
7 13
8 18

1 15
2 19
3 16
4 14
5 10
6 18
7 15
8 19

1 14
2 20
3 15
4 16
5 11
6 20
7 20
8 12

1 16
2 10
3 17
4 16
5 16
6 10
7 18
8 17

1 15
2 17
3 11
4 16
5 11
6 10
7 13
8 18

1 15
2 19
3 16
4 14
5 10
6 18
7 15
8 19

1 14
2 20
3 15
4 16
5 11
6 20
7 20
8 12

1 16
2 10
3 17
4 16
5 16
6 10
7 18
8 17

1 15
2 17
3 11
4 16
5 11
6 10
7 13
8 18

1 15
2 19
3 16
4 14
5 10
6 18
7 15
8 19

1 14
2 20
3 15
4 16
5 11
6 20
7 20
8 12

1 16
2 10
3 17
4 16
5 16
6 10
7 18
8 17

1 15
2 17
3 11
4 16
5 11
6 10
7 13
8 18

1 15
2 19
3 16
4 14
5 10
6 18
7 15
8 19

1 14
2 20
3 15
4 16
5 11
6 20
7 20
8 12

1 16
2 10
3 17
4 16
5 16
6 10
7 18
8 17

1 15
2 17
3 11
4 16
5 11
6 10
7 13
8 18

1 15
2 19
3 16
4 14
5 10
6 18
7 15
8 19

1 14
2 20
3 15
4 16
5 11
6 20
7 20
8 12

1 16
2 10
3 17
4 16
5 16
6 10
7 18
8 17

1 15
2 17
3 11
4 16
5 11
6 10
7 13
8 18

1 15
2 19
3 16
4 14
5 10
6 18
7 15
8 19

1 14
2 20
3 15
4 16
5 11
6 20
7 20
8 12

1 16
2 10
3 17
4 16
5 16
6 10
7 18
8 17

1 15
2 17
3 11
4 16
5 11
6 10
7 13
8 18

1 15
2 19
3 16
4 14
5 10
6 18
7 15
8 19

1 14
2 20
3 15
4 16
5 11
6 20
7 20
8 12

1 16
2 10
3 17
4 16
5 16
6 10
7 18
8 17

1 15
2 17
3 11
4 16
5 11
6 10
7 13
8 18

1 15
2 19
3 16
4 14
5 10
6 18
7 15
8 19

1 14
2 20
3 15
4 16
5 11
6 20
7 20
8 12