1 0
2 0
3 0
4 0
5 0
6 0
7 0
8 0
9 0
10 0
11 0
12 0
13 0
14 0
15 0
16 0

1 7
2 4
3 0
4 1
5 2
6 1
7 9
8 3
9 1
10 5
11 6
12 9
13 3
14 9
15 7
16 5

1 9
2 9
3 2
4 9
5 5
6 1
7 2
8 5
9 3
10 4
11 4
12 0
13 1
14 6
15 4
16 4

1 7
2 1
3 4
4 6
5 2
6 7
7 2
8 1
9 8
10 6
11 8
12 9
13 0
14 4
15 3
16 0

1 1
2 7
3 3
4 1
5 0
6 1
7 4
8 8
9 0
10 9
11 1
12 9
13 6
14 9
15 9
16 1

1 4
2 1
3 4
4 1
5 3
6 8
7 0
8 3
9 3
10 9
11 1
12 0
13 9
14 9
15 0
16 6

1 0
2 3
3 4
4 9
5 2
6 2
7 6
8 8
9 3
10 9
11 9
12 0
13 2
14 3
15 3
16 2

1 7
2 4
3 0
4 1
5 2
6 1
7 9
8 3
9 1
10 5
11 6
12 9
13 3
14 9
15 7
16 5

1 9
2 9
3 2
4 9
5 5
6 1
7 2
8 5
9 3
10 4
11 4
12 0
13 1
14 6
15 4
16 4

1 7
2 1
3 4
4 6
5 2
6 7
7 2
8 1
9 8
10 6
11 8
12 9
13 0
14 4
15 3
16 0

1 1
2 7
3 3
4 1
5 0
6 1
7 4
8 8
9 0
10 9
11 1
12 9
13 6
14 9
15 9
16 1

1 4
2 1
3 4
4 1
5 3
6 8
7 0
8 3
9 3
10 9
11 1
12 0
13 9
14 9
15 0
16 6

1 0
2 3
3 4
4 9
5 2
6 2
7 6
8 8
9 3
10 9
11 9
12 0
13 2
14 3
15 3
16 2

1 7
2 4
3 0
4 1
5 2
6 1
7 9
8 3
9 1
10 5
11 6
12 9
13 3
14 9
15 7
16 5

1 9
2 9
3 2
4 9
5 5
6 1
7 2
8 5
9 3
10 4
11 4
12 0
13 1
14 6
15 4
16 4

1 7
2 1
3 4
4 6
5 2
6 7
7 2
8 1
9 8
10 6
11 8
12 9
13 0
14 4
15 3
16 0

1 1
2 7
3 3
4 1
5 0
6 1
7 4
8 8
9 0
10 9
11 1
12 9
13 6
14 9
15 9
16 1

1 4
2 1
3 4
4 1
5 3
6 8
7 0
8 3
9 3
10 9
11 1
12 0
13 9
14 9
15 0
16 6

1 0
2 3
3 4
4 9
5 2
6 2
7 6
8 8
9 3
10 9
11 9
12 0
13 2
14 3
15 3
16 2

1 7
2 4
3 0
4 1
5 2
6 1
7 9
8 3
9 1
10 5
11 6
12 9
13 3
14 9
15 7
16 5

1 9
2 9
3 2
4 9
5 5
6 1
7 2
8 5
9 3
10 4
11 4
12 0
13 1
14 6
15 4
16 4

1 7
2 1
3 4
4 6
5 2
6 7
7 2
8 1
9 8
10 6
11 8
12 9
13 0
14 4
15 3
16 0

1 1
2 7
3 3
4 1
5 0
6 1
7 4
8 8
9 0
10 9
11 1
12 9
13 6
14 9
15 9
16 1

1 4
2 1
3 4
4 1
5 3
6 8
7 0
8 3
9 3
10 9
11 1
12 0
13 9
14 9
15 0
16 6

1 0
2 3
3 4
4 9
5 2
6 2
7 6
8 8
9 3
10 9
11 9
12 0
13 2
14 3
15 3
16 2

1 7
2 4
3 0
4 1
5 2
6 1
7 9
8 3
9 1
10 5
11 6
12 9
13 3
14 9
15 7
16 5

1 9
2 9
3 2
4 9
5 5
6 1
7 2
8 5
9 3
10 4
11 4
12 0
13 1
14 6
15 4
16 4

1 7
2 1
3 4
4 6
5 2
6 7
7 2
8 1
9 8
10 6
11 8
12 9
13 0
14 4
15 3
16 0

1 1
2 7
3 3
4 1
5 0
6 1
7 4
8 8
9 0
10 9
11 1
12 9
13 6
14 9
15 9
16 1

1 4
2 1
3 4
4 1
5 3
6 8
7 0
8 3
9 3
10 9
11 1
12 0
13 9
14 9
15 0
16 6

1 0
2 3
3 4
4 9
5 2
6 2
7 6
8 8
9 3
10 9
11 9
12 0
13 2
14 3
15 3
16 2

1 7
2 4
3 0
4 1
5 2
6 1
7 9
8 3
9 1
10 5
11 6
12 9
13 3
14 9
15 7
16 5

1 9
2 9
3 2
4 9
5 5
6 1
7 2
8 5
9 3
10 4
11 4
12 0
13 1
14 6
15 4
16 4

1 7
2 1
3 4
4 6
5 2
6 7
7 2
8 1
9 8
10 6
11 8
12 9
13 0
14 4
15 3
16 0

1 1
2 7
3 3
4 1
5 0
6 1
7 4
8 8
9 0
10 9
11 1
12 9
13 6
14 9
15 9
16 1

1 4
2 1
3 4
4 1
5 3
6 8
7 0
8 3
9 3
10 9
11 1
12 0
13 9
14 9
15 0
16 6

1 0
2 3
3 4
4 9
5 2
6 2
7 6
8 8
9 3
10 9
11 9
12 0
13 2
14 3
15 3
16 2

1 7
2 4
3 0
4 1
5 2
6 1
7 9
8 3
9 1
10 5
11 6
12 9
13 3
14 9
15 7
16 5

1 9
2 9
3 2
4 9
5 5
6 1
7 2
8 5
9 3
10 4
11 4
12 0
13 1
14 6
15 4
16 4

1 7
2 1
3 4
4 6
5 2
6 7
7 2
8 1
9 8
10 6
11 8
12 9
13 0
14 4
15 3
16 0

1 1
2 7
3 3
4 1
5 0
6 1
7 4
8 8
9 0
10 9
11 1
12 9
13 6
14 9
15 9
16 1

1 4
2 1
3 4
4 1
5 3
6 8
7 0
8 3
9 3
10 9
11 1
12 0
13 9
14 9
15 0
16 6

1 0
2 3
3 4
4 9
5 2
6 2
7 6
8 8
9 3
10 9
11 9
12 0
13 2
14 3
15 3
16 2

1 7
2 4
3 0
4 1
5 2
6 1
7 9
8 3
9 1
10 5
11 6
12 9
13 3
14 9
15 7
16 5

1 9
2 9
3 2
4 9
5 5
6 1
7 2
8 5
9 3
10 4
11 4
12 0
13 1
14 6
15 4
16 4

1 7
2 1
3 4
4 6
5 2
6 7
7 2
8 1
9 8
10 6
11 8
12 9
13 0
14 4
15 3
16 0

1 1
2 7
3 3
4 1
5 0
6 1
7 4
8 8
9 0
10 9
11 1
12 9
13 6
14 9
15 9
16 1

1 4
2 1
3 4
4 1
5 3
6 8
7 0
8 3
9 3
10 9
11 1
12 0
13 9
14 9
15 0
16 6

1 0
2 3
3 4
4 9
5 2
6 2
7 6
8 8
9 3
10 9
11 9
12 0
13 2
14 3
15 3
16 2

1 7
2 4
3 0
4 1
5 2
6 1
7 9
8 3
9 1
10 5
11 6
12 9
13 3
14 9
15 7
16 5

1 9
2 9
3 2
4 9
5 5
6 1
7 2
8 5
9 3
10 4
11 4
12 0
13 1
14 6
15 4
16 4

1 7
2 1
3 4
4 6
5 2
6 7
7 2
8 1
9 8
10 6
11 8
12 9
13 0
14 4
15 3
16 0

1 1
2 7
3 3
4 1
5 0
6 1
7 4
8 8
9 0
10 9
11 1
12 9
13 6
14 9
15 9
16 1

1 4
2 1
3 4
4 1
5 3
6 8
7 0
8 3
9 3
10 9
11 1
12 0
13 9
14 9
15 0
16 6

1 0
2 3
3 4
4 9
5 2
6 2
7 6
8 8
9 3
10 9
11 9
12 0
13 2
14 3
15 3
16 2

1 7
2 4
3 0
4 1
5 2
6 1
7 9
8 3
9 1
10 5
11 6
12 9
13 3
14 9
15 7
16 5

1 9
2 9
3 2
4 9
5 5
6 1
7 2
8 5
9 3
10 4
11 4
12 0
13 1
14 6
15 4
16 4

1 7
2 1
3 4
4 6
5 2
6 7
7 2
8 1
9 8
10 6
11 8
12 9
13 0
14 4
15 3
16 0

1 1
2 7
3 3
4 1
5 0
6 1
7 4
8 8
9 0
10 9
11 1
12 9
13 6
14 9
15 9
16 1

1 4
2 1
3 4
4 1
5 3
6 8
7 0
8 3
9 3
10 9
11 1
12 0
13 9
14 9
15 0
16 6

1 0
2 3
3 4
4 9
5 2
6 2
7 6
8 8
9 3
10 9
11 9
12 0
13 2
14 3
15 3
16 2