1 0
2 0
3 0
4 0
5 0
6 0
7 0
8 0

1 19
2 19
3 16
4 16
5 15
6 14
7 10
8 11

1 10
2 18
3 19
4 12
5 18
6 10
7 13
8 15

1 19
2 19
3 10
4 20
5 15
6 12
7 17
8 14

1 15
2 16
3 14
4 16
5 15
6 13
7 19
8 20

1 15
2 18
3 18
4 18
5 18
6 16
7 18
8 10

1 12
2 14
3 12
4 10
5 20
6 10
7 16
8 12

1 19
2 19
3 16
4 16
5 15
6 14
7 10
8 11

1 10
2 18
3 19
4 12
5 18
6 10
7 13
8 15

1 19
2 19
3 10
4 20
5 15
6 12
7 17
8 14

1 15
2 16
3 14
4 16
5 15
6 13
7 19
8 20

1 15
2 18
3 18
4 18
5 18
6 16
7 18
8 10

1 12
2 14
3 12
4 10
5 20
6 10
7 16
8 12

1 19
2 19
3 16
4 16
5 15
6 14
7 10
8 11

1 10
2 18
3 19
4 12
5 18
6 10
7 13
8 15

1 19
2 19
3 10
4 20
5 15
6 12
7 17
8 14

1 15
2 16
3 14
4 16
5 15
6 13
7 19
8 20

1 15
2 18
3 18
4 18
5 18
6 16
7 18
8 10

1 12
2 14
3 12
4 10
5 20
6 10
7 16
8 12

1 19
2 19
3 16
4 16
5 15
6 14
7 10
8 11

1 10
2 18
3 19
4 12
5 18
6 10
7 13
8 15

1 19
2 19
3 10
4 20
5 15
6 12
7 17
8 14

1 15
2 16
3 14
4 16
5 15
6 13
7 19
8 20

1 15
2 18
3 18
4 18
5 18
6 16
7 18
8 10

1 12
2 14
3 12
4 10
5 20
6 10
7 16
8 12

1 19
2 19
3 16
4 16
5 15
6 14
7 10
8 11

1 10
2 18
3 19
4 12
5 18
6 10
7 13
8 15

1 19
2 19
3 10
4 20
5 15
6 12
7 17
8 14

1 15
2 16
3 14
4 16
5 15
6 13
7 19
8 20

1 15
2 18
3 18
4 18
5 18
6 16
7 18
8 10

1 12
2 14
3 12
4 10
5 20
6 10
7 16
8 12

1 19
2 19
3 16
4 16
5 15
6 14
7 10
8 11

1 10
2 18
3 19
4 12
5 18
6 10
7 13
8 15

1 19
2 19
3 10
4 20
5 15
6 12
7 17
8 14

1 15
2 16
3 14
4 16
5 15
6 13
7 19
8 20

1 15
2 18
3 18
4 18
5 18
6 16
7 18
8 10

1 12
2 14
3 12
4 10
5 20
6 10
7 16
8 12

1 19
2 19
3 16
4 16
5 15
6 14
7 10
8 11

1 10
2 18
3 19
4 12
5 18
6 10
7 13
8 15

1 19
2 19
3 10
4 20
5 15
6 12
7 17
8 14

1 15
2 16
3 14
4 16
5 15
6 13
7 19
8 20

1 15
2 18
3 18
4 18
5 18
6 16
7 18
8 10

1 12
2 14
3 12
4 10
5 20
6 10
7 16
8 12

1 19
2 19
3 16
4 16
5 15
6 14
7 10
8 11

1 10
2 18
3 19
4 12
5 18
6 10
7 13
8 15

1 19
2 19
3 10
4 20
5 15
6 12
7 17
8 14

1 15
2 16
3 14
4 16
5 15
6 13
7 19
8 20

1 15
2 18
3 18
4 18
5 18
6 16
7 18
8 10

1 12
2 14
3 12
4 10
5 20
6 10
7 16
8 12

1 19
2 19
3 16
4 16
5 15
6 14
7 10
8 11

1 10
2 18
3 19
4 12
5 18
6 10
7 13
8 15

1 19
2 19
3 10
4 20
5 15
6 12
7 17
8 14

1 15
2 16
3 14
4 16
5 15
6 13
7 19
8 20

1 15
2 18
3 18
4 18
5 18
6 16
7 18
8 10

1 12
2 14
3 12
4 10
5 20
6 10
7 16
8 12

1 19
2 19
3 16
4 16
5 15
6 14
7 10
8 11

1 10
2 18
3 19
4 12
5 18
6 10
7 13
8 15

1 19
2 19
3 10
4 20
5 15
6 12
7 17
8 14

1 15
2 16
3 14
4 16
5 15
6 13
7 19
8 20

1 15
2 18
3 18
4 18
5 18
6 16
7 18
8 10

1 12
2 14
3 12
4 10
5 20
6 10
7 16
8 12