1 0
2 0
3 0
4 0
5 0
6 0
7 0
8 0

1 11
2 14
3 15
4 15
5 18
6 14
7 11
8 14

1 17
2 13
3 13
4 20
5 16
6 13
7 14
8 13

1 11
2 14
3 15
4 15
5 18
6 14
7 11
8 14

1 17
2 13
3 13
4 20
5 16
6 13
7 14
8 13

1 11
2 14
3 15
4 15
5 18
6 14
7 11
8 14

1 17
2 13
3 13
4 20
5 16
6 13
7 14
8 13

1 11
2 14
3 15
4 15
5 18
6 14
7 11
8 14

1 17
2 13
3 13
4 20
5 16
6 13
7 14
8 13

1 11
2 14
3 15
4 15
5 18
6 14
7 11
8 14

1 17
2 13
3 13
4 20
5 16
6 13
7 14
8 13

1 11
2 14
3 15
4 15
5 18
6 14
7 11
8 14

1 17
2 13
3 13
4 20
5 16
6 13
7 14
8 13

1 11
2 14
3 15
4 15
5 18
6 14
7 11
8 14

1 17
2 13
3 13
4 20
5 16
6 13
7 14
8 13

1 11
2 14
3 15
4 15
5 18
6 14
7 11
8 14

1 17
2 13
3 13
4 20
5 16
6 13
7 14
8 13

1 11
2 14
3 15
4 15
5 18
6 14
7 11
8 14

1 17
2 13
3 13
4 20
5 16
6 13
7 14
8 13

1 11
2 14
3 15
4 15
5 18
6 14
7 11
8 14

1 17
2 13
3 13
4 20
5 16
6 13
7 14
8 13

1 11
2 14
3 15
4 15
5 18
6 14
7 11
8 14

1 17
2 13
3 13
4 20
5 16
6 13
7 14
8 13

1 11
2 14
3 15
4 15
5 18
6 14
7 11
8 14

1 17
2 13
3 13
4 20
5 16
6 13
7 14
8 13

1 11
2 14
3 15
4 15
5 18
6 14
7 11
8 14

1 17
2 13
3 13
4 20
5 16
6 13
7 14
8 13

1 11
2 14
3 15
4 15
5 18
6 14
7 11
8 14

1 17
2 13
3 13
4 20
5 16
6 13
7 14
8 13

1 11
2 14
3 15
4 15
5 18
6 14
7 11
8 14

1 17
2 13
3 13
4 20
5 16
6 13
7 14
8 13