1 0
2 0
3 0
4 0
5 0
6 0
7 0
8 0

1 14
2 12
3 18
4 12
5 16
6 15
7 12
8 19

1 13
2 13
3 14
4 20
5 20
6 12
7 10
8 13

1 14
2 12
3 18
4 12
5 16
6 15
7 12
8 19

1 13
2 13
3 14
4 20
5 20
6 12
7 10
8 13

1 14
2 12
3 18
4 12
5 16
6 15
7 12
8 19

1 13
2 13
3 14
4 20
5 20
6 12
7 10
8 13

1 14
2 12
3 18
4 12
5 16
6 15
7 12
8 19

1 13
2 13
3 14
4 20
5 20
6 12
7 10
8 13

1 14
2 12
3 18
4 12
5 16
6 15
7 12
8 19

1 13
2 13
3 14
4 20
5 20
6 12
7 10
8 13

1 14
2 12
3 18
4 12
5 16
6 15
7 12
8 19

1 13
2 13
3 14
4 20
5 20
6 12
7 10
8 13

1 14
2 12
3 18
4 12
5 16
6 15
7 12
8 19

1 13
2 13
3 14
4 20
5 20
6 12
7 10
8 13

1 14
2 12
3 18
4 12
5 16
6 15
7 12
8 19

1 13
2 13
3 14
4 20
5 20
6 12
7 10
8 13

1 14
2 12
3 18
4 12
5 16
6 15
7 12
8 19

1 13
2 13
3 14
4 20
5 20
6 12
7 10
8 13

1 14
2 12
3 18
4 12
5 16
6 15
7 12
8 19

1 13
2 13
3 14
4 20
5 20
6 12
7 10
8 13

1 14
2 12
3 18
4 12
5 16
6 15
7 12
8 19

1 13
2 13
3 14
4 20
5 20
6 12
7 10
8 13

1 14
2 12
3 18
4 12
5 16
6 15
7 12
8 19

1 13
2 13
3 14
4 20
5 20
6 12
7 10
8 13

1 14
2 12
3 18
4 12
5 16
6 15
7 12
8 19

1 13
2 13
3 14
4 20
5 20
6 12
7 10
8 13

1 14
2 12
3 18
4 12
5 16
6 15
7 12
8 19

1 13
2 13
3 14
4 20
5 20
6 12
7 10
8 13

1 14
2 12
3 18
4 12
5 16
6 15
7 12
8 19

1 13
2 13
3 14
4 20
5 20
6 12
7 10
8 13