1 0
2 0
3 0
4 0
5 0
6 0
7 0
8 0

1 10
2 19
3 10
4 13
5 13
6 13
7 20
8 20

1 17
2 15
3 10
4 20
5 20
6 18
7 13
8 13

1 14
2 19
3 18
4 17
5 15
6 15
7 11
8 16

1 17
2 15
3 11
4 20
5 18
6 10
7 10
8 10

1 13
2 19
3 17
4 20
5 17
6 20
7 20
8 20

1 14
2 19
3 10
4 10
5 20
6 14
7 19
8 10

1 10
2 19
3 10
4 13
5 13
6 13
7 20
8 20

1 17
2 15
3 10
4 20
5 20
6 18
7 13
8 13

1 14
2 19
3 18
4 17
5 15
6 15
7 11
8 16

1 17
2 15
3 11
4 20
5 18
6 10
7 10
8 10

1 13
2 19
3 17
4 20
5 17
6 20
7 20
8 20

1 14
2 19
3 10
4 10
5 20
6 14
7 19
8 10

1 10
2 19
3 10
4 13
5 13
6 13
7 20
8 20

1 17
2 15
3 10
4 20
5 20
6 18
7 13
8 13

1 14
2 19
3 18
4 17
5 15
6 15
7 11
8 16

1 17
2 15
3 11
4 20
5 18
6 10
7 10
8 10

1 13
2 19
3 17
4 20
5 17
6 20
7 20
8 20

1 14
2 19
3 10
4 10
5 20
6 14
7 19
8 10

1 10
2 19
3 10
4 13
5 13
6 13
7 20
8 20

1 17
2 15
3 10
4 20
5 20
6 18
7 13
8 13

1 14
2 19
3 18
4 17
5 15
6 15
7 11
8 16

1 17
2 15
3 11
4 20
5 18
6 10
7 10
8 10

1 13
2 19
3 17
4 20
5 17
6 20
7 20
8 20

1 14
2 19
3 10
4 10
5 20
6 14
7 19
8 10

1 10
2 19
3 10
4 13
5 13
6 13
7 20
8 20

1 17
2 15
3 10
4 20
5 20
6 18
7 13
8 13

1 14
2 19
3 18
4 17
5 15
6 15
7 11
8 16

1 17
2 15
3 11
4 20
5 18
6 10
7 10
8 10

1 13
2 19
3 17
4 20
5 17
6 20
7 20
8 20

1 14
2 19
3 10
4 10
5 20
6 14
7 19
8 10

1 10
2 19
3 10
4 13
5 13
6 13
7 20
8 20

1 17
2 15
3 10
4 20
5 20
6 18
7 13
8 13

1 14
2 19
3 18
4 17
5 15
6 15
7 11
8 16

1 17
2 15
3 11
4 20
5 18
6 10
7 10
8 10

1 13
2 19
3 17
4 20
5 17
6 20
7 20
8 20

1 14
2 19
3 10
4 10
5 20
6 14
7 19
8 10

1 10
2 19
3 10
4 13
5 13
6 13
7 20
8 20

1 17
2 15
3 10
4 20
5 20
6 18
7 13
8 13

1 14
2 19
3 18
4 17
5 15
6 15
7 11
8 16

1 17
2 15
3 11
4 20
5 18
6 10
7 10
8 10

1 13
2 19
3 17
4 20
5 17
6 20
7 20
8 20

1 14
2 19
3 10
4 10
5 20
6 14
7 19
8 10

1 10
2 19
3 10
4 13
5 13
6 13
7 20
8 20

1 17
2 15
3 10
4 20
5 20
6 18
7 13
8 13

1 14
2 19
3 18
4 17
5 15
6 15
7 11
8 16

1 17
2 15
3 11
4 20
5 18
6 10
7 10
8 10

1 13
2 19
3 17
4 20
5 17
6 20
7 20
8 20

1 14
2 19
3 10
4 10
5 20
6 14
7 19
8 10

1 10
2 19
3 10
4 13
5 13
6 13
7 20
8 20

1 17
2 15
3 10
4 20
5 20
6 18
7 13
8 13

1 14
2 19
3 18
4 17
5 15
6 15
7 11
8 16

1 17
2 15
3 11
4 20
5 18
6 10
7 10
8 10

1 13
2 19
3 17
4 20
5 17
6 20
7 20
8 20

1 14
2 19
3 10
4 10
5 20
6 14
7 19
8 10

1 10
2 19
3 10
4 13
5 13
6 13
7 20
8 20

1 17
2 15
3 10
4 20
5 20
6 18
7 13
8 13

1 14
2 19
3 18
4 17
5 15
6 15
7 11
8 16

1 17
2 15
3 11
4 20
5 18
6 10
7 10
8 10

1 13
2 19
3 17
4 20
5 17
6 20
7 20
8 20

1 14
2 19
3 10
4 10
5 20
6 14
7 19
8 10

1 10
2 19
3 10
4 13
5 13
6 13
7 20
8 20

1 17
2 15
3 10
4 20
5 20
6 18
7 13
8 13

1 14
2 19
3 18
4 17
5 15
6 15
7 11
8 16

1 17
2 15
3 11
4 20
5 18
6 10
7 10
8 10

1 13
2 19
3 17
4 20
5 17
6 20
7 20
8 20

1 14
2 19
3 10
4 10
5 20
6 14
7 19
8 10

1 10
2 19
3 10
4 13
5 13
6 13
7 20
8 20

1 17
2 15
3 10
4 20
5 20
6 18
7 13
8 13

1 14
2 19
3 18
4 17
5 15
6 15
7 11
8 16

1 17
2 15
3 11
4 20
5 18
6 10
7 10
8 10

1 13
2 19
3 17
4 20
5 17
6 20
7 20
8 20

1 14
2 19
3 10
4 10
5 20
6 14
7 19
8 10

1 10
2 19
3 10
4 13
5 13
6 13
7 20
8 20

1 17
2 15
3 10
4 20
5 20
6 18
7 13
8 13

1 14
2 19
3 18
4 17
5 15
6 15
7 11
8 16

1 17
2 15
3 11
4 20
5 18
6 10
7 10
8 10

1 13
2 19
3 17
4 20
5 17
6 20
7 20
8 20

1 14
2 19
3 10
4 10
5 20
6 14
7 19
8 10

1 10
2 19
3 10
4 13
5 13
6 13
7 20
8 20

1 17
2 15
3 10
4 20
5 20
6 18
7 13
8 13

1 14
2 19
3 18
4 17
5 15
6 15
7 11
8 16

1 17
2 15
3 11
4 20
5 18
6 10
7 10
8 10

1 13
2 19
3 17
4 20
5 17
6 20
7 20
8 20

1 14
2 19
3 10
4 10
5 20
6 14
7 19
8 10

1 10
2 19
3 10
4 13
5 13
6 13
7 20
8 20

1 17
2 15
3 10
4 20
5 20
6 18
7 13
8 13

1 14
2 19
3 18
4 17
5 15
6 15
7 11
8 16

1 17
2 15
3 11
4 20
5 18
6 10
7 10
8 10

1 13
2 19
3 17
4 20
5 17
6 20
7 20
8 20

1 14
2 19
3 10
4 10
5 20
6 14
7 19
8 10

1 10
2 19
3 10
4 13
5 13
6 13
7 20
8 20

1 17
2 15
3 10
4 20
5 20
6 18
7 13
8 13

1 14
2 19
3 18
4 17
5 15
6 15
7 11
8 16

1 17
2 15
3 11
4 20
5 18
6 10
7 10
8 10

1 13
2 19
3 17
4 20
5 17
6 20
7 20
8 20

1 14
2 19
3 10
4 10
5 20
6 14
7 19
8 10

1 10
2 19
3 10
4 13
5 13
6 13
7 20
8 20

1 17
2 15
3 10
4 20
5 20
6 18
7 13
8 13

1 14
2 19
3 18
4 17
5 15
6 15
7 11
8 16

1 17
2 15
3 11
4 20
5 18
6 10
7 10
8 10

1 13
2 19
3 17
4 20
5 17
6 20
7 20
8 20

1 14
2 19
3 10
4 10
5 20
6 14
7 19
8 10

1 10
2 19
3 10
4 13
5 13
6 13
7 20
8 20

1 17
2 15
3 10
4 20
5 20
6 18
7 13
8 13

1 14
2 19
3 18
4 17
5 15
6 15
7 11
8 16

1 17
2 15
3 11
4 20
5 18
6 10
7 10
8 10

1 13
2 19
3 17
4 20
5 17
6 20
7 20
8 20

1 14
2 19
3 10
4 10
5 20
6 14
7 19
8 10

1 10
2 19
3 10
4 13
5 13
6 13
7 20
8 20

1 17
2 15
3 10
4 20
5 20
6 18
7 13
8 13

1 14
2 19
3 18
4 17
5 15
6 15
7 11
8 16

1 17
2 15
3 11
4 20
5 18
6 10
7 10
8 10

1 13
2 19
3 17
4 20
5 17
6 20
7 20
8 20

1 14
2 19
3 10
4 10
5 20
6 14
7 19
8 10

1 10
2 19
3 10
4 13
5 13
6 13
7 20
8 20

1 17
2 15
3 10
4 20
5 20
6 18
7 13
8 13

1 14
2 19
3 18
4 17
5 15
6 15
7 11
8 16

1 17
2 15
3 11
4 20
5 18
6 10
7 10
8 10

1 13
2 19
3 17
4 20
5 17
6 20
7 20
8 20

1 14
2 19
3 10
4 10
5 20
6 14
7 19
8 10