1 0
2 0
3 0
4 0
5 0
6 0
7 0
8 0

1 16
2 13
3 16
4 19
5 14
6 15
7 16
8 10

1 20
2 10
3 20
4 16
5 14
6 15
7 20
8 16

1 16
2 13
3 16
4 19
5 14
6 15
7 16
8 10

1 20
2 10
3 20
4 16
5 14
6 15
7 20
8 16

1 16
2 13
3 16
4 19
5 14
6 15
7 16
8 10

1 20
2 10
3 20
4 16
5 14
6 15
7 20
8 16

1 16
2 13
3 16
4 19
5 14
6 15
7 16
8 10

1 20
2 10
3 20
4 16
5 14
6 15
7 20
8 16

1 16
2 13
3 16
4 19
5 14
6 15
7 16
8 10

1 20
2 10
3 20
4 16
5 14
6 15
7 20
8 16

1 16
2 13
3 16
4 19
5 14
6 15
7 16
8 10

1 20
2 10
3 20
4 16
5 14
6 15
7 20
8 16

1 16
2 13
3 16
4 19
5 14
6 15
7 16
8 10

1 20
2 10
3 20
4 16
5 14
6 15
7 20
8 16

1 16
2 13
3 16
4 19
5 14
6 15
7 16
8 10

1 20
2 10
3 20
4 16
5 14
6 15
7 20
8 16

1 16
2 13
3 16
4 19
5 14
6 15
7 16
8 10

1 20
2 10
3 20
4 16
5 14
6 15
7 20
8 16

1 16
2 13
3 16
4 19
5 14
6 15
7 16
8 10

1 20
2 10
3 20
4 16
5 14
6 15
7 20
8 16