1 0
2 0
3 0
4 0
5 0
6 0
7 0
8 0
9 0
10 0
11 0
12 0
13 0
14 0
15 0
16 0

1 20
2 14
3 15
4 10
5 10
6 16
7 20
8 11
9 10
10 18
11 20
12 18
13 16
14 14
15 14
16 15

1 16
2 15
3 20
4 17
5 10
6 20
7 10
8 10
9 20
10 14
11 11
12 19
13 15
14 20
15 11
16 15

1 13
2 11
3 15
4 17
5 12
6 11
7 16
8 10
9 15
10 15
11 19
12 11
13 18
14 13
15 11
16 15

1 14
2 19
3 17
4 13
5 14
6 19
7 16
8 12
9 13
10 13
11 16
12 11
13 10
14 11
15 13
16 10

1 13
2 11
3 14
4 18
5 10
6 12
7 10
8 11
9 12
10 12
11 17
12 12
13 15
14 13
15 18
16 12

1 10
2 11
3 15
4 10
5 14
6 18
7 16
8 17
9 18
10 20
11 11
12 17
13 11
14 18
15 12
16 19

1 20
2 14
3 15
4 10
5 10
6 16
7 20
8 11
9 10
10 18
11 20
12 18
13 16
14 14
15 14
16 15

1 16
2 15
3 20
4 17
5 10
6 20
7 10
8 10
9 20
10 14
11 11
12 19
13 15
14 20
15 11
16 15

1 13
2 11
3 15
4 17
5 12
6 11
7 16
8 10
9 15
10 15
11 19
12 11
13 18
14 13
15 11
16 15

1 14
2 19
3 17
4 13
5 14
6 19
7 16
8 12
9 13
10 13
11 16
12 11
13 10
14 11
15 13
16 10

1 13
2 11
3 14
4 18
5 10
6 12
7 10
8 11
9 12
10 12
11 17
12 12
13 15
14 13
15 18
16 12

1 10
2 11
3 15
4 10
5 14
6 18
7 16
8 17
9 18
10 20
11 11
12 17
13 11
14 18
15 12
16 19

1 20
2 14
3 15
4 10
5 10
6 16
7 20
8 11
9 10
10 18
11 20
12 18
13 16
14 14
15 14
16 15

1 16
2 15
3 20
4 17
5 10
6 20
7 10
8 10
9 20
10 14
11 11
12 19
13 15
14 20
15 11
16 15

1 13
2 11
3 15
4 17
5 12
6 11
7 16
8 10
9 15
10 15
11 19
12 11
13 18
14 13
15 11
16 15

1 14
2 19
3 17
4 13
5 14
6 19
7 16
8 12
9 13
10 13
11 16
12 11
13 10
14 11
15 13
16 10

1 13
2 11
3 14
4 18
5 10
6 12
7 10
8 11
9 12
10 12
11 17
12 12
13 15
14 13
15 18
16 12

1 10
2 11
3 15
4 10
5 14
6 18
7 16
8 17
9 18
10 20
11 11
12 17
13 11
14 18
15 12
16 19

1 20
2 14
3 15
4 10
5 10
6 16
7 20
8 11
9 10
10 18
11 20
12 18
13 16
14 14
15 14
16 15

1 16
2 15
3 20
4 17
5 10
6 20
7 10
8 10
9 20
10 14
11 11
12 19
13 15
14 20
15 11
16 15

1 13
2 11
3 15
4 17
5 12
6 11
7 16
8 10
9 15
10 15
11 19
12 11
13 18
14 13
15 11
16 15

1 14
2 19
3 17
4 13
5 14
6 19
7 16
8 12
9 13
10 13
11 16
12 11
13 10
14 11
15 13
16 10

1 13
2 11
3 14
4 18
5 10
6 12
7 10
8 11
9 12
10 12
11 17
12 12
13 15
14 13
15 18
16 12

1 10
2 11
3 15
4 10
5 14
6 18
7 16
8 17
9 18
10 20
11 11
12 17
13 11
14 18
15 12
16 19

1 20
2 14
3 15
4 10
5 10
6 16
7 20
8 11
9 10
10 18
11 20
12 18
13 16
14 14
15 14
16 15

1 16
2 15
3 20
4 17
5 10
6 20
7 10
8 10
9 20
10 14
11 11
12 19
13 15
14 20
15 11
16 15

1 13
2 11
3 15
4 17
5 12
6 11
7 16
8 10
9 15
10 15
11 19
12 11
13 18
14 13
15 11
16 15

1 14
2 19
3 17
4 13
5 14
6 19
7 16
8 12
9 13
10 13
11 16
12 11
13 10
14 11
15 13
16 10

1 13
2 11
3 14
4 18
5 10
6 12
7 10
8 11
9 12
10 12
11 17
12 12
13 15
14 13
15 18
16 12

1 10
2 11
3 15
4 10
5 14
6 18
7 16
8 17
9 18
10 20
11 11
12 17
13 11
14 18
15 12
16 19

1 20
2 14
3 15
4 10
5 10
6 16
7 20
8 11
9 10
10 18
11 20
12 18
13 16
14 14
15 14
16 15

1 16
2 15
3 20
4 17
5 10
6 20
7 10
8 10
9 20
10 14
11 11
12 19
13 15
14 20
15 11
16 15

1 13
2 11
3 15
4 17
5 12
6 11
7 16
8 10
9 15
10 15
11 19
12 11
13 18
14 13
15 11
16 15

1 14
2 19
3 17
4 13
5 14
6 19
7 16
8 12
9 13
10 13
11 16
12 11
13 10
14 11
15 13
16 10

1 13
2 11
3 14
4 18
5 10
6 12
7 10
8 11
9 12
10 12
11 17
12 12
13 15
14 13
15 18
16 12

1 10
2 11
3 15
4 10
5 14
6 18
7 16
8 17
9 18
10 20
11 11
12 17
13 11
14 18
15 12
16 19

1 20
2 14
3 15
4 10
5 10
6 16
7 20
8 11
9 10
10 18
11 20
12 18
13 16
14 14
15 14
16 15

1 16
2 15
3 20
4 17
5 10
6 20
7 10
8 10
9 20
10 14
11 11
12 19
13 15
14 20
15 11
16 15

1 13
2 11
3 15
4 17
5 12
6 11
7 16
8 10
9 15
10 15
11 19
12 11
13 18
14 13
15 11
16 15

1 14
2 19
3 17
4 13
5 14
6 19
7 16
8 12
9 13
10 13
11 16
12 11
13 10
14 11
15 13
16 10

1 13
2 11
3 14
4 18
5 10
6 12
7 10
8 11
9 12
10 12
11 17
12 12
13 15
14 13
15 18
16 12

1 10
2 11
3 15
4 10
5 14
6 18
7 16
8 17
9 18
10 20
11 11
12 17
13 11
14 18
15 12
16 19

1 20
2 14
3 15
4 10
5 10
6 16
7 20
8 11
9 10
10 18
11 20
12 18
13 16
14 14
15 14
16 15

1 16
2 15
3 20
4 17
5 10
6 20
7 10
8 10
9 20
10 14
11 11
12 19
13 15
14 20
15 11
16 15

1 13
2 11
3 15
4 17
5 12
6 11
7 16
8 10
9 15
10 15
11 19
12 11
13 18
14 13
15 11
16 15

1 14
2 19
3 17
4 13
5 14
6 19
7 16
8 12
9 13
10 13
11 16
12 11
13 10
14 11
15 13
16 10

1 13
2 11
3 14
4 18
5 10
6 12
7 10
8 11
9 12
10 12
11 17
12 12
13 15
14 13
15 18
16 12

1 10
2 11
3 15
4 10
5 14
6 18
7 16
8 17
9 18
10 20
11 11
12 17
13 11
14 18
15 12
16 19

1 20
2 14
3 15
4 10
5 10
6 16
7 20
8 11
9 10
10 18
11 20
12 18
13 16
14 14
15 14
16 15

1 16
2 15
3 20
4 17
5 10
6 20
7 10
8 10
9 20
10 14
11 11
12 19
13 15
14 20
15 11
16 15

1 13
2 11
3 15
4 17
5 12
6 11
7 16
8 10
9 15
10 15
11 19
12 11
13 18
14 13
15 11
16 15

1 14
2 19
3 17
4 13
5 14
6 19
7 16
8 12
9 13
10 13
11 16
12 11
13 10
14 11
15 13
16 10

1 13
2 11
3 14
4 18
5 10
6 12
7 10
8 11
9 12
10 12
11 17
12 12
13 15
14 13
15 18
16 12

1 10
2 11
3 15
4 10
5 14
6 18
7 16
8 17
9 18
10 20
11 11
12 17
13 11
14 18
15 12
16 19

1 20
2 14
3 15
4 10
5 10
6 16
7 20
8 11
9 10
10 18
11 20
12 18
13 16
14 14
15 14
16 15

1 16
2 15
3 20
4 17
5 10
6 20
7 10
8 10
9 20
10 14
11 11
12 19
13 15
14 20
15 11
16 15

1 13
2 11
3 15
4 17
5 12
6 11
7 16
8 10
9 15
10 15
11 19
12 11
13 18
14 13
15 11
16 15

1 14
2 19
3 17
4 13
5 14
6 19
7 16
8 12
9 13
10 13
11 16
12 11
13 10
14 11
15 13
16 10

1 13
2 11
3 14
4 18
5 10
6 12
7 10
8 11
9 12
10 12
11 17
12 12
13 15
14 13
15 18
16 12

1 10
2 11
3 15
4 10
5 14
6 18
7 16
8 17
9 18
10 20
11 11
12 17
13 11
14 18
15 12
16 19

1 20
2 14
3 15
4 10
5 10
6 16
7 20
8 11
9 10
10 18
11 20
12 18
13 16
14 14
15 14
16 15

1 16
2 15
3 20
4 17
5 10
6 20
7 10
8 10
9 20
10 14
11 11
12 19
13 15
14 20
15 11
16 15

1 13
2 11
3 15
4 17
5 12
6 11
7 16
8 10
9 15
10 15
11 19
12 11
13 18
14 13
15 11
16 15

1 14
2 19
3 17
4 13
5 14
6 19
7 16
8 12
9 13
10 13
11 16
12 11
13 10
14 11
15 13
16 10

1 13
2 11
3 14
4 18
5 10
6 12
7 10
8 11
9 12
10 12
11 17
12 12
13 15
14 13
15 18
16 12

1 10
2 11
3 15
4 10
5 14
6 18
7 16
8 17
9 18
10 20
11 11
12 17
13 11
14 18
15 12
16 19

1 20
2 14
3 15
4 10
5 10
6 16
7 20
8 11
9 10
10 18
11 20
12 18
13 16
14 14
15 14
16 15

1 16
2 15
3 20
4 17
5 10
6 20
7 10
8 10
9 20
10 14
11 11
12 19
13 15
14 20
15 11
16 15

1 13
2 11
3 15
4 17
5 12
6 11
7 16
8 10
9 15
10 15
11 19
12 11
13 18
14 13
15 11
16 15

1 14
2 19
3 17
4 13
5 14
6 19
7 16
8 12
9 13
10 13
11 16
12 11
13 10
14 11
15 13
16 10

1 13
2 11
3 14
4 18
5 10
6 12
7 10
8 11
9 12
10 12
11 17
12 12
13 15
14 13
15 18
16 12

1 10
2 11
3 15
4 10
5 14
6 18
7 16
8 17
9 18
10 20
11 11
12 17
13 11
14 18
15 12
16 19

1 20
2 14
3 15
4 10
5 10
6 16
7 20
8 11
9 10
10 18
11 20
12 18
13 16
14 14
15 14
16 15

1 16
2 15
3 20
4 17
5 10
6 20
7 10
8 10
9 20
10 14
11 11
12 19
13 15
14 20
15 11
16 15

1 13
2 11
3 15
4 17
5 12
6 11
7 16
8 10
9 15
10 15
11 19
12 11
13 18
14 13
15 11
16 15

1 14
2 19
3 17
4 13
5 14
6 19
7 16
8 12
9 13
10 13
11 16
12 11
13 10
14 11
15 13
16 10

1 13
2 11
3 14
4 18
5 10
6 12
7 10
8 11
9 12
10 12
11 17
12 12
13 15
14 13
15 18
16 12

1 10
2 11
3 15
4 10
5 14
6 18
7 16
8 17
9 18
10 20
11 11
12 17
13 11
14 18
15 12
16 19

1 20
2 14
3 15
4 10
5 10
6 16
7 20
8 11
9 10
10 18
11 20
12 18
13 16
14 14
15 14
16 15

1 16
2 15
3 20
4 17
5 10
6 20
7 10
8 10
9 20
10 14
11 11
12 19
13 15
14 20
15 11
16 15

1 13
2 11
3 15
4 17
5 12
6 11
7 16
8 10
9 15
10 15
11 19
12 11
13 18
14 13
15 11
16 15

1 14
2 19
3 17
4 13
5 14
6 19
7 16
8 12
9 13
10 13
11 16
12 11
13 10
14 11
15 13
16 10

1 13
2 11
3 14
4 18
5 10
6 12
7 10
8 11
9 12
10 12
11 17
12 12
13 15
14 13
15 18
16 12

1 10
2 11
3 15
4 10
5 14
6 18
7 16
8 17
9 18
10 20
11 11
12 17
13 11
14 18
15 12
16 19

1 20
2 14
3 15
4 10
5 10
6 16
7 20
8 11
9 10
10 18
11 20
12 18
13 16
14 14
15 14
16 15

1 16
2 15
3 20
4 17
5 10
6 20
7 10
8 10
9 20
10 14
11 11
12 19
13 15
14 20
15 11
16 15

1 13
2 11
3 15
4 17
5 12
6 11
7 16
8 10
9 15
10 15
11 19
12 11
13 18
14 13
15 11
16 15

1 14
2 19
3 17
4 13
5 14
6 19
7 16
8 12
9 13
10 13
11 16
12 11
13 10
14 11
15 13
16 10

1 13
2 11
3 14
4 18
5 10
6 12
7 10
8 11
9 12
10 12
11 17
12 12
13 15
14 13
15 18
16 12

1 10
2 11
3 15
4 10
5 14
6 18
7 16
8 17
9 18
10 20
11 11
12 17
13 11
14 18
15 12
16 19

1 20
2 14
3 15
4 10
5 10
6 16
7 20
8 11
9 10
10 18
11 20
12 18
13 16
14 14
15 14
16 15

1 16
2 15
3 20
4 17
5 10
6 20
7 10
8 10
9 20
10 14
11 11
12 19
13 15
14 20
15 11
16 15

1 13
2 11
3 15
4 17
5 12
6 11
7 16
8 10
9 15
10 15
11 19
12 11
13 18
14 13
15 11
16 15

1 14
2 19
3 17
4 13
5 14
6 19
7 16
8 12
9 13
10 13
11 16
12 11
13 10
14 11
15 13
16 10

1 13
2 11
3 14
4 18
5 10
6 12
7 10
8 11
9 12
10 12
11 17
12 12
13 15
14 13
15 18
16 12

1 10
2 11
3 15
4 10
5 14
6 18
7 16
8 17
9 18
10 20
11 11
12 17
13 11
14 18
15 12
16 19

1 20
2 14
3 15
4 10
5 10
6 16
7 20
8 11
9 10
10 18
11 20
12 18
13 16
14 14
15 14
16 15

1 16
2 15
3 20
4 17
5 10
6 20
7 10
8 10
9 20
10 14
11 11
12 19
13 15
14 20
15 11
16 15

1 13
2 11
3 15
4 17
5 12
6 11
7 16
8 10
9 15
10 15
11 19
12 11
13 18
14 13
15 11
16 15

1 14
2 19
3 17
4 13
5 14
6 19
7 16
8 12
9 13
10 13
11 16
12 11
13 10
14 11
15 13
16 10

1 13
2 11
3 14
4 18
5 10
6 12
7 10
8 11
9 12
10 12
11 17
12 12
13 15
14 13
15 18
16 12

1 10
2 11
3 15
4 10
5 14
6 18
7 16
8 17
9 18
10 20
11 11
12 17
13 11
14 18
15 12
16 19

1 20
2 14
3 15
4 10
5 10
6 16
7 20
8 11
9 10
10 18
11 20
12 18
13 16
14 14
15 14
16 15

1 16
2 15
3 20
4 17
5 10
6 20
7 10
8 10
9 20
10 14
11 11
12 19
13 15
14 20
15 11
16 15

1 13
2 11
3 15
4 17
5 12
6 11
7 16
8 10
9 15
10 15
11 19
12 11
13 18
14 13
15 11
16 15

1 14
2 19
3 17
4 13
5 14
6 19
7 16
8 12
9 13
10 13
11 16
12 11
13 10
14 11
15 13
16 10

1 13
2 11
3 14
4 18
5 10
6 12
7 10
8 11
9 12
10 12
11 17
12 12
13 15
14 13
15 18
16 12

1 10
2 11
3 15
4 10
5 14
6 18
7 16
8 17
9 18
10 20
11 11
12 17
13 11
14 18
15 12
16 19

1 20
2 14
3 15
4 10
5 10
6 16
7 20
8 11
9 10
10 18
11 20
12 18
13 16
14 14
15 14
16 15

1 16
2 15
3 20
4 17
5 10
6 20
7 10
8 10
9 20
10 14
11 11
12 19
13 15
14 20
15 11
16 15

1 13
2 11
3 15
4 17
5 12
6 11
7 16
8 10
9 15
10 15
11 19
12 11
13 18
14 13
15 11
16 15

1 14
2 19
3 17
4 13
5 14
6 19
7 16
8 12
9 13
10 13
11 16
12 11
13 10
14 11
15 13
16 10

1 13
2 11
3 14
4 18
5 10
6 12
7 10
8 11
9 12
10 12
11 17
12 12
13 15
14 13
15 18
16 12

1 10
2 11
3 15
4 10
5 14
6 18
7 16
8 17
9 18
10 20
11 11
12 17
13 11
14 18
15 12
16 19

1 20
2 14
3 15
4 10
5 10
6 16
7 20
8 11
9 10
10 18
11 20
12 18
13 16
14 14
15 14
16 15

1 16
2 15
3 20
4 17
5 10
6 20
7 10
8 10
9 20
10 14
11 11
12 19
13 15
14 20
15 11
16 15

1 13
2 11
3 15
4 17
5 12
6 11
7 16
8 10
9 15
10 15
11 19
12 11
13 18
14 13
15 11
16 15

1 14
2 19
3 17
4 13
5 14
6 19
7 16
8 12
9 13
10 13
11 16
12 11
13 10
14 11
15 13
16 10

1 13
2 11
3 14
4 18
5 10
6 12
7 10
8 11
9 12
10 12
11 17
12 12
13 15
14 13
15 18
16 12

1 10
2 11
3 15
4 10
5 14
6 18
7 16
8 17
9 18
10 20
11 11
12 17
13 11
14 18
15 12
16 19