1 0
2 0
3 0
4 0

1 16
2 10
3 19
4 13

1 17
2 11
3 20
4 17

1 12
2 18
3 19
4 13

1 20
2 18
3 12
4 10

1 10
2 17
3 17
4 16

1 19
2 15
3 10
4 16

1 16
2 10
3 19
4 13

1 17
2 11
3 20
4 17

1 12
2 18
3 19
4 13

1 20
2 18
3 12
4 10

1 10
2 17
3 17
4 16

1 19
2 15
3 10
4 16

1 16
2 10
3 19
4 13

1 17
2 11
3 20
4 17

1 12
2 18
3 19
4 13

1 20
2 18
3 12
4 10

1 10
2 17
3 17
4 16

1 19
2 15
3 10
4 16

1 16
2 10
3 19
4 13

1 17
2 11
3 20
4 17

1 12
2 18
3 19
4 13

1 20
2 18
3 12
4 10

1 10
2 17
3 17
4 16

1 19
2 15
3 10
4 16

1 16
2 10
3 19
4 13

1 17
2 11
3 20
4 17

1 12
2 18
3 19
4 13

1 20
2 18
3 12
4 10

1 10
2 17
3 17
4 16

1 19
2 15
3 10
4 16

1 16
2 10
3 19
4 13

1 17
2 11
3 20
4 17

1 12
2 18
3 19
4 13

1 20
2 18
3 12
4 10

1 10
2 17
3 17
4 16

1 19
2 15
3 10
4 16

1 16
2 10
3 19
4 13

1 17
2 11
3 20
4 17

1 12
2 18
3 19
4 13

1 20
2 18
3 12
4 10

1 10
2 17
3 17
4 16

1 19
2 15
3 10
4 16

1 16
2 10
3 19
4 13

1 17
2 11
3 20
4 17

1 12
2 18
3 19
4 13

1 20
2 18
3 12
4 10

1 10
2 17
3 17
4 16

1 19
2 15
3 10
4 16

1 16
2 10
3 19
4 13

1 17
2 11
3 20
4 17

1 12
2 18
3 19
4 13

1 20
2 18
3 12
4 10

1 10
2 17
3 17
4 16

1 19
2 15
3 10
4 16

1 16
2 10
3 19
4 13

1 17
2 11
3 20
4 17

1 12
2 18
3 19
4 13

1 20
2 18
3 12
4 10

1 10
2 17
3 17
4 16

1 19
2 15
3 10
4 16

1 16
2 10
3 19
4 13

1 17
2 11
3 20
4 17

1 12
2 18
3 19
4 13

1 20
2 18
3 12
4 10

1 10
2 17
3 17
4 16

1 19
2 15
3 10
4 16

1 16
2 10
3 19
4 13

1 17
2 11
3 20
4 17

1 12
2 18
3 19
4 13

1 20
2 18
3 12
4 10

1 10
2 17
3 17
4 16

1 19
2 15
3 10
4 16

1 16
2 10
3 19
4 13

1 17
2 11
3 20
4 17

1 12
2 18
3 19
4 13

1 20
2 18
3 12
4 10

1 10
2 17
3 17
4 16

1 19
2 15
3 10
4 16

1 16
2 10
3 19
4 13

1 17
2 11
3 20
4 17

1 12
2 18
3 19
4 13

1 20
2 18
3 12
4 10

1 10
2 17
3 17
4 16

1 19
2 15
3 10
4 16

1 16
2 10
3 19
4 13

1 17
2 11
3 20
4 17

1 12
2 18
3 19
4 13

1 20
2 18
3 12
4 10

1 10
2 17
3 17
4 16

1 19
2 15
3 10
4 16