1 0
2 0
3 0
4 0
5 0
6 0
7 0
8 0

1 0
2 8
3 9
4 0
5 0
6 7
7 6
8 6

1 5
2 4
3 3
4 2
5 4
6 3
7 7
8 8

1 5
2 2
3 7
4 7
5 8
6 4
7 3
8 9

1 0
2 1
3 4
4 1
5 3
6 9
7 2
8 9

1 0
2 8
3 9
4 0
5 0
6 7
7 6
8 6

1 5
2 4
3 3
4 2
5 4
6 3
7 7
8 8

1 5
2 2
3 7
4 7
5 8
6 4
7 3
8 9

1 0
2 1
3 4
4 1
5 3
6 9
7 2
8 9

1 0
2 8
3 9
4 0
5 0
6 7
7 6
8 6

1 5
2 4
3 3
4 2
5 4
6 3
7 7
8 8

1 5
2 2
3 7
4 7
5 8
6 4
7 3
8 9

1 0
2 1
3 4
4 1
5 3
6 9
7 2
8 9

1 0
2 8
3 9
4 0
5 0
6 7
7 6
8 6

1 5
2 4
3 3
4 2
5 4
6 3
7 7
8 8

1 5
2 2
3 7
4 7
5 8
6 4
7 3
8 9

1 0
2 1
3 4
4 1
5 3
6 9
7 2
8 9

1 0
2 8
3 9
4 0
5 0
6 7
7 6
8 6

1 5
2 4
3 3
4 2
5 4
6 3
7 7
8 8

1 5
2 2
3 7
4 7
5 8
6 4
7 3
8 9

1 0
2 1
3 4
4 1
5 3
6 9
7 2
8 9

1 0
2 8
3 9
4 0
5 0
6 7
7 6
8 6

1 5
2 4
3 3
4 2
5 4
6 3
7 7
8 8

1 5
2 2
3 7
4 7
5 8
6 4
7 3
8 9

1 0
2 1
3 4
4 1
5 3
6 9
7 2
8 9

1 0
2 8
3 9
4 0
5 0
6 7
7 6
8 6

1 5
2 4
3 3
4 2
5 4
6 3
7 7
8 8

1 5
2 2
3 7
4 7
5 8
6 4
7 3
8 9

1 0
2 1
3 4
4 1
5 3
6 9
7 2
8 9

1 0
2 8
3 9
4 0
5 0
6 7
7 6
8 6

1 5
2 4
3 3
4 2
5 4
6 3
7 7
8 8

1 5
2 2
3 7
4 7
5 8
6 4
7 3
8 9

1 0
2 1
3 4
4 1
5 3
6 9
7 2
8 9

1 0
2 8
3 9
4 0
5 0
6 7
7 6
8 6

1 5
2 4
3 3
4 2
5 4
6 3
7 7
8 8

1 5
2 2
3 7
4 7
5 8
6 4
7 3
8 9

1 0
2 1
3 4
4 1
5 3
6 9
7 2
8 9

1 0
2 8
3 9
4 0
5 0
6 7
7 6
8 6

1 5
2 4
3 3
4 2
5 4
6 3
7 7
8 8

1 5
2 2
3 7
4 7
5 8
6 4
7 3
8 9

1 0
2 1
3 4
4 1
5 3
6 9
7 2
8 9

1 0
2 8
3 9
4 0
5 0
6 7
7 6
8 6

1 5
2 4
3 3
4 2
5 4
6 3
7 7
8 8

1 5
2 2
3 7
4 7
5 8
6 4
7 3
8 9

1 0
2 1
3 4
4 1
5 3
6 9
7 2
8 9

1 0
2 8
3 9
4 0
5 0
6 7
7 6
8 6

1 5
2 4
3 3
4 2
5 4
6 3
7 7
8 8

1 5
2 2
3 7
4 7
5 8
6 4
7 3
8 9

1 0
2 1
3 4
4 1
5 3
6 9
7 2
8 9

1 0
2 8
3 9
4 0
5 0
6 7
7 6
8 6

1 5
2 4
3 3
4 2
5 4
6 3
7 7
8 8

1 5
2 2
3 7
4 7
5 8
6 4
7 3
8 9

1 0
2 1
3 4
4 1
5 3
6 9
7 2
8 9

1 0
2 8
3 9
4 0
5 0
6 7
7 6
8 6

1 5
2 4
3 3
4 2
5 4
6 3
7 7
8 8

1 5
2 2
3 7
4 7
5 8
6 4
7 3
8 9

1 0
2 1
3 4
4 1
5 3
6 9
7 2
8 9

1 0
2 8
3 9
4 0
5 0
6 7
7 6
8 6

1 5
2 4
3 3
4 2
5 4
6 3
7 7
8 8

1 5
2 2
3 7
4 7
5 8
6 4
7 3
8 9

1 0
2 1
3 4
4 1
5 3
6 9
7 2
8 9