1 0
2 0
3 0
4 0
5 0
6 0
7 0
8 0
9 0
10 0
11 0
12 0
13 0
14 0
15 0
16 0

1 6
2 3
3 5
4 3
5 4
6 0
7 9
8 1
9 9
10 2
11 1
12 1
13 4
14 9
15 8
16 9

1 7
2 5
3 5
4 1
5 9
6 0
7 9
8 2
9 4
10 3
11 9
12 6
13 0
14 2
15 7
16 2

1 3
2 7
3 7
4 6
5 6
6 4
7 9
8 5
9 0
10 2
11 2
12 3
13 5
14 3
15 0
16 0

1 7
2 4
3 0
4 6
5 5
6 4
7 9
8 9
9 6
10 2
11 3
12 9
13 5
14 8
15 2
16 9

1 5
2 4
3 7
4 9
5 9
6 4
7 3
8 5
9 9
10 6
11 5
12 4
13 5
14 0
15 7
16 2

1 3
2 0
3 9
4 1
5 3
6 5
7 3
8 9
9 0
10 3
11 6
12 8
13 3
14 8
15 4
16 2

1 6
2 3
3 5
4 3
5 4
6 0
7 9
8 1
9 9
10 2
11 1
12 1
13 4
14 9
15 8
16 9

1 7
2 5
3 5
4 1
5 9
6 0
7 9
8 2
9 4
10 3
11 9
12 6
13 0
14 2
15 7
16 2

1 3
2 7
3 7
4 6
5 6
6 4
7 9
8 5
9 0
10 2
11 2
12 3
13 5
14 3
15 0
16 0

1 7
2 4
3 0
4 6
5 5
6 4
7 9
8 9
9 6
10 2
11 3
12 9
13 5
14 8
15 2
16 9

1 5
2 4
3 7
4 9
5 9
6 4
7 3
8 5
9 9
10 6
11 5
12 4
13 5
14 0
15 7
16 2

1 3
2 0
3 9
4 1
5 3
6 5
7 3
8 9
9 0
10 3
11 6
12 8
13 3
14 8
15 4
16 2

1 6
2 3
3 5
4 3
5 4
6 0
7 9
8 1
9 9
10 2
11 1
12 1
13 4
14 9
15 8
16 9

1 7
2 5
3 5
4 1
5 9
6 0
7 9
8 2
9 4
10 3
11 9
12 6
13 0
14 2
15 7
16 2

1 3
2 7
3 7
4 6
5 6
6 4
7 9
8 5
9 0
10 2
11 2
12 3
13 5
14 3
15 0
16 0

1 7
2 4
3 0
4 6
5 5
6 4
7 9
8 9
9 6
10 2
11 3
12 9
13 5
14 8
15 2
16 9

1 5
2 4
3 7
4 9
5 9
6 4
7 3
8 5
9 9
10 6
11 5
12 4
13 5
14 0
15 7
16 2

1 3
2 0
3 9
4 1
5 3
6 5
7 3
8 9
9 0
10 3
11 6
12 8
13 3
14 8
15 4
16 2

1 6
2 3
3 5
4 3
5 4
6 0
7 9
8 1
9 9
10 2
11 1
12 1
13 4
14 9
15 8
16 9

1 7
2 5
3 5
4 1
5 9
6 0
7 9
8 2
9 4
10 3
11 9
12 6
13 0
14 2
15 7
16 2

1 3
2 7
3 7
4 6
5 6
6 4
7 9
8 5
9 0
10 2
11 2
12 3
13 5
14 3
15 0
16 0

1 7
2 4
3 0
4 6
5 5
6 4
7 9
8 9
9 6
10 2
11 3
12 9
13 5
14 8
15 2
16 9

1 5
2 4
3 7
4 9
5 9
6 4
7 3
8 5
9 9
10 6
11 5
12 4
13 5
14 0
15 7
16 2

1 3
2 0
3 9
4 1
5 3
6 5
7 3
8 9
9 0
10 3
11 6
12 8
13 3
14 8
15 4
16 2

1 6
2 3
3 5
4 3
5 4
6 0
7 9
8 1
9 9
10 2
11 1
12 1
13 4
14 9
15 8
16 9

1 7
2 5
3 5
4 1
5 9
6 0
7 9
8 2
9 4
10 3
11 9
12 6
13 0
14 2
15 7
16 2

1 3
2 7
3 7
4 6
5 6
6 4
7 9
8 5
9 0
10 2
11 2
12 3
13 5
14 3
15 0
16 0

1 7
2 4
3 0
4 6
5 5
6 4
7 9
8 9
9 6
10 2
11 3
12 9
13 5
14 8
15 2
16 9

1 5
2 4
3 7
4 9
5 9
6 4
7 3
8 5
9 9
10 6
11 5
12 4
13 5
14 0
15 7
16 2

1 3
2 0
3 9
4 1
5 3
6 5
7 3
8 9
9 0
10 3
11 6
12 8
13 3
14 8
15 4
16 2

1 6
2 3
3 5
4 3
5 4
6 0
7 9
8 1
9 9
10 2
11 1
12 1
13 4
14 9
15 8
16 9

1 7
2 5
3 5
4 1
5 9
6 0
7 9
8 2
9 4
10 3
11 9
12 6
13 0
14 2
15 7
16 2

1 3
2 7
3 7
4 6
5 6
6 4
7 9
8 5
9 0
10 2
11 2
12 3
13 5
14 3
15 0
16 0

1 7
2 4
3 0
4 6
5 5
6 4
7 9
8 9
9 6
10 2
11 3
12 9
13 5
14 8
15 2
16 9

1 5
2 4
3 7
4 9
5 9
6 4
7 3
8 5
9 9
10 6
11 5
12 4
13 5
14 0
15 7
16 2

1 3
2 0
3 9
4 1
5 3
6 5
7 3
8 9
9 0
10 3
11 6
12 8
13 3
14 8
15 4
16 2

1 6
2 3
3 5
4 3
5 4
6 0
7 9
8 1
9 9
10 2
11 1
12 1
13 4
14 9
15 8
16 9

1 7
2 5
3 5
4 1
5 9
6 0
7 9
8 2
9 4
10 3
11 9
12 6
13 0
14 2
15 7
16 2

1 3
2 7
3 7
4 6
5 6
6 4
7 9
8 5
9 0
10 2
11 2
12 3
13 5
14 3
15 0
16 0

1 7
2 4
3 0
4 6
5 5
6 4
7 9
8 9
9 6
10 2
11 3
12 9
13 5
14 8
15 2
16 9

1 5
2 4
3 7
4 9
5 9
6 4
7 3
8 5
9 9
10 6
11 5
12 4
13 5
14 0
15 7
16 2

1 3
2 0
3 9
4 1
5 3
6 5
7 3
8 9
9 0
10 3
11 6
12 8
13 3
14 8
15 4
16 2

1 6
2 3
3 5
4 3
5 4
6 0
7 9
8 1
9 9
10 2
11 1
12 1
13 4
14 9
15 8
16 9

1 7
2 5
3 5
4 1
5 9
6 0
7 9
8 2
9 4
10 3
11 9
12 6
13 0
14 2
15 7
16 2

1 3
2 7
3 7
4 6
5 6
6 4
7 9
8 5
9 0
10 2
11 2
12 3
13 5
14 3
15 0
16 0

1 7
2 4
3 0
4 6
5 5
6 4
7 9
8 9
9 6
10 2
11 3
12 9
13 5
14 8
15 2
16 9

1 5
2 4
3 7
4 9
5 9
6 4
7 3
8 5
9 9
10 6
11 5
12 4
13 5
14 0
15 7
16 2

1 3
2 0
3 9
4 1
5 3
6 5
7 3
8 9
9 0
10 3
11 6
12 8
13 3
14 8
15 4
16 2

1 6
2 3
3 5
4 3
5 4
6 0
7 9
8 1
9 9
10 2
11 1
12 1
13 4
14 9
15 8
16 9

1 7
2 5
3 5
4 1
5 9
6 0
7 9
8 2
9 4
10 3
11 9
12 6
13 0
14 2
15 7
16 2

1 3
2 7
3 7
4 6
5 6
6 4
7 9
8 5
9 0
10 2
11 2
12 3
13 5
14 3
15 0
16 0

1 7
2 4
3 0
4 6
5 5
6 4
7 9
8 9
9 6
10 2
11 3
12 9
13 5
14 8
15 2
16 9

1 5
2 4
3 7
4 9
5 9
6 4
7 3
8 5
9 9
10 6
11 5
12 4
13 5
14 0
15 7
16 2

1 3
2 0
3 9
4 1
5 3
6 5
7 3
8 9
9 0
10 3
11 6
12 8
13 3
14 8
15 4
16 2

1 6
2 3
3 5
4 3
5 4
6 0
7 9
8 1
9 9
10 2
11 1
12 1
13 4
14 9
15 8
16 9

1 7
2 5
3 5
4 1
5 9
6 0
7 9
8 2
9 4
10 3
11 9
12 6
13 0
14 2
15 7
16 2

1 3
2 7
3 7
4 6
5 6
6 4
7 9
8 5
9 0
10 2
11 2
12 3
13 5
14 3
15 0
16 0

1 7
2 4
3 0
4 6
5 5
6 4
7 9
8 9
9 6
10 2
11 3
12 9
13 5
14 8
15 2
16 9

1 5
2 4
3 7
4 9
5 9
6 4
7 3
8 5
9 9
10 6
11 5
12 4
13 5
14 0
15 7
16 2

1 3
2 0
3 9
4 1
5 3
6 5
7 3
8 9
9 0
10 3
11 6
12 8
13 3
14 8
15 4
16 2

1 6
2 3
3 5
4 3
5 4
6 0
7 9
8 1
9 9
10 2
11 1
12 1
13 4
14 9
15 8
16 9

1 7
2 5
3 5
4 1
5 9
6 0
7 9
8 2
9 4
10 3
11 9
12 6
13 0
14 2
15 7
16 2

1 3
2 7
3 7
4 6
5 6
6 4
7 9
8 5
9 0
10 2
11 2
12 3
13 5
14 3
15 0
16 0

1 7
2 4
3 0
4 6
5 5
6 4
7 9
8 9
9 6
10 2
11 3
12 9
13 5
14 8
15 2
16 9

1 5
2 4
3 7
4 9
5 9
6 4
7 3
8 5
9 9
10 6
11 5
12 4
13 5
14 0
15 7
16 2

1 3
2 0
3 9
4 1
5 3
6 5
7 3
8 9
9 0
10 3
11 6
12 8
13 3
14 8
15 4
16 2

1 6
2 3
3 5
4 3
5 4
6 0
7 9
8 1
9 9
10 2
11 1
12 1
13 4
14 9
15 8
16 9

1 7
2 5
3 5
4 1
5 9
6 0
7 9
8 2
9 4
10 3
11 9
12 6
13 0
14 2
15 7
16 2

1 3
2 7
3 7
4 6
5 6
6 4
7 9
8 5
9 0
10 2
11 2
12 3
13 5
14 3
15 0
16 0

1 7
2 4
3 0
4 6
5 5
6 4
7 9
8 9
9 6
10 2
11 3
12 9
13 5
14 8
15 2
16 9

1 5
2 4
3 7
4 9
5 9
6 4
7 3
8 5
9 9
10 6
11 5
12 4
13 5
14 0
15 7
16 2

1 3
2 0
3 9
4 1
5 3
6 5
7 3
8 9
9 0
10 3
11 6
12 8
13 3
14 8
15 4
16 2

1 6
2 3
3 5
4 3
5 4
6 0
7 9
8 1
9 9
10 2
11 1
12 1
13 4
14 9
15 8
16 9

1 7
2 5
3 5
4 1
5 9
6 0
7 9
8 2
9 4
10 3
11 9
12 6
13 0
14 2
15 7
16 2

1 3
2 7
3 7
4 6
5 6
6 4
7 9
8 5
9 0
10 2
11 2
12 3
13 5
14 3
15 0
16 0

1 7
2 4
3 0
4 6
5 5
6 4
7 9
8 9
9 6
10 2
11 3
12 9
13 5
14 8
15 2
16 9

1 5
2 4
3 7
4 9
5 9
6 4
7 3
8 5
9 9
10 6
11 5
12 4
13 5
14 0
15 7
16 2

1 3
2 0
3 9
4 1
5 3
6 5
7 3
8 9
9 0
10 3
11 6
12 8
13 3
14 8
15 4
16 2

1 6
2 3
3 5
4 3
5 4
6 0
7 9
8 1
9 9
10 2
11 1
12 1
13 4
14 9
15 8
16 9

1 7
2 5
3 5
4 1
5 9
6 0
7 9
8 2
9 4
10 3
11 9
12 6
13 0
14 2
15 7
16 2

1 3
2 7
3 7
4 6
5 6
6 4
7 9
8 5
9 0
10 2
11 2
12 3
13 5
14 3
15 0
16 0

1 7
2 4
3 0
4 6
5 5
6 4
7 9
8 9
9 6
10 2
11 3
12 9
13 5
14 8
15 2
16 9

1 5
2 4
3 7
4 9
5 9
6 4
7 3
8 5
9 9
10 6
11 5
12 4
13 5
14 0
15 7
16 2

1 3
2 0
3 9
4 1
5 3
6 5
7 3
8 9
9 0
10 3
11 6
12 8
13 3
14 8
15 4
16 2

1 6
2 3
3 5
4 3
5 4
6 0
7 9
8 1
9 9
10 2
11 1
12 1
13 4
14 9
15 8
16 9

1 7
2 5
3 5
4 1
5 9
6 0
7 9
8 2
9 4
10 3
11 9
12 6
13 0
14 2
15 7
16 2

1 3
2 7
3 7
4 6
5 6
6 4
7 9
8 5
9 0
10 2
11 2
12 3
13 5
14 3
15 0
16 0

1 7
2 4
3 0
4 6
5 5
6 4
7 9
8 9
9 6
10 2
11 3
12 9
13 5
14 8
15 2
16 9

1 5
2 4
3 7
4 9
5 9
6 4
7 3
8 5
9 9
10 6
11 5
12 4
13 5
14 0
15 7
16 2

1 3
2 0
3 9
4 1
5 3
6 5
7 3
8 9
9 0
10 3
11 6
12 8
13 3
14 8
15 4
16 2

1 6
2 3
3 5
4 3
5 4
6 0
7 9
8 1
9 9
10 2
11 1
12 1
13 4
14 9
15 8
16 9

1 7
2 5
3 5
4 1
5 9
6 0
7 9
8 2
9 4
10 3
11 9
12 6
13 0
14 2
15 7
16 2

1 3
2 7
3 7
4 6
5 6
6 4
7 9
8 5
9 0
10 2
11 2
12 3
13 5
14 3
15 0
16 0

1 7
2 4
3 0
4 6
5 5
6 4
7 9
8 9
9 6
10 2
11 3
12 9
13 5
14 8
15 2
16 9

1 5
2 4
3 7
4 9
5 9
6 4
7 3
8 5
9 9
10 6
11 5
12 4
13 5
14 0
15 7
16 2

1 3
2 0
3 9
4 1
5 3
6 5
7 3
8 9
9 0
10 3
11 6
12 8
13 3
14 8
15 4
16 2

1 6
2 3
3 5
4 3
5 4
6 0
7 9
8 1
9 9
10 2
11 1
12 1
13 4
14 9
15 8
16 9

1 7
2 5
3 5
4 1
5 9
6 0
7 9
8 2
9 4
10 3
11 9
12 6
13 0
14 2
15 7
16 2

1 3
2 7
3 7
4 6
5 6
6 4
7 9
8 5
9 0
10 2
11 2
12 3
13 5
14 3
15 0
16 0

1 7
2 4
3 0
4 6
5 5
6 4
7 9
8 9
9 6
10 2
11 3
12 9
13 5
14 8
15 2
16 9

1 5
2 4
3 7
4 9
5 9
6 4
7 3
8 5
9 9
10 6
11 5
12 4
13 5
14 0
15 7
16 2

1 3
2 0
3 9
4 1
5 3
6 5
7 3
8 9
9 0
10 3
11 6
12 8
13 3
14 8
15 4
16 2

1 6
2 3
3 5
4 3
5 4
6 0
7 9
8 1
9 9
10 2
11 1
12 1
13 4
14 9
15 8
16 9

1 7
2 5
3 5
4 1
5 9
6 0
7 9
8 2
9 4
10 3
11 9
12 6
13 0
14 2
15 7
16 2

1 3
2 7
3 7
4 6
5 6
6 4
7 9
8 5
9 0
10 2
11 2
12 3
13 5
14 3
15 0
16 0

1 7
2 4
3 0
4 6
5 5
6 4
7 9
8 9
9 6
10 2
11 3
12 9
13 5
14 8
15 2
16 9

1 5
2 4
3 7
4 9
5 9
6 4
7 3
8 5
9 9
10 6
11 5
12 4
13 5
14 0
15 7
16 2

1 3
2 0
3 9
4 1
5 3
6 5
7 3
8 9
9 0
10 3
11 6
12 8
13 3
14 8
15 4
16 2

1 6
2 3
3 5
4 3
5 4
6 0
7 9
8 1
9 9
10 2
11 1
12 1
13 4
14 9
15 8
16 9

1 7
2 5
3 5
4 1
5 9
6 0
7 9
8 2
9 4
10 3
11 9
12 6
13 0
14 2
15 7
16 2

1 3
2 7
3 7
4 6
5 6
6 4
7 9
8 5
9 0
10 2
11 2
12 3
13 5
14 3
15 0
16 0

1 7
2 4
3 0
4 6
5 5
6 4
7 9
8 9
9 6
10 2
11 3
12 9
13 5
14 8
15 2
16 9

1 5
2 4
3 7
4 9
5 9
6 4
7 3
8 5
9 9
10 6
11 5
12 4
13 5
14 0
15 7
16 2

1 3
2 0
3 9
4 1
5 3
6 5
7 3
8 9
9 0
10 3
11 6
12 8
13 3
14 8
15 4
16 2

1 6
2 3
3 5
4 3
5 4
6 0
7 9
8 1
9 9
10 2
11 1
12 1
13 4
14 9
15 8
16 9

1 7
2 5
3 5
4 1
5 9
6 0
7 9
8 2
9 4
10 3
11 9
12 6
13 0
14 2
15 7
16 2

1 3
2 7
3 7
4 6
5 6
6 4
7 9
8 5
9 0
10 2
11 2
12 3
13 5
14 3
15 0
16 0

1 7
2 4
3 0
4 6
5 5
6 4
7 9
8 9
9 6
10 2
11 3
12 9
13 5
14 8
15 2
16 9

1 5
2 4
3 7
4 9
5 9
6 4
7 3
8 5
9 9
10 6
11 5
12 4
13 5
14 0
15 7
16 2

1 3
2 0
3 9
4 1
5 3
6 5
7 3
8 9
9 0
10 3
11 6
12 8
13 3
14 8
15 4
16 2