1 0
2 0
3 0
4 0
5 0
6 0
7 0
8 0
9 0
10 0
11 0
12 0
13 0
14 0
15 0
16 0

1 4
2 9
3 0
4 4
5 2
6 7
7 4
8 5
9 1
10 7
11 2
12 8
13 7
14 6
15 5
16 9

1 7
2 5
3 4
4 9
5 4
6 4
7 8
8 8
9 2
10 5
11 7
12 6
13 7
14 7
15 2
16 0

1 2
2 2
3 9
4 5
5 2
6 1
7 3
8 8
9 0
10 5
11 7
12 4
13 8
14 6
15 8
16 0

1 3
2 5
3 0
4 9
5 2
6 8
7 2
8 5
9 4
10 7
11 8
12 4
13 6
14 2
15 2
16 8

1 7
2 8
3 8
4 5
5 1
6 8
7 1
8 4
9 1
10 3
11 3
12 9
13 6
14 9
15 3
16 1

1 6
2 9
3 0
4 1
5 8
6 2
7 7
8 6
9 8
10 5
11 5
12 5
13 3
14 8
15 5
16 3

1 4
2 9
3 0
4 4
5 2
6 7
7 4
8 5
9 1
10 7
11 2
12 8
13 7
14 6
15 5
16 9

1 7
2 5
3 4
4 9
5 4
6 4
7 8
8 8
9 2
10 5
11 7
12 6
13 7
14 7
15 2
16 0

1 2
2 2
3 9
4 5
5 2
6 1
7 3
8 8
9 0
10 5
11 7
12 4
13 8
14 6
15 8
16 0

1 3
2 5
3 0
4 9
5 2
6 8
7 2
8 5
9 4
10 7
11 8
12 4
13 6
14 2
15 2
16 8

1 7
2 8
3 8
4 5
5 1
6 8
7 1
8 4
9 1
10 3
11 3
12 9
13 6
14 9
15 3
16 1

1 6
2 9
3 0
4 1
5 8
6 2
7 7
8 6
9 8
10 5
11 5
12 5
13 3
14 8
15 5
16 3

1 4
2 9
3 0
4 4
5 2
6 7
7 4
8 5
9 1
10 7
11 2
12 8
13 7
14 6
15 5
16 9

1 7
2 5
3 4
4 9
5 4
6 4
7 8
8 8
9 2
10 5
11 7
12 6
13 7
14 7
15 2
16 0

1 2
2 2
3 9
4 5
5 2
6 1
7 3
8 8
9 0
10 5
11 7
12 4
13 8
14 6
15 8
16 0

1 3
2 5
3 0
4 9
5 2
6 8
7 2
8 5
9 4
10 7
11 8
12 4
13 6
14 2
15 2
16 8

1 7
2 8
3 8
4 5
5 1
6 8
7 1
8 4
9 1
10 3
11 3
12 9
13 6
14 9
15 3
16 1

1 6
2 9
3 0
4 1
5 8
6 2
7 7
8 6
9 8
10 5
11 5
12 5
13 3
14 8
15 5
16 3

1 4
2 9
3 0
4 4
5 2
6 7
7 4
8 5
9 1
10 7
11 2
12 8
13 7
14 6
15 5
16 9

1 7
2 5
3 4
4 9
5 4
6 4
7 8
8 8
9 2
10 5
11 7
12 6
13 7
14 7
15 2
16 0

1 2
2 2
3 9
4 5
5 2
6 1
7 3
8 8
9 0
10 5
11 7
12 4
13 8
14 6
15 8
16 0

1 3
2 5
3 0
4 9
5 2
6 8
7 2
8 5
9 4
10 7
11 8
12 4
13 6
14 2
15 2
16 8

1 7
2 8
3 8
4 5
5 1
6 8
7 1
8 4
9 1
10 3
11 3
12 9
13 6
14 9
15 3
16 1

1 6
2 9
3 0
4 1
5 8
6 2
7 7
8 6
9 8
10 5
11 5
12 5
13 3
14 8
15 5
16 3

1 4
2 9
3 0
4 4
5 2
6 7
7 4
8 5
9 1
10 7
11 2
12 8
13 7
14 6
15 5
16 9

1 7
2 5
3 4
4 9
5 4
6 4
7 8
8 8
9 2
10 5
11 7
12 6
13 7
14 7
15 2
16 0

1 2
2 2
3 9
4 5
5 2
6 1
7 3
8 8
9 0
10 5
11 7
12 4
13 8
14 6
15 8
16 0

1 3
2 5
3 0
4 9
5 2
6 8
7 2
8 5
9 4
10 7
11 8
12 4
13 6
14 2
15 2
16 8

1 7
2 8
3 8
4 5
5 1
6 8
7 1
8 4
9 1
10 3
11 3
12 9
13 6
14 9
15 3
16 1

1 6
2 9
3 0
4 1
5 8
6 2
7 7
8 6
9 8
10 5
11 5
12 5
13 3
14 8
15 5
16 3

1 4
2 9
3 0
4 4
5 2
6 7
7 4
8 5
9 1
10 7
11 2
12 8
13 7
14 6
15 5
16 9

1 7
2 5
3 4
4 9
5 4
6 4
7 8
8 8
9 2
10 5
11 7
12 6
13 7
14 7
15 2
16 0

1 2
2 2
3 9
4 5
5 2
6 1
7 3
8 8
9 0
10 5
11 7
12 4
13 8
14 6
15 8
16 0

1 3
2 5
3 0
4 9
5 2
6 8
7 2
8 5
9 4
10 7
11 8
12 4
13 6
14 2
15 2
16 8

1 7
2 8
3 8
4 5
5 1
6 8
7 1
8 4
9 1
10 3
11 3
12 9
13 6
14 9
15 3
16 1

1 6
2 9
3 0
4 1
5 8
6 2
7 7
8 6
9 8
10 5
11 5
12 5
13 3
14 8
15 5
16 3

1 4
2 9
3 0
4 4
5 2
6 7
7 4
8 5
9 1
10 7
11 2
12 8
13 7
14 6
15 5
16 9

1 7
2 5
3 4
4 9
5 4
6 4
7 8
8 8
9 2
10 5
11 7
12 6
13 7
14 7
15 2
16 0

1 2
2 2
3 9
4 5
5 2
6 1
7 3
8 8
9 0
10 5
11 7
12 4
13 8
14 6
15 8
16 0

1 3
2 5
3 0
4 9
5 2
6 8
7 2
8 5
9 4
10 7
11 8
12 4
13 6
14 2
15 2
16 8

1 7
2 8
3 8
4 5
5 1
6 8
7 1
8 4
9 1
10 3
11 3
12 9
13 6
14 9
15 3
16 1

1 6
2 9
3 0
4 1
5 8
6 2
7 7
8 6
9 8
10 5
11 5
12 5
13 3
14 8
15 5
16 3

1 4
2 9
3 0
4 4
5 2
6 7
7 4
8 5
9 1
10 7
11 2
12 8
13 7
14 6
15 5
16 9

1 7
2 5
3 4
4 9
5 4
6 4
7 8
8 8
9 2
10 5
11 7
12 6
13 7
14 7
15 2
16 0

1 2
2 2
3 9
4 5
5 2
6 1
7 3
8 8
9 0
10 5
11 7
12 4
13 8
14 6
15 8
16 0

1 3
2 5
3 0
4 9
5 2
6 8
7 2
8 5
9 4
10 7
11 8
12 4
13 6
14 2
15 2
16 8

1 7
2 8
3 8
4 5
5 1
6 8
7 1
8 4
9 1
10 3
11 3
12 9
13 6
14 9
15 3
16 1

1 6
2 9
3 0
4 1
5 8
6 2
7 7
8 6
9 8
10 5
11 5
12 5
13 3
14 8
15 5
16 3

1 4
2 9
3 0
4 4
5 2
6 7
7 4
8 5
9 1
10 7
11 2
12 8
13 7
14 6
15 5
16 9

1 7
2 5
3 4
4 9
5 4
6 4
7 8
8 8
9 2
10 5
11 7
12 6
13 7
14 7
15 2
16 0

1 2
2 2
3 9
4 5
5 2
6 1
7 3
8 8
9 0
10 5
11 7
12 4
13 8
14 6
15 8
16 0

1 3
2 5
3 0
4 9
5 2
6 8
7 2
8 5
9 4
10 7
11 8
12 4
13 6
14 2
15 2
16 8

1 7
2 8
3 8
4 5
5 1
6 8
7 1
8 4
9 1
10 3
11 3
12 9
13 6
14 9
15 3
16 1

1 6
2 9
3 0
4 1
5 8
6 2
7 7
8 6
9 8
10 5
11 5
12 5
13 3
14 8
15 5
16 3

1 4
2 9
3 0
4 4
5 2
6 7
7 4
8 5
9 1
10 7
11 2
12 8
13 7
14 6
15 5
16 9

1 7
2 5
3 4
4 9
5 4
6 4
7 8
8 8
9 2
10 5
11 7
12 6
13 7
14 7
15 2
16 0

1 2
2 2
3 9
4 5
5 2
6 1
7 3
8 8
9 0
10 5
11 7
12 4
13 8
14 6
15 8
16 0

1 3
2 5
3 0
4 9
5 2
6 8
7 2
8 5
9 4
10 7
11 8
12 4
13 6
14 2
15 2
16 8

1 7
2 8
3 8
4 5
5 1
6 8
7 1
8 4
9 1
10 3
11 3
12 9
13 6
14 9
15 3
16 1

1 6
2 9
3 0
4 1
5 8
6 2
7 7
8 6
9 8
10 5
11 5
12 5
13 3
14 8
15 5
16 3