1 0
2 0
3 0
4 0

1 10
2 13
3 12
4 17

1 14
2 10
3 11
4 11

1 10
2 13
3 12
4 17

1 14
2 10
3 11
4 11

1 10
2 13
3 12
4 17

1 14
2 10
3 11
4 11

1 10
2 13
3 12
4 17

1 14
2 10
3 11
4 11

1 10
2 13
3 12
4 17

1 14
2 10
3 11
4 11

1 10
2 13
3 12
4 17

1 14
2 10
3 11
4 11

1 10
2 13
3 12
4 17

1 14
2 10
3 11
4 11

1 10
2 13
3 12
4 17

1 14
2 10
3 11
4 11

1 10
2 13
3 12
4 17

1 14
2 10
3 11
4 11

1 10
2 13
3 12
4 17

1 14
2 10
3 11
4 11

1 10
2 13
3 12
4 17

1 14
2 10
3 11
4 11

1 10
2 13
3 12
4 17

1 14
2 10
3 11
4 11

1 10
2 13
3 12
4 17

1 14
2 10
3 11
4 11

1 10
2 13
3 12
4 17

1 14
2 10
3 11
4 11

1 10
2 13
3 12
4 17

1 14
2 10
3 11
4 11