1 0
2 0
3 0
4 0
5 0
6 0
7 0
8 0

1 20
2 13
3 14
4 10
5 20
6 16
7 15
8 20

1 15
2 14
3 13
4 11
5 16
6 10
7 14
8 19

1 20
2 13
3 14
4 10
5 20
6 16
7 15
8 20

1 15
2 14
3 13
4 11
5 16
6 10
7 14
8 19

1 20
2 13
3 14
4 10
5 20
6 16
7 15
8 20

1 15
2 14
3 13
4 11
5 16
6 10
7 14
8 19

1 20
2 13
3 14
4 10
5 20
6 16
7 15
8 20

1 15
2 14
3 13
4 11
5 16
6 10
7 14
8 19

1 20
2 13
3 14
4 10
5 20
6 16
7 15
8 20

1 15
2 14
3 13
4 11
5 16
6 10
7 14
8 19

1 20
2 13
3 14
4 10
5 20
6 16
7 15
8 20

1 15
2 14
3 13
4 11
5 16
6 10
7 14
8 19

1 20
2 13
3 14
4 10
5 20
6 16
7 15
8 20

1 15
2 14
3 13
4 11
5 16
6 10
7 14
8 19

1 20
2 13
3 14
4 10
5 20
6 16
7 15
8 20

1 15
2 14
3 13
4 11
5 16
6 10
7 14
8 19

1 20
2 13
3 14
4 10
5 20
6 16
7 15
8 20

1 15
2 14
3 13
4 11
5 16
6 10
7 14
8 19

1 20
2 13
3 14
4 10
5 20
6 16
7 15
8 20

1 15
2 14
3 13
4 11
5 16
6 10
7 14
8 19