1 0
2 0
3 0
4 0
5 0
6 0
7 0
8 0

1 2
2 2
3 7
4 3
5 2
6 3
7 7
8 5

1 1
2 4
3 8
4 2
5 8
6 7
7 1
8 2

1 2
2 2
3 7
4 3
5 2
6 3
7 7
8 5

1 1
2 4
3 8
4 2
5 8
6 7
7 1
8 2

1 2
2 2
3 7
4 3
5 2
6 3
7 7
8 5

1 1
2 4
3 8
4 2
5 8
6 7
7 1
8 2

1 2
2 2
3 7
4 3
5 2
6 3
7 7
8 5

1 1
2 4
3 8
4 2
5 8
6 7
7 1
8 2

1 2
2 2
3 7
4 3
5 2
6 3
7 7
8 5

1 1
2 4
3 8
4 2
5 8
6 7
7 1
8 2

1 2
2 2
3 7
4 3
5 2
6 3
7 7
8 5

1 1
2 4
3 8
4 2
5 8
6 7
7 1
8 2

1 2
2 2
3 7
4 3
5 2
6 3
7 7
8 5

1 1
2 4
3 8
4 2
5 8
6 7
7 1
8 2

1 2
2 2
3 7
4 3
5 2
6 3
7 7
8 5

1 1
2 4
3 8
4 2
5 8
6 7
7 1
8 2

1 2
2 2
3 7
4 3
5 2
6 3
7 7
8 5

1 1
2 4
3 8
4 2
5 8
6 7
7 1
8 2

1 2
2 2
3 7
4 3
5 2
6 3
7 7
8 5

1 1
2 4
3 8
4 2
5 8
6 7
7 1
8 2