1 0
2 0
3 0
4 0
5 0
6 0
7 0
8 0

1 8
2 3
3 8
4 6
5 6
6 6
7 1
8 1

1 4
2 1
3 5
4 1
5 0
6 7
7 7
8 1

1 8
2 8
3 1
4 9
5 2
6 5
7 9
8 8

1 8
2 4
3 4
4 1
5 7
6 9
7 2
8 7

1 8
2 3
3 8
4 6
5 6
6 6
7 1
8 1

1 4
2 1
3 5
4 1
5 0
6 7
7 7
8 1

1 8
2 8
3 1
4 9
5 2
6 5
7 9
8 8

1 8
2 4
3 4
4 1
5 7
6 9
7 2
8 7

1 8
2 3
3 8
4 6
5 6
6 6
7 1
8 1

1 4
2 1
3 5
4 1
5 0
6 7
7 7
8 1

1 8
2 8
3 1
4 9
5 2
6 5
7 9
8 8

1 8
2 4
3 4
4 1
5 7
6 9
7 2
8 7

1 8
2 3
3 8
4 6
5 6
6 6
7 1
8 1

1 4
2 1
3 5
4 1
5 0
6 7
7 7
8 1

1 8
2 8
3 1
4 9
5 2
6 5
7 9
8 8

1 8
2 4
3 4
4 1
5 7
6 9
7 2
8 7

1 8
2 3
3 8
4 6
5 6
6 6
7 1
8 1

1 4
2 1
3 5
4 1
5 0
6 7
7 7
8 1

1 8
2 8
3 1
4 9
5 2
6 5
7 9
8 8

1 8
2 4
3 4
4 1
5 7
6 9
7 2
8 7

1 8
2 3
3 8
4 6
5 6
6 6
7 1
8 1

1 4
2 1
3 5
4 1
5 0
6 7
7 7
8 1

1 8
2 8
3 1
4 9
5 2
6 5
7 9
8 8

1 8
2 4
3 4
4 1
5 7
6 9
7 2
8 7

1 8
2 3
3 8
4 6
5 6
6 6
7 1
8 1

1 4
2 1
3 5
4 1
5 0
6 7
7 7
8 1

1 8
2 8
3 1
4 9
5 2
6 5
7 9
8 8

1 8
2 4
3 4
4 1
5 7
6 9
7 2
8 7

1 8
2 3
3 8
4 6
5 6
6 6
7 1
8 1

1 4
2 1
3 5
4 1
5 0
6 7
7 7
8 1

1 8
2 8
3 1
4 9
5 2
6 5
7 9
8 8

1 8
2 4
3 4
4 1
5 7
6 9
7 2
8 7

1 8
2 3
3 8
4 6
5 6
6 6
7 1
8 1

1 4
2 1
3 5
4 1
5 0
6 7
7 7
8 1

1 8
2 8
3 1
4 9
5 2
6 5
7 9
8 8

1 8
2 4
3 4
4 1
5 7
6 9
7 2
8 7

1 8
2 3
3 8
4 6
5 6
6 6
7 1
8 1

1 4
2 1
3 5
4 1
5 0
6 7
7 7
8 1

1 8
2 8
3 1
4 9
5 2
6 5
7 9
8 8

1 8
2 4
3 4
4 1
5 7
6 9
7 2
8 7