1 0
2 0
3 0
4 0

1 16
2 14
3 18
4 18

1 10
2 14
3 11
4 14

1 16
2 14
3 18
4 18

1 10
2 14
3 11
4 14

1 16
2 14
3 18
4 18

1 10
2 14
3 11
4 14

1 16
2 14
3 18
4 18

1 10
2 14
3 11
4 14

1 16
2 14
3 18
4 18

1 10
2 14
3 11
4 14

1 16
2 14
3 18
4 18

1 10
2 14
3 11
4 14

1 16
2 14
3 18
4 18

1 10
2 14
3 11
4 14

1 16
2 14
3 18
4 18

1 10
2 14
3 11
4 14

1 16
2 14
3 18
4 18

1 10
2 14
3 11
4 14

1 16
2 14
3 18
4 18

1 10
2 14
3 11
4 14

1 16
2 14
3 18
4 18

1 10
2 14
3 11
4 14

1 16
2 14
3 18
4 18

1 10
2 14
3 11
4 14

1 16
2 14
3 18
4 18

1 10
2 14
3 11
4 14

1 16
2 14
3 18
4 18

1 10
2 14
3 11
4 14

1 16
2 14
3 18
4 18

1 10
2 14
3 11
4 14

1 16
2 14
3 18
4 18

1 10
2 14
3 11
4 14

1 16
2 14
3 18
4 18

1 10
2 14
3 11
4 14

1 16
2 14
3 18
4 18

1 10
2 14
3 11
4 14

1 16
2 14
3 18
4 18

1 10
2 14
3 11
4 14

1 16
2 14
3 18
4 18

1 10
2 14
3 11
4 14