1 0
2 0
3 0
4 0
5 0
6 0
7 0
8 0

1 4
2 2
3 4
4 2
5 8
6 3
7 9
8 5

1 5
2 0
3 3
4 3
5 6
6 6
7 3
8 1

1 4
2 7
3 7
4 1
5 2
6 0
7 9
8 8

1 7
2 2
3 5
4 2
5 3
6 3
7 9
8 0

1 1
2 2
3 6
4 7
5 3
6 4
7 2
8 2

1 5
2 5
3 4
4 4
5 7
6 7
7 5
8 8

1 4
2 2
3 4
4 2
5 8
6 3
7 9
8 5

1 5
2 0
3 3
4 3
5 6
6 6
7 3
8 1

1 4
2 7
3 7
4 1
5 2
6 0
7 9
8 8

1 7
2 2
3 5
4 2
5 3
6 3
7 9
8 0

1 1
2 2
3 6
4 7
5 3
6 4
7 2
8 2

1 5
2 5
3 4
4 4
5 7
6 7
7 5
8 8

1 4
2 2
3 4
4 2
5 8
6 3
7 9
8 5

1 5
2 0
3 3
4 3
5 6
6 6
7 3
8 1

1 4
2 7
3 7
4 1
5 2
6 0
7 9
8 8

1 7
2 2
3 5
4 2
5 3
6 3
7 9
8 0

1 1
2 2
3 6
4 7
5 3
6 4
7 2
8 2

1 5
2 5
3 4
4 4
5 7
6 7
7 5
8 8

1 4
2 2
3 4
4 2
5 8
6 3
7 9
8 5

1 5
2 0
3 3
4 3
5 6
6 6
7 3
8 1

1 4
2 7
3 7
4 1
5 2
6 0
7 9
8 8

1 7
2 2
3 5
4 2
5 3
6 3
7 9
8 0

1 1
2 2
3 6
4 7
5 3
6 4
7 2
8 2

1 5
2 5
3 4
4 4
5 7
6 7
7 5
8 8

1 4
2 2
3 4
4 2
5 8
6 3
7 9
8 5

1 5
2 0
3 3
4 3
5 6
6 6
7 3
8 1

1 4
2 7
3 7
4 1
5 2
6 0
7 9
8 8

1 7
2 2
3 5
4 2
5 3
6 3
7 9
8 0

1 1
2 2
3 6
4 7
5 3
6 4
7 2
8 2

1 5
2 5
3 4
4 4
5 7
6 7
7 5
8 8

1 4
2 2
3 4
4 2
5 8
6 3
7 9
8 5

1 5
2 0
3 3
4 3
5 6
6 6
7 3
8 1

1 4
2 7
3 7
4 1
5 2
6 0
7 9
8 8

1 7
2 2
3 5
4 2
5 3
6 3
7 9
8 0

1 1
2 2
3 6
4 7
5 3
6 4
7 2
8 2

1 5
2 5
3 4
4 4
5 7
6 7
7 5
8 8

1 4
2 2
3 4
4 2
5 8
6 3
7 9
8 5

1 5
2 0
3 3
4 3
5 6
6 6
7 3
8 1

1 4
2 7
3 7
4 1
5 2
6 0
7 9
8 8

1 7
2 2
3 5
4 2
5 3
6 3
7 9
8 0

1 1
2 2
3 6
4 7
5 3
6 4
7 2
8 2

1 5
2 5
3 4
4 4
5 7
6 7
7 5
8 8

1 4
2 2
3 4
4 2
5 8
6 3
7 9
8 5

1 5
2 0
3 3
4 3
5 6
6 6
7 3
8 1

1 4
2 7
3 7
4 1
5 2
6 0
7 9
8 8

1 7
2 2
3 5
4 2
5 3
6 3
7 9
8 0

1 1
2 2
3 6
4 7
5 3
6 4
7 2
8 2

1 5
2 5
3 4
4 4
5 7
6 7
7 5
8 8

1 4
2 2
3 4
4 2
5 8
6 3
7 9
8 5

1 5
2 0
3 3
4 3
5 6
6 6
7 3
8 1

1 4
2 7
3 7
4 1
5 2
6 0
7 9
8 8

1 7
2 2
3 5
4 2
5 3
6 3
7 9
8 0

1 1
2 2
3 6
4 7
5 3
6 4
7 2
8 2

1 5
2 5
3 4
4 4
5 7
6 7
7 5
8 8

1 4
2 2
3 4
4 2
5 8
6 3
7 9
8 5

1 5
2 0
3 3
4 3
5 6
6 6
7 3
8 1

1 4
2 7
3 7
4 1
5 2
6 0
7 9
8 8

1 7
2 2
3 5
4 2
5 3
6 3
7 9
8 0

1 1
2 2
3 6
4 7
5 3
6 4
7 2
8 2

1 5
2 5
3 4
4 4
5 7
6 7
7 5
8 8

1 4
2 2
3 4
4 2
5 8
6 3
7 9
8 5

1 5
2 0
3 3
4 3
5 6
6 6
7 3
8 1

1 4
2 7
3 7
4 1
5 2
6 0
7 9
8 8

1 7
2 2
3 5
4 2
5 3
6 3
7 9
8 0

1 1
2 2
3 6
4 7
5 3
6 4
7 2
8 2

1 5
2 5
3 4
4 4
5 7
6 7
7 5
8 8

1 4
2 2
3 4
4 2
5 8
6 3
7 9
8 5

1 5
2 0
3 3
4 3
5 6
6 6
7 3
8 1

1 4
2 7
3 7
4 1
5 2
6 0
7 9
8 8

1 7
2 2
3 5
4 2
5 3
6 3
7 9
8 0

1 1
2 2
3 6
4 7
5 3
6 4
7 2
8 2

1 5
2 5
3 4
4 4
5 7
6 7
7 5
8 8

1 4
2 2
3 4
4 2
5 8
6 3
7 9
8 5

1 5
2 0
3 3
4 3
5 6
6 6
7 3
8 1

1 4
2 7
3 7
4 1
5 2
6 0
7 9
8 8

1 7
2 2
3 5
4 2
5 3
6 3
7 9
8 0

1 1
2 2
3 6
4 7
5 3
6 4
7 2
8 2

1 5
2 5
3 4
4 4
5 7
6 7
7 5
8 8

1 4
2 2
3 4
4 2
5 8
6 3
7 9
8 5

1 5
2 0
3 3
4 3
5 6
6 6
7 3
8 1

1 4
2 7
3 7
4 1
5 2
6 0
7 9
8 8

1 7
2 2
3 5
4 2
5 3
6 3
7 9
8 0

1 1
2 2
3 6
4 7
5 3
6 4
7 2
8 2

1 5
2 5
3 4
4 4
5 7
6 7
7 5
8 8

1 4
2 2
3 4
4 2
5 8
6 3
7 9
8 5

1 5
2 0
3 3
4 3
5 6
6 6
7 3
8 1

1 4
2 7
3 7
4 1
5 2
6 0
7 9
8 8

1 7
2 2
3 5
4 2
5 3
6 3
7 9
8 0

1 1
2 2
3 6
4 7
5 3
6 4
7 2
8 2

1 5
2 5
3 4
4 4
5 7
6 7
7 5
8 8