1 0
2 0
3 0
4 0
5 0
6 0
7 0
8 0
9 0
10 0
11 0
12 0
13 0
14 0
15 0
16 0

1 4
2 5
3 1
4 0
5 6
6 2
7 0
8 2
9 6
10 7
11 1
12 7
13 9
14 4
15 1
16 1

1 0
2 7
3 4
4 8
5 7
6 6
7 8
8 0
9 9
10 7
11 3
12 8
13 8
14 3
15 1
16 7

1 2
2 8
3 6
4 2
5 5
6 4
7 9
8 0
9 8
10 5
11 3
12 2
13 9
14 9
15 7
16 7

1 1
2 2
3 5
4 3
5 5
6 2
7 2
8 5
9 4
10 7
11 5
12 0
13 5
14 5
15 2
16 9

1 8
2 2
3 2
4 7
5 3
6 2
7 5
8 7
9 4
10 0
11 3
12 2
13 8
14 0
15 8
16 9

1 7
2 1
3 5
4 5
5 9
6 2
7 6
8 5
9 0
10 3
11 4
12 0
13 6
14 1
15 4
16 4

1 4
2 5
3 1
4 0
5 6
6 2
7 0
8 2
9 6
10 7
11 1
12 7
13 9
14 4
15 1
16 1

1 0
2 7
3 4
4 8
5 7
6 6
7 8
8 0
9 9
10 7
11 3
12 8
13 8
14 3
15 1
16 7

1 2
2 8
3 6
4 2
5 5
6 4
7 9
8 0
9 8
10 5
11 3
12 2
13 9
14 9
15 7
16 7

1 1
2 2
3 5
4 3
5 5
6 2
7 2
8 5
9 4
10 7
11 5
12 0
13 5
14 5
15 2
16 9

1 8
2 2
3 2
4 7
5 3
6 2
7 5
8 7
9 4
10 0
11 3
12 2
13 8
14 0
15 8
16 9

1 7
2 1
3 5
4 5
5 9
6 2
7 6
8 5
9 0
10 3
11 4
12 0
13 6
14 1
15 4
16 4

1 4
2 5
3 1
4 0
5 6
6 2
7 0
8 2
9 6
10 7
11 1
12 7
13 9
14 4
15 1
16 1

1 0
2 7
3 4
4 8
5 7
6 6
7 8
8 0
9 9
10 7
11 3
12 8
13 8
14 3
15 1
16 7

1 2
2 8
3 6
4 2
5 5
6 4
7 9
8 0
9 8
10 5
11 3
12 2
13 9
14 9
15 7
16 7

1 1
2 2
3 5
4 3
5 5
6 2
7 2
8 5
9 4
10 7
11 5
12 0
13 5
14 5
15 2
16 9

1 8
2 2
3 2
4 7
5 3
6 2
7 5
8 7
9 4
10 0
11 3
12 2
13 8
14 0
15 8
16 9

1 7
2 1
3 5
4 5
5 9
6 2
7 6
8 5
9 0
10 3
11 4
12 0
13 6
14 1
15 4
16 4

1 4
2 5
3 1
4 0
5 6
6 2
7 0
8 2
9 6
10 7
11 1
12 7
13 9
14 4
15 1
16 1

1 0
2 7
3 4
4 8
5 7
6 6
7 8
8 0
9 9
10 7
11 3
12 8
13 8
14 3
15 1
16 7

1 2
2 8
3 6
4 2
5 5
6 4
7 9
8 0
9 8
10 5
11 3
12 2
13 9
14 9
15 7
16 7

1 1
2 2
3 5
4 3
5 5
6 2
7 2
8 5
9 4
10 7
11 5
12 0
13 5
14 5
15 2
16 9

1 8
2 2
3 2
4 7
5 3
6 2
7 5
8 7
9 4
10 0
11 3
12 2
13 8
14 0
15 8
16 9

1 7
2 1
3 5
4 5
5 9
6 2
7 6
8 5
9 0
10 3
11 4
12 0
13 6
14 1
15 4
16 4

1 4
2 5
3 1
4 0
5 6
6 2
7 0
8 2
9 6
10 7
11 1
12 7
13 9
14 4
15 1
16 1

1 0
2 7
3 4
4 8
5 7
6 6
7 8
8 0
9 9
10 7
11 3
12 8
13 8
14 3
15 1
16 7

1 2
2 8
3 6
4 2
5 5
6 4
7 9
8 0
9 8
10 5
11 3
12 2
13 9
14 9
15 7
16 7

1 1
2 2
3 5
4 3
5 5
6 2
7 2
8 5
9 4
10 7
11 5
12 0
13 5
14 5
15 2
16 9

1 8
2 2
3 2
4 7
5 3
6 2
7 5
8 7
9 4
10 0
11 3
12 2
13 8
14 0
15 8
16 9

1 7
2 1
3 5
4 5
5 9
6 2
7 6
8 5
9 0
10 3
11 4
12 0
13 6
14 1
15 4
16 4

1 4
2 5
3 1
4 0
5 6
6 2
7 0
8 2
9 6
10 7
11 1
12 7
13 9
14 4
15 1
16 1

1 0
2 7
3 4
4 8
5 7
6 6
7 8
8 0
9 9
10 7
11 3
12 8
13 8
14 3
15 1
16 7

1 2
2 8
3 6
4 2
5 5
6 4
7 9
8 0
9 8
10 5
11 3
12 2
13 9
14 9
15 7
16 7

1 1
2 2
3 5
4 3
5 5
6 2
7 2
8 5
9 4
10 7
11 5
12 0
13 5
14 5
15 2
16 9

1 8
2 2
3 2
4 7
5 3
6 2
7 5
8 7
9 4
10 0
11 3
12 2
13 8
14 0
15 8
16 9

1 7
2 1
3 5
4 5
5 9
6 2
7 6
8 5
9 0
10 3
11 4
12 0
13 6
14 1
15 4
16 4

1 4
2 5
3 1
4 0
5 6
6 2
7 0
8 2
9 6
10 7
11 1
12 7
13 9
14 4
15 1
16 1

1 0
2 7
3 4
4 8
5 7
6 6
7 8
8 0
9 9
10 7
11 3
12 8
13 8
14 3
15 1
16 7

1 2
2 8
3 6
4 2
5 5
6 4
7 9
8 0
9 8
10 5
11 3
12 2
13 9
14 9
15 7
16 7

1 1
2 2
3 5
4 3
5 5
6 2
7 2
8 5
9 4
10 7
11 5
12 0
13 5
14 5
15 2
16 9

1 8
2 2
3 2
4 7
5 3
6 2
7 5
8 7
9 4
10 0
11 3
12 2
13 8
14 0
15 8
16 9

1 7
2 1
3 5
4 5
5 9
6 2
7 6
8 5
9 0
10 3
11 4
12 0
13 6
14 1
15 4
16 4

1 4
2 5
3 1
4 0
5 6
6 2
7 0
8 2
9 6
10 7
11 1
12 7
13 9
14 4
15 1
16 1

1 0
2 7
3 4
4 8
5 7
6 6
7 8
8 0
9 9
10 7
11 3
12 8
13 8
14 3
15 1
16 7

1 2
2 8
3 6
4 2
5 5
6 4
7 9
8 0
9 8
10 5
11 3
12 2
13 9
14 9
15 7
16 7

1 1
2 2
3 5
4 3
5 5
6 2
7 2
8 5
9 4
10 7
11 5
12 0
13 5
14 5
15 2
16 9

1 8
2 2
3 2
4 7
5 3
6 2
7 5
8 7
9 4
10 0
11 3
12 2
13 8
14 0
15 8
16 9

1 7
2 1
3 5
4 5
5 9
6 2
7 6
8 5
9 0
10 3
11 4
12 0
13 6
14 1
15 4
16 4

1 4
2 5
3 1
4 0
5 6
6 2
7 0
8 2
9 6
10 7
11 1
12 7
13 9
14 4
15 1
16 1

1 0
2 7
3 4
4 8
5 7
6 6
7 8
8 0
9 9
10 7
11 3
12 8
13 8
14 3
15 1
16 7

1 2
2 8
3 6
4 2
5 5
6 4
7 9
8 0
9 8
10 5
11 3
12 2
13 9
14 9
15 7
16 7

1 1
2 2
3 5
4 3
5 5
6 2
7 2
8 5
9 4
10 7
11 5
12 0
13 5
14 5
15 2
16 9

1 8
2 2
3 2
4 7
5 3
6 2
7 5
8 7
9 4
10 0
11 3
12 2
13 8
14 0
15 8
16 9

1 7
2 1
3 5
4 5
5 9
6 2
7 6
8 5
9 0
10 3
11 4
12 0
13 6
14 1
15 4
16 4

1 4
2 5
3 1
4 0
5 6
6 2
7 0
8 2
9 6
10 7
11 1
12 7
13 9
14 4
15 1
16 1

1 0
2 7
3 4
4 8
5 7
6 6
7 8
8 0
9 9
10 7
11 3
12 8
13 8
14 3
15 1
16 7

1 2
2 8
3 6
4 2
5 5
6 4
7 9
8 0
9 8
10 5
11 3
12 2
13 9
14 9
15 7
16 7

1 1
2 2
3 5
4 3
5 5
6 2
7 2
8 5
9 4
10 7
11 5
12 0
13 5
14 5
15 2
16 9

1 8
2 2
3 2
4 7
5 3
6 2
7 5
8 7
9 4
10 0
11 3
12 2
13 8
14 0
15 8
16 9

1 7
2 1
3 5
4 5
5 9
6 2
7 6
8 5
9 0
10 3
11 4
12 0
13 6
14 1
15 4
16 4

1 4
2 5
3 1
4 0
5 6
6 2
7 0
8 2
9 6
10 7
11 1
12 7
13 9
14 4
15 1
16 1

1 0
2 7
3 4
4 8
5 7
6 6
7 8
8 0
9 9
10 7
11 3
12 8
13 8
14 3
15 1
16 7

1 2
2 8
3 6
4 2
5 5
6 4
7 9
8 0
9 8
10 5
11 3
12 2
13 9
14 9
15 7
16 7

1 1
2 2
3 5
4 3
5 5
6 2
7 2
8 5
9 4
10 7
11 5
12 0
13 5
14 5
15 2
16 9

1 8
2 2
3 2
4 7
5 3
6 2
7 5
8 7
9 4
10 0
11 3
12 2
13 8
14 0
15 8
16 9

1 7
2 1
3 5
4 5
5 9
6 2
7 6
8 5
9 0
10 3
11 4
12 0
13 6
14 1
15 4
16 4

1 4
2 5
3 1
4 0
5 6
6 2
7 0
8 2
9 6
10 7
11 1
12 7
13 9
14 4
15 1
16 1

1 0
2 7
3 4
4 8
5 7
6 6
7 8
8 0
9 9
10 7
11 3
12 8
13 8
14 3
15 1
16 7

1 2
2 8
3 6
4 2
5 5
6 4
7 9
8 0
9 8
10 5
11 3
12 2
13 9
14 9
15 7
16 7

1 1
2 2
3 5
4 3
5 5
6 2
7 2
8 5
9 4
10 7
11 5
12 0
13 5
14 5
15 2
16 9

1 8
2 2
3 2
4 7
5 3
6 2
7 5
8 7
9 4
10 0
11 3
12 2
13 8
14 0
15 8
16 9

1 7
2 1
3 5
4 5
5 9
6 2
7 6
8 5
9 0
10 3
11 4
12 0
13 6
14 1
15 4
16 4

1 4
2 5
3 1
4 0
5 6
6 2
7 0
8 2
9 6
10 7
11 1
12 7
13 9
14 4
15 1
16 1

1 0
2 7
3 4
4 8
5 7
6 6
7 8
8 0
9 9
10 7
11 3
12 8
13 8
14 3
15 1
16 7

1 2
2 8
3 6
4 2
5 5
6 4
7 9
8 0
9 8
10 5
11 3
12 2
13 9
14 9
15 7
16 7

1 1
2 2
3 5
4 3
5 5
6 2
7 2
8 5
9 4
10 7
11 5
12 0
13 5
14 5
15 2
16 9

1 8
2 2
3 2
4 7
5 3
6 2
7 5
8 7
9 4
10 0
11 3
12 2
13 8
14 0
15 8
16 9

1 7
2 1
3 5
4 5
5 9
6 2
7 6
8 5
9 0
10 3
11 4
12 0
13 6
14 1
15 4
16 4

1 4
2 5
3 1
4 0
5 6
6 2
7 0
8 2
9 6
10 7
11 1
12 7
13 9
14 4
15 1
16 1

1 0
2 7
3 4
4 8
5 7
6 6
7 8
8 0
9 9
10 7
11 3
12 8
13 8
14 3
15 1
16 7

1 2
2 8
3 6
4 2
5 5
6 4
7 9
8 0
9 8
10 5
11 3
12 2
13 9
14 9
15 7
16 7

1 1
2 2
3 5
4 3
5 5
6 2
7 2
8 5
9 4
10 7
11 5
12 0
13 5
14 5
15 2
16 9

1 8
2 2
3 2
4 7
5 3
6 2
7 5
8 7
9 4
10 0
11 3
12 2
13 8
14 0
15 8
16 9

1 7
2 1
3 5
4 5
5 9
6 2
7 6
8 5
9 0
10 3
11 4
12 0
13 6
14 1
15 4
16 4

1 4
2 5
3 1
4 0
5 6
6 2
7 0
8 2
9 6
10 7
11 1
12 7
13 9
14 4
15 1
16 1

1 0
2 7
3 4
4 8
5 7
6 6
7 8
8 0
9 9
10 7
11 3
12 8
13 8
14 3
15 1
16 7

1 2
2 8
3 6
4 2
5 5
6 4
7 9
8 0
9 8
10 5
11 3
12 2
13 9
14 9
15 7
16 7

1 1
2 2
3 5
4 3
5 5
6 2
7 2
8 5
9 4
10 7
11 5
12 0
13 5
14 5
15 2
16 9

1 8
2 2
3 2
4 7
5 3
6 2
7 5
8 7
9 4
10 0
11 3
12 2
13 8
14 0
15 8
16 9

1 7
2 1
3 5
4 5
5 9
6 2
7 6
8 5
9 0
10 3
11 4
12 0
13 6
14 1
15 4
16 4

1 4
2 5
3 1
4 0
5 6
6 2
7 0
8 2
9 6
10 7
11 1
12 7
13 9
14 4
15 1
16 1

1 0
2 7
3 4
4 8
5 7
6 6
7 8
8 0
9 9
10 7
11 3
12 8
13 8
14 3
15 1
16 7

1 2
2 8
3 6
4 2
5 5
6 4
7 9
8 0
9 8
10 5
11 3
12 2
13 9
14 9
15 7
16 7

1 1
2 2
3 5
4 3
5 5
6 2
7 2
8 5
9 4
10 7
11 5
12 0
13 5
14 5
15 2
16 9

1 8
2 2
3 2
4 7
5 3
6 2
7 5
8 7
9 4
10 0
11 3
12 2
13 8
14 0
15 8
16 9

1 7
2 1
3 5
4 5
5 9
6 2
7 6
8 5
9 0
10 3
11 4
12 0
13 6
14 1
15 4
16 4

1 4
2 5
3 1
4 0
5 6
6 2
7 0
8 2
9 6
10 7
11 1
12 7
13 9
14 4
15 1
16 1

1 0
2 7
3 4
4 8
5 7
6 6
7 8
8 0
9 9
10 7
11 3
12 8
13 8
14 3
15 1
16 7

1 2
2 8
3 6
4 2
5 5
6 4
7 9
8 0
9 8
10 5
11 3
12 2
13 9
14 9
15 7
16 7

1 1
2 2
3 5
4 3
5 5
6 2
7 2
8 5
9 4
10 7
11 5
12 0
13 5
14 5
15 2
16 9

1 8
2 2
3 2
4 7
5 3
6 2
7 5
8 7
9 4
10 0
11 3
12 2
13 8
14 0
15 8
16 9

1 7
2 1
3 5
4 5
5 9
6 2
7 6
8 5
9 0
10 3
11 4
12 0
13 6
14 1
15 4
16 4

1 4
2 5
3 1
4 0
5 6
6 2
7 0
8 2
9 6
10 7
11 1
12 7
13 9
14 4
15 1
16 1

1 0
2 7
3 4
4 8
5 7
6 6
7 8
8 0
9 9
10 7
11 3
12 8
13 8
14 3
15 1
16 7

1 2
2 8
3 6
4 2
5 5
6 4
7 9
8 0
9 8
10 5
11 3
12 2
13 9
14 9
15 7
16 7

1 1
2 2
3 5
4 3
5 5
6 2
7 2
8 5
9 4
10 7
11 5
12 0
13 5
14 5
15 2
16 9

1 8
2 2
3 2
4 7
5 3
6 2
7 5
8 7
9 4
10 0
11 3
12 2
13 8
14 0
15 8
16 9

1 7
2 1
3 5
4 5
5 9
6 2
7 6
8 5
9 0
10 3
11 4
12 0
13 6
14 1
15 4
16 4

1 4
2 5
3 1
4 0
5 6
6 2
7 0
8 2
9 6
10 7
11 1
12 7
13 9
14 4
15 1
16 1

1 0
2 7
3 4
4 8
5 7
6 6
7 8
8 0
9 9
10 7
11 3
12 8
13 8
14 3
15 1
16 7

1 2
2 8
3 6
4 2
5 5
6 4
7 9
8 0
9 8
10 5
11 3
12 2
13 9
14 9
15 7
16 7

1 1
2 2
3 5
4 3
5 5
6 2
7 2
8 5
9 4
10 7
11 5
12 0
13 5
14 5
15 2
16 9

1 8
2 2
3 2
4 7
5 3
6 2
7 5
8 7
9 4
10 0
11 3
12 2
13 8
14 0
15 8
16 9

1 7
2 1
3 5
4 5
5 9
6 2
7 6
8 5
9 0
10 3
11 4
12 0
13 6
14 1
15 4
16 4

1 4
2 5
3 1
4 0
5 6
6 2
7 0
8 2
9 6
10 7
11 1
12 7
13 9
14 4
15 1
16 1

1 0
2 7
3 4
4 8
5 7
6 6
7 8
8 0
9 9
10 7
11 3
12 8
13 8
14 3
15 1
16 7

1 2
2 8
3 6
4 2
5 5
6 4
7 9
8 0
9 8
10 5
11 3
12 2
13 9
14 9
15 7
16 7

1 1
2 2
3 5
4 3
5 5
6 2
7 2
8 5
9 4
10 7
11 5
12 0
13 5
14 5
15 2
16 9

1 8
2 2
3 2
4 7
5 3
6 2
7 5
8 7
9 4
10 0
11 3
12 2
13 8
14 0
15 8
16 9

1 7
2 1
3 5
4 5
5 9
6 2
7 6
8 5
9 0
10 3
11 4
12 0
13 6
14 1
15 4
16 4