1 0
2 0
3 0
4 0
5 0
6 0
7 0
8 0

1 12
2 12
3 18
4 18
5 13
6 12
7 19
8 12

1 12
2 20
3 16
4 11
5 13
6 19
7 19
8 19

1 18
2 15
3 19
4 19
5 10
6 19
7 17
8 19

1 19
2 17
3 19
4 17
5 10
6 15
7 14
8 17

1 12
2 12
3 18
4 18
5 13
6 12
7 19
8 12

1 12
2 20
3 16
4 11
5 13
6 19
7 19
8 19

1 18
2 15
3 19
4 19
5 10
6 19
7 17
8 19

1 19
2 17
3 19
4 17
5 10
6 15
7 14
8 17

1 12
2 12
3 18
4 18
5 13
6 12
7 19
8 12

1 12
2 20
3 16
4 11
5 13
6 19
7 19
8 19

1 18
2 15
3 19
4 19
5 10
6 19
7 17
8 19

1 19
2 17
3 19
4 17
5 10
6 15
7 14
8 17

1 12
2 12
3 18
4 18
5 13
6 12
7 19
8 12

1 12
2 20
3 16
4 11
5 13
6 19
7 19
8 19

1 18
2 15
3 19
4 19
5 10
6 19
7 17
8 19

1 19
2 17
3 19
4 17
5 10
6 15
7 14
8 17

1 12
2 12
3 18
4 18
5 13
6 12
7 19
8 12

1 12
2 20
3 16
4 11
5 13
6 19
7 19
8 19

1 18
2 15
3 19
4 19
5 10
6 19
7 17
8 19

1 19
2 17
3 19
4 17
5 10
6 15
7 14
8 17

1 12
2 12
3 18
4 18
5 13
6 12
7 19
8 12

1 12
2 20
3 16
4 11
5 13
6 19
7 19
8 19

1 18
2 15
3 19
4 19
5 10
6 19
7 17
8 19

1 19
2 17
3 19
4 17
5 10
6 15
7 14
8 17

1 12
2 12
3 18
4 18
5 13
6 12
7 19
8 12

1 12
2 20
3 16
4 11
5 13
6 19
7 19
8 19

1 18
2 15
3 19
4 19
5 10
6 19
7 17
8 19

1 19
2 17
3 19
4 17
5 10
6 15
7 14
8 17

1 12
2 12
3 18
4 18
5 13
6 12
7 19
8 12

1 12
2 20
3 16
4 11
5 13
6 19
7 19
8 19

1 18
2 15
3 19
4 19
5 10
6 19
7 17
8 19

1 19
2 17
3 19
4 17
5 10
6 15
7 14
8 17

1 12
2 12
3 18
4 18
5 13
6 12
7 19
8 12

1 12
2 20
3 16
4 11
5 13
6 19
7 19
8 19

1 18
2 15
3 19
4 19
5 10
6 19
7 17
8 19

1 19
2 17
3 19
4 17
5 10
6 15
7 14
8 17

1 12
2 12
3 18
4 18
5 13
6 12
7 19
8 12

1 12
2 20
3 16
4 11
5 13
6 19
7 19
8 19

1 18
2 15
3 19
4 19
5 10
6 19
7 17
8 19

1 19
2 17
3 19
4 17
5 10
6 15
7 14
8 17