1 0
2 0
3 0
4 0

1 10
2 18
3 20
4 20

1 20
2 14
3 10
4 16

1 10
2 18
3 11
4 17

1 16
2 12
3 18
4 20

1 15
2 17
3 10
4 12

1 20
2 20
3 16
4 18

1 10
2 18
3 20
4 20

1 20
2 14
3 10
4 16

1 10
2 18
3 11
4 17

1 16
2 12
3 18
4 20

1 15
2 17
3 10
4 12

1 20
2 20
3 16
4 18

1 10
2 18
3 20
4 20

1 20
2 14
3 10
4 16

1 10
2 18
3 11
4 17

1 16
2 12
3 18
4 20

1 15
2 17
3 10
4 12

1 20
2 20
3 16
4 18

1 10
2 18
3 20
4 20

1 20
2 14
3 10
4 16

1 10
2 18
3 11
4 17

1 16
2 12
3 18
4 20

1 15
2 17
3 10
4 12

1 20
2 20
3 16
4 18

1 10
2 18
3 20
4 20

1 20
2 14
3 10
4 16

1 10
2 18
3 11
4 17

1 16
2 12
3 18
4 20

1 15
2 17
3 10
4 12

1 20
2 20
3 16
4 18

1 10
2 18
3 20
4 20

1 20
2 14
3 10
4 16

1 10
2 18
3 11
4 17

1 16
2 12
3 18
4 20

1 15
2 17
3 10
4 12

1 20
2 20
3 16
4 18

1 10
2 18
3 20
4 20

1 20
2 14
3 10
4 16

1 10
2 18
3 11
4 17

1 16
2 12
3 18
4 20

1 15
2 17
3 10
4 12

1 20
2 20
3 16
4 18

1 10
2 18
3 20
4 20

1 20
2 14
3 10
4 16

1 10
2 18
3 11
4 17

1 16
2 12
3 18
4 20

1 15
2 17
3 10
4 12

1 20
2 20
3 16
4 18

1 10
2 18
3 20
4 20

1 20
2 14
3 10
4 16

1 10
2 18
3 11
4 17

1 16
2 12
3 18
4 20

1 15
2 17
3 10
4 12

1 20
2 20
3 16
4 18

1 10
2 18
3 20
4 20

1 20
2 14
3 10
4 16

1 10
2 18
3 11
4 17

1 16
2 12
3 18
4 20

1 15
2 17
3 10
4 12

1 20
2 20
3 16
4 18