1 0
2 0
3 0
4 0
5 0
6 0
7 0
8 0

1 13
2 19
3 14
4 19
5 12
6 13
7 18
8 13

1 18
2 16
3 19
4 18
5 13
6 11
7 19
8 18

1 16
2 12
3 19
4 16
5 16
6 14
7 10
8 17

1 20
2 12
3 12
4 11
5 20
6 19
7 12
8 12

1 13
2 19
3 14
4 19
5 12
6 13
7 18
8 13

1 18
2 16
3 19
4 18
5 13
6 11
7 19
8 18

1 16
2 12
3 19
4 16
5 16
6 14
7 10
8 17

1 20
2 12
3 12
4 11
5 20
6 19
7 12
8 12

1 13
2 19
3 14
4 19
5 12
6 13
7 18
8 13

1 18
2 16
3 19
4 18
5 13
6 11
7 19
8 18

1 16
2 12
3 19
4 16
5 16
6 14
7 10
8 17

1 20
2 12
3 12
4 11
5 20
6 19
7 12
8 12

1 13
2 19
3 14
4 19
5 12
6 13
7 18
8 13

1 18
2 16
3 19
4 18
5 13
6 11
7 19
8 18

1 16
2 12
3 19
4 16
5 16
6 14
7 10
8 17

1 20
2 12
3 12
4 11
5 20
6 19
7 12
8 12

1 13
2 19
3 14
4 19
5 12
6 13
7 18
8 13

1 18
2 16
3 19
4 18
5 13
6 11
7 19
8 18

1 16
2 12
3 19
4 16
5 16
6 14
7 10
8 17

1 20
2 12
3 12
4 11
5 20
6 19
7 12
8 12

1 13
2 19
3 14
4 19
5 12
6 13
7 18
8 13

1 18
2 16
3 19
4 18
5 13
6 11
7 19
8 18

1 16
2 12
3 19
4 16
5 16
6 14
7 10
8 17

1 20
2 12
3 12
4 11
5 20
6 19
7 12
8 12

1 13
2 19
3 14
4 19
5 12
6 13
7 18
8 13

1 18
2 16
3 19
4 18
5 13
6 11
7 19
8 18

1 16
2 12
3 19
4 16
5 16
6 14
7 10
8 17

1 20
2 12
3 12
4 11
5 20
6 19
7 12
8 12

1 13
2 19
3 14
4 19
5 12
6 13
7 18
8 13

1 18
2 16
3 19
4 18
5 13
6 11
7 19
8 18

1 16
2 12
3 19
4 16
5 16
6 14
7 10
8 17

1 20
2 12
3 12
4 11
5 20
6 19
7 12
8 12

1 13
2 19
3 14
4 19
5 12
6 13
7 18
8 13

1 18
2 16
3 19
4 18
5 13
6 11
7 19
8 18

1 16
2 12
3 19
4 16
5 16
6 14
7 10
8 17

1 20
2 12
3 12
4 11
5 20
6 19
7 12
8 12

1 13
2 19
3 14
4 19
5 12
6 13
7 18
8 13

1 18
2 16
3 19
4 18
5 13
6 11
7 19
8 18

1 16
2 12
3 19
4 16
5 16
6 14
7 10
8 17

1 20
2 12
3 12
4 11
5 20
6 19
7 12
8 12

1 13
2 19
3 14
4 19
5 12
6 13
7 18
8 13

1 18
2 16
3 19
4 18
5 13
6 11
7 19
8 18

1 16
2 12
3 19
4 16
5 16
6 14
7 10
8 17

1 20
2 12
3 12
4 11
5 20
6 19
7 12
8 12

1 13
2 19
3 14
4 19
5 12
6 13
7 18
8 13

1 18
2 16
3 19
4 18
5 13
6 11
7 19
8 18

1 16
2 12
3 19
4 16
5 16
6 14
7 10
8 17

1 20
2 12
3 12
4 11
5 20
6 19
7 12
8 12

1 13
2 19
3 14
4 19
5 12
6 13
7 18
8 13

1 18
2 16
3 19
4 18
5 13
6 11
7 19
8 18

1 16
2 12
3 19
4 16
5 16
6 14
7 10
8 17

1 20
2 12
3 12
4 11
5 20
6 19
7 12
8 12

1 13
2 19
3 14
4 19
5 12
6 13
7 18
8 13

1 18
2 16
3 19
4 18
5 13
6 11
7 19
8 18

1 16
2 12
3 19
4 16
5 16
6 14
7 10
8 17

1 20
2 12
3 12
4 11
5 20
6 19
7 12
8 12

1 13
2 19
3 14
4 19
5 12
6 13
7 18
8 13

1 18
2 16
3 19
4 18
5 13
6 11
7 19
8 18

1 16
2 12
3 19
4 16
5 16
6 14
7 10
8 17

1 20
2 12
3 12
4 11
5 20
6 19
7 12
8 12

1 13
2 19
3 14
4 19
5 12
6 13
7 18
8 13

1 18
2 16
3 19
4 18
5 13
6 11
7 19
8 18

1 16
2 12
3 19
4 16
5 16
6 14
7 10
8 17

1 20
2 12
3 12
4 11
5 20
6 19
7 12
8 12

1 13
2 19
3 14
4 19
5 12
6 13
7 18
8 13

1 18
2 16
3 19
4 18
5 13
6 11
7 19
8 18

1 16
2 12
3 19
4 16
5 16
6 14
7 10
8 17

1 20
2 12
3 12
4 11
5 20
6 19
7 12
8 12

1 13
2 19
3 14
4 19
5 12
6 13
7 18
8 13

1 18
2 16
3 19
4 18
5 13
6 11
7 19
8 18

1 16
2 12
3 19
4 16
5 16
6 14
7 10
8 17

1 20
2 12
3 12
4 11
5 20
6 19
7 12
8 12

1 13
2 19
3 14
4 19
5 12
6 13
7 18
8 13

1 18
2 16
3 19
4 18
5 13
6 11
7 19
8 18

1 16
2 12
3 19
4 16
5 16
6 14
7 10
8 17

1 20
2 12
3 12
4 11
5 20
6 19
7 12
8 12

1 13
2 19
3 14
4 19
5 12
6 13
7 18
8 13

1 18
2 16
3 19
4 18
5 13
6 11
7 19
8 18

1 16
2 12
3 19
4 16
5 16
6 14
7 10
8 17

1 20
2 12
3 12
4 11
5 20
6 19
7 12
8 12