1 0
2 0
3 0
4 0

1 18
2 20
3 15
4 19

1 14
2 13
3 13
4 18

1 18
2 20
3 15
4 19

1 14
2 13
3 13
4 18

1 18
2 20
3 15
4 19

1 14
2 13
3 13
4 18

1 18
2 20
3 15
4 19

1 14
2 13
3 13
4 18

1 18
2 20
3 15
4 19

1 14
2 13
3 13
4 18

1 18
2 20
3 15
4 19

1 14
2 13
3 13
4 18

1 18
2 20
3 15
4 19

1 14
2 13
3 13
4 18

1 18
2 20
3 15
4 19

1 14
2 13
3 13
4 18

1 18
2 20
3 15
4 19

1 14
2 13
3 13
4 18

1 18
2 20
3 15
4 19

1 14
2 13
3 13
4 18

1 18
2 20
3 15
4 19

1 14
2 13
3 13
4 18

1 18
2 20
3 15
4 19

1 14
2 13
3 13
4 18

1 18
2 20
3 15
4 19

1 14
2 13
3 13
4 18

1 18
2 20
3 15
4 19

1 14
2 13
3 13
4 18

1 18
2 20
3 15
4 19

1 14
2 13
3 13
4 18

1 18
2 20
3 15
4 19

1 14
2 13
3 13
4 18

1 18
2 20
3 15
4 19

1 14
2 13
3 13
4 18

1 18
2 20
3 15
4 19

1 14
2 13
3 13
4 18

1 18
2 20
3 15
4 19

1 14
2 13
3 13
4 18

1 18
2 20
3 15
4 19

1 14
2 13
3 13
4 18