1 0
2 0
3 0
4 0
5 0
6 0
7 0
8 0
9 0
10 0
11 0
12 0
13 0
14 0
15 0
16 0

1 3
2 8
3 3
4 5
5 9
6 1
7 0
8 1
9 3
10 4
11 5
12 9
13 8
14 9
15 8
16 6

1 6
2 7
3 5
4 9
5 1
6 9
7 4
8 2
9 6
10 2
11 3
12 4
13 0
14 0
15 3
16 5

1 1
2 4
3 1
4 2
5 3
6 8
7 1
8 1
9 2
10 3
11 8
12 3
13 3
14 0
15 7
16 8

1 5
2 7
3 2
4 7
5 9
6 4
7 4
8 7
9 1
10 1
11 5
12 8
13 2
14 6
15 2
16 2

1 6
2 9
3 4
4 9
5 0
6 9
7 4
8 8
9 3
10 3
11 7
12 3
13 3
14 4
15 4
16 5

1 3
2 6
3 3
4 7
5 9
6 8
7 4
8 6
9 0
10 8
11 5
12 2
13 9
14 6
15 1
16 1

1 3
2 8
3 3
4 5
5 9
6 1
7 0
8 1
9 3
10 4
11 5
12 9
13 8
14 9
15 8
16 6

1 6
2 7
3 5
4 9
5 1
6 9
7 4
8 2
9 6
10 2
11 3
12 4
13 0
14 0
15 3
16 5

1 1
2 4
3 1
4 2
5 3
6 8
7 1
8 1
9 2
10 3
11 8
12 3
13 3
14 0
15 7
16 8

1 5
2 7
3 2
4 7
5 9
6 4
7 4
8 7
9 1
10 1
11 5
12 8
13 2
14 6
15 2
16 2

1 6
2 9
3 4
4 9
5 0
6 9
7 4
8 8
9 3
10 3
11 7
12 3
13 3
14 4
15 4
16 5

1 3
2 6
3 3
4 7
5 9
6 8
7 4
8 6
9 0
10 8
11 5
12 2
13 9
14 6
15 1
16 1

1 3
2 8
3 3
4 5
5 9
6 1
7 0
8 1
9 3
10 4
11 5
12 9
13 8
14 9
15 8
16 6

1 6
2 7
3 5
4 9
5 1
6 9
7 4
8 2
9 6
10 2
11 3
12 4
13 0
14 0
15 3
16 5

1 1
2 4
3 1
4 2
5 3
6 8
7 1
8 1
9 2
10 3
11 8
12 3
13 3
14 0
15 7
16 8

1 5
2 7
3 2
4 7
5 9
6 4
7 4
8 7
9 1
10 1
11 5
12 8
13 2
14 6
15 2
16 2

1 6
2 9
3 4
4 9
5 0
6 9
7 4
8 8
9 3
10 3
11 7
12 3
13 3
14 4
15 4
16 5

1 3
2 6
3 3
4 7
5 9
6 8
7 4
8 6
9 0
10 8
11 5
12 2
13 9
14 6
15 1
16 1

1 3
2 8
3 3
4 5
5 9
6 1
7 0
8 1
9 3
10 4
11 5
12 9
13 8
14 9
15 8
16 6

1 6
2 7
3 5
4 9
5 1
6 9
7 4
8 2
9 6
10 2
11 3
12 4
13 0
14 0
15 3
16 5

1 1
2 4
3 1
4 2
5 3
6 8
7 1
8 1
9 2
10 3
11 8
12 3
13 3
14 0
15 7
16 8

1 5
2 7
3 2
4 7
5 9
6 4
7 4
8 7
9 1
10 1
11 5
12 8
13 2
14 6
15 2
16 2

1 6
2 9
3 4
4 9
5 0
6 9
7 4
8 8
9 3
10 3
11 7
12 3
13 3
14 4
15 4
16 5

1 3
2 6
3 3
4 7
5 9
6 8
7 4
8 6
9 0
10 8
11 5
12 2
13 9
14 6
15 1
16 1

1 3
2 8
3 3
4 5
5 9
6 1
7 0
8 1
9 3
10 4
11 5
12 9
13 8
14 9
15 8
16 6

1 6
2 7
3 5
4 9
5 1
6 9
7 4
8 2
9 6
10 2
11 3
12 4
13 0
14 0
15 3
16 5

1 1
2 4
3 1
4 2
5 3
6 8
7 1
8 1
9 2
10 3
11 8
12 3
13 3
14 0
15 7
16 8

1 5
2 7
3 2
4 7
5 9
6 4
7 4
8 7
9 1
10 1
11 5
12 8
13 2
14 6
15 2
16 2

1 6
2 9
3 4
4 9
5 0
6 9
7 4
8 8
9 3
10 3
11 7
12 3
13 3
14 4
15 4
16 5

1 3
2 6
3 3
4 7
5 9
6 8
7 4
8 6
9 0
10 8
11 5
12 2
13 9
14 6
15 1
16 1

1 3
2 8
3 3
4 5
5 9
6 1
7 0
8 1
9 3
10 4
11 5
12 9
13 8
14 9
15 8
16 6

1 6
2 7
3 5
4 9
5 1
6 9
7 4
8 2
9 6
10 2
11 3
12 4
13 0
14 0
15 3
16 5

1 1
2 4
3 1
4 2
5 3
6 8
7 1
8 1
9 2
10 3
11 8
12 3
13 3
14 0
15 7
16 8

1 5
2 7
3 2
4 7
5 9
6 4
7 4
8 7
9 1
10 1
11 5
12 8
13 2
14 6
15 2
16 2

1 6
2 9
3 4
4 9
5 0
6 9
7 4
8 8
9 3
10 3
11 7
12 3
13 3
14 4
15 4
16 5

1 3
2 6
3 3
4 7
5 9
6 8
7 4
8 6
9 0
10 8
11 5
12 2
13 9
14 6
15 1
16 1

1 3
2 8
3 3
4 5
5 9
6 1
7 0
8 1
9 3
10 4
11 5
12 9
13 8
14 9
15 8
16 6

1 6
2 7
3 5
4 9
5 1
6 9
7 4
8 2
9 6
10 2
11 3
12 4
13 0
14 0
15 3
16 5

1 1
2 4
3 1
4 2
5 3
6 8
7 1
8 1
9 2
10 3
11 8
12 3
13 3
14 0
15 7
16 8

1 5
2 7
3 2
4 7
5 9
6 4
7 4
8 7
9 1
10 1
11 5
12 8
13 2
14 6
15 2
16 2

1 6
2 9
3 4
4 9
5 0
6 9
7 4
8 8
9 3
10 3
11 7
12 3
13 3
14 4
15 4
16 5

1 3
2 6
3 3
4 7
5 9
6 8
7 4
8 6
9 0
10 8
11 5
12 2
13 9
14 6
15 1
16 1

1 3
2 8
3 3
4 5
5 9
6 1
7 0
8 1
9 3
10 4
11 5
12 9
13 8
14 9
15 8
16 6

1 6
2 7
3 5
4 9
5 1
6 9
7 4
8 2
9 6
10 2
11 3
12 4
13 0
14 0
15 3
16 5

1 1
2 4
3 1
4 2
5 3
6 8
7 1
8 1
9 2
10 3
11 8
12 3
13 3
14 0
15 7
16 8

1 5
2 7
3 2
4 7
5 9
6 4
7 4
8 7
9 1
10 1
11 5
12 8
13 2
14 6
15 2
16 2

1 6
2 9
3 4
4 9
5 0
6 9
7 4
8 8
9 3
10 3
11 7
12 3
13 3
14 4
15 4
16 5

1 3
2 6
3 3
4 7
5 9
6 8
7 4
8 6
9 0
10 8
11 5
12 2
13 9
14 6
15 1
16 1

1 3
2 8
3 3
4 5
5 9
6 1
7 0
8 1
9 3
10 4
11 5
12 9
13 8
14 9
15 8
16 6

1 6
2 7
3 5
4 9
5 1
6 9
7 4
8 2
9 6
10 2
11 3
12 4
13 0
14 0
15 3
16 5

1 1
2 4
3 1
4 2
5 3
6 8
7 1
8 1
9 2
10 3
11 8
12 3
13 3
14 0
15 7
16 8

1 5
2 7
3 2
4 7
5 9
6 4
7 4
8 7
9 1
10 1
11 5
12 8
13 2
14 6
15 2
16 2

1 6
2 9
3 4
4 9
5 0
6 9
7 4
8 8
9 3
10 3
11 7
12 3
13 3
14 4
15 4
16 5

1 3
2 6
3 3
4 7
5 9
6 8
7 4
8 6
9 0
10 8
11 5
12 2
13 9
14 6
15 1
16 1

1 3
2 8
3 3
4 5
5 9
6 1
7 0
8 1
9 3
10 4
11 5
12 9
13 8
14 9
15 8
16 6

1 6
2 7
3 5
4 9
5 1
6 9
7 4
8 2
9 6
10 2
11 3
12 4
13 0
14 0
15 3
16 5

1 1
2 4
3 1
4 2
5 3
6 8
7 1
8 1
9 2
10 3
11 8
12 3
13 3
14 0
15 7
16 8

1 5
2 7
3 2
4 7
5 9
6 4
7 4
8 7
9 1
10 1
11 5
12 8
13 2
14 6
15 2
16 2

1 6
2 9
3 4
4 9
5 0
6 9
7 4
8 8
9 3
10 3
11 7
12 3
13 3
14 4
15 4
16 5

1 3
2 6
3 3
4 7
5 9
6 8
7 4
8 6
9 0
10 8
11 5
12 2
13 9
14 6
15 1
16 1

1 3
2 8
3 3
4 5
5 9
6 1
7 0
8 1
9 3
10 4
11 5
12 9
13 8
14 9
15 8
16 6

1 6
2 7
3 5
4 9
5 1
6 9
7 4
8 2
9 6
10 2
11 3
12 4
13 0
14 0
15 3
16 5

1 1
2 4
3 1
4 2
5 3
6 8
7 1
8 1
9 2
10 3
11 8
12 3
13 3
14 0
15 7
16 8

1 5
2 7
3 2
4 7
5 9
6 4
7 4
8 7
9 1
10 1
11 5
12 8
13 2
14 6
15 2
16 2

1 6
2 9
3 4
4 9
5 0
6 9
7 4
8 8
9 3
10 3
11 7
12 3
13 3
14 4
15 4
16 5

1 3
2 6
3 3
4 7
5 9
6 8
7 4
8 6
9 0
10 8
11 5
12 2
13 9
14 6
15 1
16 1

1 3
2 8
3 3
4 5
5 9
6 1
7 0
8 1
9 3
10 4
11 5
12 9
13 8
14 9
15 8
16 6

1 6
2 7
3 5
4 9
5 1
6 9
7 4
8 2
9 6
10 2
11 3
12 4
13 0
14 0
15 3
16 5

1 1
2 4
3 1
4 2
5 3
6 8
7 1
8 1
9 2
10 3
11 8
12 3
13 3
14 0
15 7
16 8

1 5
2 7
3 2
4 7
5 9
6 4
7 4
8 7
9 1
10 1
11 5
12 8
13 2
14 6
15 2
16 2

1 6
2 9
3 4
4 9
5 0
6 9
7 4
8 8
9 3
10 3
11 7
12 3
13 3
14 4
15 4
16 5

1 3
2 6
3 3
4 7
5 9
6 8
7 4
8 6
9 0
10 8
11 5
12 2
13 9
14 6
15 1
16 1

1 3
2 8
3 3
4 5
5 9
6 1
7 0
8 1
9 3
10 4
11 5
12 9
13 8
14 9
15 8
16 6

1 6
2 7
3 5
4 9
5 1
6 9
7 4
8 2
9 6
10 2
11 3
12 4
13 0
14 0
15 3
16 5

1 1
2 4
3 1
4 2
5 3
6 8
7 1
8 1
9 2
10 3
11 8
12 3
13 3
14 0
15 7
16 8

1 5
2 7
3 2
4 7
5 9
6 4
7 4
8 7
9 1
10 1
11 5
12 8
13 2
14 6
15 2
16 2

1 6
2 9
3 4
4 9
5 0
6 9
7 4
8 8
9 3
10 3
11 7
12 3
13 3
14 4
15 4
16 5

1 3
2 6
3 3
4 7
5 9
6 8
7 4
8 6
9 0
10 8
11 5
12 2
13 9
14 6
15 1
16 1

1 3
2 8
3 3
4 5
5 9
6 1
7 0
8 1
9 3
10 4
11 5
12 9
13 8
14 9
15 8
16 6

1 6
2 7
3 5
4 9
5 1
6 9
7 4
8 2
9 6
10 2
11 3
12 4
13 0
14 0
15 3
16 5

1 1
2 4
3 1
4 2
5 3
6 8
7 1
8 1
9 2
10 3
11 8
12 3
13 3
14 0
15 7
16 8

1 5
2 7
3 2
4 7
5 9
6 4
7 4
8 7
9 1
10 1
11 5
12 8
13 2
14 6
15 2
16 2

1 6
2 9
3 4
4 9
5 0
6 9
7 4
8 8
9 3
10 3
11 7
12 3
13 3
14 4
15 4
16 5

1 3
2 6
3 3
4 7
5 9
6 8
7 4
8 6
9 0
10 8
11 5
12 2
13 9
14 6
15 1
16 1

1 3
2 8
3 3
4 5
5 9
6 1
7 0
8 1
9 3
10 4
11 5
12 9
13 8
14 9
15 8
16 6

1 6
2 7
3 5
4 9
5 1
6 9
7 4
8 2
9 6
10 2
11 3
12 4
13 0
14 0
15 3
16 5

1 1
2 4
3 1
4 2
5 3
6 8
7 1
8 1
9 2
10 3
11 8
12 3
13 3
14 0
15 7
16 8

1 5
2 7
3 2
4 7
5 9
6 4
7 4
8 7
9 1
10 1
11 5
12 8
13 2
14 6
15 2
16 2

1 6
2 9
3 4
4 9
5 0
6 9
7 4
8 8
9 3
10 3
11 7
12 3
13 3
14 4
15 4
16 5

1 3
2 6
3 3
4 7
5 9
6 8
7 4
8 6
9 0
10 8
11 5
12 2
13 9
14 6
15 1
16 1

1 3
2 8
3 3
4 5
5 9
6 1
7 0
8 1
9 3
10 4
11 5
12 9
13 8
14 9
15 8
16 6

1 6
2 7
3 5
4 9
5 1
6 9
7 4
8 2
9 6
10 2
11 3
12 4
13 0
14 0
15 3
16 5

1 1
2 4
3 1
4 2
5 3
6 8
7 1
8 1
9 2
10 3
11 8
12 3
13 3
14 0
15 7
16 8

1 5
2 7
3 2
4 7
5 9
6 4
7 4
8 7
9 1
10 1
11 5
12 8
13 2
14 6
15 2
16 2

1 6
2 9
3 4
4 9
5 0
6 9
7 4
8 8
9 3
10 3
11 7
12 3
13 3
14 4
15 4
16 5

1 3
2 6
3 3
4 7
5 9
6 8
7 4
8 6
9 0
10 8
11 5
12 2
13 9
14 6
15 1
16 1

1 3
2 8
3 3
4 5
5 9
6 1
7 0
8 1
9 3
10 4
11 5
12 9
13 8
14 9
15 8
16 6

1 6
2 7
3 5
4 9
5 1
6 9
7 4
8 2
9 6
10 2
11 3
12 4
13 0
14 0
15 3
16 5

1 1
2 4
3 1
4 2
5 3
6 8
7 1
8 1
9 2
10 3
11 8
12 3
13 3
14 0
15 7
16 8

1 5
2 7
3 2
4 7
5 9
6 4
7 4
8 7
9 1
10 1
11 5
12 8
13 2
14 6
15 2
16 2

1 6
2 9
3 4
4 9
5 0
6 9
7 4
8 8
9 3
10 3
11 7
12 3
13 3
14 4
15 4
16 5

1 3
2 6
3 3
4 7
5 9
6 8
7 4
8 6
9 0
10 8
11 5
12 2
13 9
14 6
15 1
16 1

1 3
2 8
3 3
4 5
5 9
6 1
7 0
8 1
9 3
10 4
11 5
12 9
13 8
14 9
15 8
16 6

1 6
2 7
3 5
4 9
5 1
6 9
7 4
8 2
9 6
10 2
11 3
12 4
13 0
14 0
15 3
16 5

1 1
2 4
3 1
4 2
5 3
6 8
7 1
8 1
9 2
10 3
11 8
12 3
13 3
14 0
15 7
16 8

1 5
2 7
3 2
4 7
5 9
6 4
7 4
8 7
9 1
10 1
11 5
12 8
13 2
14 6
15 2
16 2

1 6
2 9
3 4
4 9
5 0
6 9
7 4
8 8
9 3
10 3
11 7
12 3
13 3
14 4
15 4
16 5

1 3
2 6
3 3
4 7
5 9
6 8
7 4
8 6
9 0
10 8
11 5
12 2
13 9
14 6
15 1
16 1

1 3
2 8
3 3
4 5
5 9
6 1
7 0
8 1
9 3
10 4
11 5
12 9
13 8
14 9
15 8
16 6

1 6
2 7
3 5
4 9
5 1
6 9
7 4
8 2
9 6
10 2
11 3
12 4
13 0
14 0
15 3
16 5

1 1
2 4
3 1
4 2
5 3
6 8
7 1
8 1
9 2
10 3
11 8
12 3
13 3
14 0
15 7
16 8

1 5
2 7
3 2
4 7
5 9
6 4
7 4
8 7
9 1
10 1
11 5
12 8
13 2
14 6
15 2
16 2

1 6
2 9
3 4
4 9
5 0
6 9
7 4
8 8
9 3
10 3
11 7
12 3
13 3
14 4
15 4
16 5

1 3
2 6
3 3
4 7
5 9
6 8
7 4
8 6
9 0
10 8
11 5
12 2
13 9
14 6
15 1
16 1

1 3
2 8
3 3
4 5
5 9
6 1
7 0
8 1
9 3
10 4
11 5
12 9
13 8
14 9
15 8
16 6

1 6
2 7
3 5
4 9
5 1
6 9
7 4
8 2
9 6
10 2
11 3
12 4
13 0
14 0
15 3
16 5

1 1
2 4
3 1
4 2
5 3
6 8
7 1
8 1
9 2
10 3
11 8
12 3
13 3
14 0
15 7
16 8

1 5
2 7
3 2
4 7
5 9
6 4
7 4
8 7
9 1
10 1
11 5
12 8
13 2
14 6
15 2
16 2

1 6
2 9
3 4
4 9
5 0
6 9
7 4
8 8
9 3
10 3
11 7
12 3
13 3
14 4
15 4
16 5

1 3
2 6
3 3
4 7
5 9
6 8
7 4
8 6
9 0
10 8
11 5
12 2
13 9
14 6
15 1
16 1