1 0
2 0
3 0
4 0

1 2
2 0
3 4
4 5

1 8
2 8
3 2
4 4

1 2
2 0
3 4
4 5

1 8
2 8
3 2
4 4

1 2
2 0
3 4
4 5

1 8
2 8
3 2
4 4

1 2
2 0
3 4
4 5

1 8
2 8
3 2
4 4

1 2
2 0
3 4
4 5

1 8
2 8
3 2
4 4

1 2
2 0
3 4
4 5

1 8
2 8
3 2
4 4

1 2
2 0
3 4
4 5

1 8
2 8
3 2
4 4

1 2
2 0
3 4
4 5

1 8
2 8
3 2
4 4

1 2
2 0
3 4
4 5

1 8
2 8
3 2
4 4

1 2
2 0
3 4
4 5

1 8
2 8
3 2
4 4

1 2
2 0
3 4
4 5

1 8
2 8
3 2
4 4

1 2
2 0
3 4
4 5

1 8
2 8
3 2
4 4

1 2
2 0
3 4
4 5

1 8
2 8
3 2
4 4

1 2
2 0
3 4
4 5

1 8
2 8
3 2
4 4

1 2
2 0
3 4
4 5

1 8
2 8
3 2
4 4