1 0
2 0
3 0
4 0
5 0
6 0
7 0
8 0

1 16
2 14
3 13
4 20
5 12
6 13
7 19
8 19

1 17
2 15
3 10
4 11
5 14
6 12
7 12
8 20

1 15
2 20
3 19
4 14
5 19
6 19
7 17
8 19

1 20
2 18
3 19
4 13
5 15
6 18
7 19
8 11

1 16
2 14
3 13
4 20
5 12
6 13
7 19
8 19

1 17
2 15
3 10
4 11
5 14
6 12
7 12
8 20

1 15
2 20
3 19
4 14
5 19
6 19
7 17
8 19

1 20
2 18
3 19
4 13
5 15
6 18
7 19
8 11

1 16
2 14
3 13
4 20
5 12
6 13
7 19
8 19

1 17
2 15
3 10
4 11
5 14
6 12
7 12
8 20

1 15
2 20
3 19
4 14
5 19
6 19
7 17
8 19

1 20
2 18
3 19
4 13
5 15
6 18
7 19
8 11

1 16
2 14
3 13
4 20
5 12
6 13
7 19
8 19

1 17
2 15
3 10
4 11
5 14
6 12
7 12
8 20

1 15
2 20
3 19
4 14
5 19
6 19
7 17
8 19

1 20
2 18
3 19
4 13
5 15
6 18
7 19
8 11

1 16
2 14
3 13
4 20
5 12
6 13
7 19
8 19

1 17
2 15
3 10
4 11
5 14
6 12
7 12
8 20

1 15
2 20
3 19
4 14
5 19
6 19
7 17
8 19

1 20
2 18
3 19
4 13
5 15
6 18
7 19
8 11

1 16
2 14
3 13
4 20
5 12
6 13
7 19
8 19

1 17
2 15
3 10
4 11
5 14
6 12
7 12
8 20

1 15
2 20
3 19
4 14
5 19
6 19
7 17
8 19

1 20
2 18
3 19
4 13
5 15
6 18
7 19
8 11

1 16
2 14
3 13
4 20
5 12
6 13
7 19
8 19

1 17
2 15
3 10
4 11
5 14
6 12
7 12
8 20

1 15
2 20
3 19
4 14
5 19
6 19
7 17
8 19

1 20
2 18
3 19
4 13
5 15
6 18
7 19
8 11

1 16
2 14
3 13
4 20
5 12
6 13
7 19
8 19

1 17
2 15
3 10
4 11
5 14
6 12
7 12
8 20

1 15
2 20
3 19
4 14
5 19
6 19
7 17
8 19

1 20
2 18
3 19
4 13
5 15
6 18
7 19
8 11

1 16
2 14
3 13
4 20
5 12
6 13
7 19
8 19

1 17
2 15
3 10
4 11
5 14
6 12
7 12
8 20

1 15
2 20
3 19
4 14
5 19
6 19
7 17
8 19

1 20
2 18
3 19
4 13
5 15
6 18
7 19
8 11

1 16
2 14
3 13
4 20
5 12
6 13
7 19
8 19

1 17
2 15
3 10
4 11
5 14
6 12
7 12
8 20

1 15
2 20
3 19
4 14
5 19
6 19
7 17
8 19

1 20
2 18
3 19
4 13
5 15
6 18
7 19
8 11

1 16
2 14
3 13
4 20
5 12
6 13
7 19
8 19

1 17
2 15
3 10
4 11
5 14
6 12
7 12
8 20

1 15
2 20
3 19
4 14
5 19
6 19
7 17
8 19

1 20
2 18
3 19
4 13
5 15
6 18
7 19
8 11

1 16
2 14
3 13
4 20
5 12
6 13
7 19
8 19

1 17
2 15
3 10
4 11
5 14
6 12
7 12
8 20

1 15
2 20
3 19
4 14
5 19
6 19
7 17
8 19

1 20
2 18
3 19
4 13
5 15
6 18
7 19
8 11

1 16
2 14
3 13
4 20
5 12
6 13
7 19
8 19

1 17
2 15
3 10
4 11
5 14
6 12
7 12
8 20

1 15
2 20
3 19
4 14
5 19
6 19
7 17
8 19

1 20
2 18
3 19
4 13
5 15
6 18
7 19
8 11

1 16
2 14
3 13
4 20
5 12
6 13
7 19
8 19

1 17
2 15
3 10
4 11
5 14
6 12
7 12
8 20

1 15
2 20
3 19
4 14
5 19
6 19
7 17
8 19

1 20
2 18
3 19
4 13
5 15
6 18
7 19
8 11

1 16
2 14
3 13
4 20
5 12
6 13
7 19
8 19

1 17
2 15
3 10
4 11
5 14
6 12
7 12
8 20

1 15
2 20
3 19
4 14
5 19
6 19
7 17
8 19

1 20
2 18
3 19
4 13
5 15
6 18
7 19
8 11

1 16
2 14
3 13
4 20
5 12
6 13
7 19
8 19

1 17
2 15
3 10
4 11
5 14
6 12
7 12
8 20

1 15
2 20
3 19
4 14
5 19
6 19
7 17
8 19

1 20
2 18
3 19
4 13
5 15
6 18
7 19
8 11

1 16
2 14
3 13
4 20
5 12
6 13
7 19
8 19

1 17
2 15
3 10
4 11
5 14
6 12
7 12
8 20

1 15
2 20
3 19
4 14
5 19
6 19
7 17
8 19

1 20
2 18
3 19
4 13
5 15
6 18
7 19
8 11

1 16
2 14
3 13
4 20
5 12
6 13
7 19
8 19

1 17
2 15
3 10
4 11
5 14
6 12
7 12
8 20

1 15
2 20
3 19
4 14
5 19
6 19
7 17
8 19

1 20
2 18
3 19
4 13
5 15
6 18
7 19
8 11

1 16
2 14
3 13
4 20
5 12
6 13
7 19
8 19

1 17
2 15
3 10
4 11
5 14
6 12
7 12
8 20

1 15
2 20
3 19
4 14
5 19
6 19
7 17
8 19

1 20
2 18
3 19
4 13
5 15
6 18
7 19
8 11

1 16
2 14
3 13
4 20
5 12
6 13
7 19
8 19

1 17
2 15
3 10
4 11
5 14
6 12
7 12
8 20

1 15
2 20
3 19
4 14
5 19
6 19
7 17
8 19

1 20
2 18
3 19
4 13
5 15
6 18
7 19
8 11