1 0
2 0
3 0
4 0
5 0
6 0
7 0
8 0
9 0
10 0
11 0
12 0
13 0
14 0
15 0
16 0

1 8
2 0
3 7
4 9
5 6
6 5
7 4
8 5
9 0
10 7
11 2
12 7
13 8
14 2
15 6
16 5

1 0
2 4
3 1
4 4
5 0
6 4
7 8
8 7
9 6
10 2
11 1
12 9
13 9
14 5
15 8
16 6

1 8
2 0
3 7
4 9
5 6
6 5
7 4
8 5
9 0
10 7
11 2
12 7
13 8
14 2
15 6
16 5

1 0
2 4
3 1
4 4
5 0
6 4
7 8
8 7
9 6
10 2
11 1
12 9
13 9
14 5
15 8
16 6

1 8
2 0
3 7
4 9
5 6
6 5
7 4
8 5
9 0
10 7
11 2
12 7
13 8
14 2
15 6
16 5

1 0
2 4
3 1
4 4
5 0
6 4
7 8
8 7
9 6
10 2
11 1
12 9
13 9
14 5
15 8
16 6

1 8
2 0
3 7
4 9
5 6
6 5
7 4
8 5
9 0
10 7
11 2
12 7
13 8
14 2
15 6
16 5

1 0
2 4
3 1
4 4
5 0
6 4
7 8
8 7
9 6
10 2
11 1
12 9
13 9
14 5
15 8
16 6

1 8
2 0
3 7
4 9
5 6
6 5
7 4
8 5
9 0
10 7
11 2
12 7
13 8
14 2
15 6
16 5

1 0
2 4
3 1
4 4
5 0
6 4
7 8
8 7
9 6
10 2
11 1
12 9
13 9
14 5
15 8
16 6

1 8
2 0
3 7
4 9
5 6
6 5
7 4
8 5
9 0
10 7
11 2
12 7
13 8
14 2
15 6
16 5

1 0
2 4
3 1
4 4
5 0
6 4
7 8
8 7
9 6
10 2
11 1
12 9
13 9
14 5
15 8
16 6

1 8
2 0
3 7
4 9
5 6
6 5
7 4
8 5
9 0
10 7
11 2
12 7
13 8
14 2
15 6
16 5

1 0
2 4
3 1
4 4
5 0
6 4
7 8
8 7
9 6
10 2
11 1
12 9
13 9
14 5
15 8
16 6

1 8
2 0
3 7
4 9
5 6
6 5
7 4
8 5
9 0
10 7
11 2
12 7
13 8
14 2
15 6
16 5

1 0
2 4
3 1
4 4
5 0
6 4
7 8
8 7
9 6
10 2
11 1
12 9
13 9
14 5
15 8
16 6

1 8
2 0
3 7
4 9
5 6
6 5
7 4
8 5
9 0
10 7
11 2
12 7
13 8
14 2
15 6
16 5

1 0
2 4
3 1
4 4
5 0
6 4
7 8
8 7
9 6
10 2
11 1
12 9
13 9
14 5
15 8
16 6

1 8
2 0
3 7
4 9
5 6
6 5
7 4
8 5
9 0
10 7
11 2
12 7
13 8
14 2
15 6
16 5

1 0
2 4
3 1
4 4
5 0
6 4
7 8
8 7
9 6
10 2
11 1
12 9
13 9
14 5
15 8
16 6

1 8
2 0
3 7
4 9
5 6
6 5
7 4
8 5
9 0
10 7
11 2
12 7
13 8
14 2
15 6
16 5

1 0
2 4
3 1
4 4
5 0
6 4
7 8
8 7
9 6
10 2
11 1
12 9
13 9
14 5
15 8
16 6

1 8
2 0
3 7
4 9
5 6
6 5
7 4
8 5
9 0
10 7
11 2
12 7
13 8
14 2
15 6
16 5

1 0
2 4
3 1
4 4
5 0
6 4
7 8
8 7
9 6
10 2
11 1
12 9
13 9
14 5
15 8
16 6

1 8
2 0
3 7
4 9
5 6
6 5
7 4
8 5
9 0
10 7
11 2
12 7
13 8
14 2
15 6
16 5

1 0
2 4
3 1
4 4
5 0
6 4
7 8
8 7
9 6
10 2
11 1
12 9
13 9
14 5
15 8
16 6

1 8
2 0
3 7
4 9
5 6
6 5
7 4
8 5
9 0
10 7
11 2
12 7
13 8
14 2
15 6
16 5

1 0
2 4
3 1
4 4
5 0
6 4
7 8
8 7
9 6
10 2
11 1
12 9
13 9
14 5
15 8
16 6

1 8
2 0
3 7
4 9
5 6
6 5
7 4
8 5
9 0
10 7
11 2
12 7
13 8
14 2
15 6
16 5

1 0
2 4
3 1
4 4
5 0
6 4
7 8
8 7
9 6
10 2
11 1
12 9
13 9
14 5
15 8
16 6

1 8
2 0
3 7
4 9
5 6
6 5
7 4
8 5
9 0
10 7
11 2
12 7
13 8
14 2
15 6
16 5

1 0
2 4
3 1
4 4
5 0
6 4
7 8
8 7
9 6
10 2
11 1
12 9
13 9
14 5
15 8
16 6

1 8
2 0
3 7
4 9
5 6
6 5
7 4
8 5
9 0
10 7
11 2
12 7
13 8
14 2
15 6
16 5

1 0
2 4
3 1
4 4
5 0
6 4
7 8
8 7
9 6
10 2
11 1
12 9
13 9
14 5
15 8
16 6

1 8
2 0
3 7
4 9
5 6
6 5
7 4
8 5
9 0
10 7
11 2
12 7
13 8
14 2
15 6
16 5

1 0
2 4
3 1
4 4
5 0
6 4
7 8
8 7
9 6
10 2
11 1
12 9
13 9
14 5
15 8
16 6

1 8
2 0
3 7
4 9
5 6
6 5
7 4
8 5
9 0
10 7
11 2
12 7
13 8
14 2
15 6
16 5

1 0
2 4
3 1
4 4
5 0
6 4
7 8
8 7
9 6
10 2
11 1
12 9
13 9
14 5
15 8
16 6

1 8
2 0
3 7
4 9
5 6
6 5
7 4
8 5
9 0
10 7
11 2
12 7
13 8
14 2
15 6
16 5

1 0
2 4
3 1
4 4
5 0
6 4
7 8
8 7
9 6
10 2
11 1
12 9
13 9
14 5
15 8
16 6