1 0
2 0
3 0
4 0
5 0
6 0
7 0
8 0

1 13
2 11
3 16
4 10
5 18
6 15
7 13
8 20

1 11
2 19
3 15
4 20
5 11
6 17
7 14
8 13

1 13
2 11
3 16
4 10
5 18
6 15
7 13
8 20

1 11
2 19
3 15
4 20
5 11
6 17
7 14
8 13

1 13
2 11
3 16
4 10
5 18
6 15
7 13
8 20

1 11
2 19
3 15
4 20
5 11
6 17
7 14
8 13

1 13
2 11
3 16
4 10
5 18
6 15
7 13
8 20

1 11
2 19
3 15
4 20
5 11
6 17
7 14
8 13

1 13
2 11
3 16
4 10
5 18
6 15
7 13
8 20

1 11
2 19
3 15
4 20
5 11
6 17
7 14
8 13

1 13
2 11
3 16
4 10
5 18
6 15
7 13
8 20

1 11
2 19
3 15
4 20
5 11
6 17
7 14
8 13

1 13
2 11
3 16
4 10
5 18
6 15
7 13
8 20

1 11
2 19
3 15
4 20
5 11
6 17
7 14
8 13

1 13
2 11
3 16
4 10
5 18
6 15
7 13
8 20

1 11
2 19
3 15
4 20
5 11
6 17
7 14
8 13

1 13
2 11
3 16
4 10
5 18
6 15
7 13
8 20

1 11
2 19
3 15
4 20
5 11
6 17
7 14
8 13

1 13
2 11
3 16
4 10
5 18
6 15
7 13
8 20

1 11
2 19
3 15
4 20
5 11
6 17
7 14
8 13