1 0
2 0
3 0
4 0

1 18
2 16
3 20
4 20

1 16
2 20
3 12
4 18

1 13
2 18
3 10
4 11

1 11
2 15
3 15
4 16

1 18
2 16
3 20
4 20

1 16
2 20
3 12
4 18

1 13
2 18
3 10
4 11

1 11
2 15
3 15
4 16

1 18
2 16
3 20
4 20

1 16
2 20
3 12
4 18

1 13
2 18
3 10
4 11

1 11
2 15
3 15
4 16

1 18
2 16
3 20
4 20

1 16
2 20
3 12
4 18

1 13
2 18
3 10
4 11

1 11
2 15
3 15
4 16

1 18
2 16
3 20
4 20

1 16
2 20
3 12
4 18

1 13
2 18
3 10
4 11

1 11
2 15
3 15
4 16

1 18
2 16
3 20
4 20

1 16
2 20
3 12
4 18

1 13
2 18
3 10
4 11

1 11
2 15
3 15
4 16

1 18
2 16
3 20
4 20

1 16
2 20
3 12
4 18

1 13
2 18
3 10
4 11

1 11
2 15
3 15
4 16

1 18
2 16
3 20
4 20

1 16
2 20
3 12
4 18

1 13
2 18
3 10
4 11

1 11
2 15
3 15
4 16

1 18
2 16
3 20
4 20

1 16
2 20
3 12
4 18

1 13
2 18
3 10
4 11

1 11
2 15
3 15
4 16

1 18
2 16
3 20
4 20

1 16
2 20
3 12
4 18

1 13
2 18
3 10
4 11

1 11
2 15
3 15
4 16

1 18
2 16
3 20
4 20

1 16
2 20
3 12
4 18

1 13
2 18
3 10
4 11

1 11
2 15
3 15
4 16

1 18
2 16
3 20
4 20

1 16
2 20
3 12
4 18

1 13
2 18
3 10
4 11

1 11
2 15
3 15
4 16

1 18
2 16
3 20
4 20

1 16
2 20
3 12
4 18

1 13
2 18
3 10
4 11

1 11
2 15
3 15
4 16

1 18
2 16
3 20
4 20

1 16
2 20
3 12
4 18

1 13
2 18
3 10
4 11

1 11
2 15
3 15
4 16

1 18
2 16
3 20
4 20

1 16
2 20
3 12
4 18

1 13
2 18
3 10
4 11

1 11
2 15
3 15
4 16