1 0
2 0
3 0
4 0
5 0
6 0
7 0
8 0

1 18
2 15
3 18
4 18
5 16
6 20
7 14
8 17

1 17
2 16
3 11
4 12
5 16
6 20
7 20
8 18

1 11
2 17
3 13
4 16
5 16
6 17
7 16
8 17

1 10
2 11
3 13
4 16
5 11
6 18
7 20
8 16

1 11
2 15
3 19
4 14
5 17
6 14
7 14
8 15

1 17
2 10
3 12
4 12
5 15
6 17
7 18
8 11

1 18
2 15
3 18
4 18
5 16
6 20
7 14
8 17

1 17
2 16
3 11
4 12
5 16
6 20
7 20
8 18

1 11
2 17
3 13
4 16
5 16
6 17
7 16
8 17

1 10
2 11
3 13
4 16
5 11
6 18
7 20
8 16

1 11
2 15
3 19
4 14
5 17
6 14
7 14
8 15

1 17
2 10
3 12
4 12
5 15
6 17
7 18
8 11

1 18
2 15
3 18
4 18
5 16
6 20
7 14
8 17

1 17
2 16
3 11
4 12
5 16
6 20
7 20
8 18

1 11
2 17
3 13
4 16
5 16
6 17
7 16
8 17

1 10
2 11
3 13
4 16
5 11
6 18
7 20
8 16

1 11
2 15
3 19
4 14
5 17
6 14
7 14
8 15

1 17
2 10
3 12
4 12
5 15
6 17
7 18
8 11

1 18
2 15
3 18
4 18
5 16
6 20
7 14
8 17

1 17
2 16
3 11
4 12
5 16
6 20
7 20
8 18

1 11
2 17
3 13
4 16
5 16
6 17
7 16
8 17

1 10
2 11
3 13
4 16
5 11
6 18
7 20
8 16

1 11
2 15
3 19
4 14
5 17
6 14
7 14
8 15

1 17
2 10
3 12
4 12
5 15
6 17
7 18
8 11

1 18
2 15
3 18
4 18
5 16
6 20
7 14
8 17

1 17
2 16
3 11
4 12
5 16
6 20
7 20
8 18

1 11
2 17
3 13
4 16
5 16
6 17
7 16
8 17

1 10
2 11
3 13
4 16
5 11
6 18
7 20
8 16

1 11
2 15
3 19
4 14
5 17
6 14
7 14
8 15

1 17
2 10
3 12
4 12
5 15
6 17
7 18
8 11

1 18
2 15
3 18
4 18
5 16
6 20
7 14
8 17

1 17
2 16
3 11
4 12
5 16
6 20
7 20
8 18

1 11
2 17
3 13
4 16
5 16
6 17
7 16
8 17

1 10
2 11
3 13
4 16
5 11
6 18
7 20
8 16

1 11
2 15
3 19
4 14
5 17
6 14
7 14
8 15

1 17
2 10
3 12
4 12
5 15
6 17
7 18
8 11

1 18
2 15
3 18
4 18
5 16
6 20
7 14
8 17

1 17
2 16
3 11
4 12
5 16
6 20
7 20
8 18

1 11
2 17
3 13
4 16
5 16
6 17
7 16
8 17

1 10
2 11
3 13
4 16
5 11
6 18
7 20
8 16

1 11
2 15
3 19
4 14
5 17
6 14
7 14
8 15

1 17
2 10
3 12
4 12
5 15
6 17
7 18
8 11

1 18
2 15
3 18
4 18
5 16
6 20
7 14
8 17

1 17
2 16
3 11
4 12
5 16
6 20
7 20
8 18

1 11
2 17
3 13
4 16
5 16
6 17
7 16
8 17

1 10
2 11
3 13
4 16
5 11
6 18
7 20
8 16

1 11
2 15
3 19
4 14
5 17
6 14
7 14
8 15

1 17
2 10
3 12
4 12
5 15
6 17
7 18
8 11

1 18
2 15
3 18
4 18
5 16
6 20
7 14
8 17

1 17
2 16
3 11
4 12
5 16
6 20
7 20
8 18

1 11
2 17
3 13
4 16
5 16
6 17
7 16
8 17

1 10
2 11
3 13
4 16
5 11
6 18
7 20
8 16

1 11
2 15
3 19
4 14
5 17
6 14
7 14
8 15

1 17
2 10
3 12
4 12
5 15
6 17
7 18
8 11

1 18
2 15
3 18
4 18
5 16
6 20
7 14
8 17

1 17
2 16
3 11
4 12
5 16
6 20
7 20
8 18

1 11
2 17
3 13
4 16
5 16
6 17
7 16
8 17

1 10
2 11
3 13
4 16
5 11
6 18
7 20
8 16

1 11
2 15
3 19
4 14
5 17
6 14
7 14
8 15

1 17
2 10
3 12
4 12
5 15
6 17
7 18
8 11

1 18
2 15
3 18
4 18
5 16
6 20
7 14
8 17

1 17
2 16
3 11
4 12
5 16
6 20
7 20
8 18

1 11
2 17
3 13
4 16
5 16
6 17
7 16
8 17

1 10
2 11
3 13
4 16
5 11
6 18
7 20
8 16

1 11
2 15
3 19
4 14
5 17
6 14
7 14
8 15

1 17
2 10
3 12
4 12
5 15
6 17
7 18
8 11

1 18
2 15
3 18
4 18
5 16
6 20
7 14
8 17

1 17
2 16
3 11
4 12
5 16
6 20
7 20
8 18

1 11
2 17
3 13
4 16
5 16
6 17
7 16
8 17

1 10
2 11
3 13
4 16
5 11
6 18
7 20
8 16

1 11
2 15
3 19
4 14
5 17
6 14
7 14
8 15

1 17
2 10
3 12
4 12
5 15
6 17
7 18
8 11

1 18
2 15
3 18
4 18
5 16
6 20
7 14
8 17

1 17
2 16
3 11
4 12
5 16
6 20
7 20
8 18

1 11
2 17
3 13
4 16
5 16
6 17
7 16
8 17

1 10
2 11
3 13
4 16
5 11
6 18
7 20
8 16

1 11
2 15
3 19
4 14
5 17
6 14
7 14
8 15

1 17
2 10
3 12
4 12
5 15
6 17
7 18
8 11

1 18
2 15
3 18
4 18
5 16
6 20
7 14
8 17

1 17
2 16
3 11
4 12
5 16
6 20
7 20
8 18

1 11
2 17
3 13
4 16
5 16
6 17
7 16
8 17

1 10
2 11
3 13
4 16
5 11
6 18
7 20
8 16

1 11
2 15
3 19
4 14
5 17
6 14
7 14
8 15

1 17
2 10
3 12
4 12
5 15
6 17
7 18
8 11

1 18
2 15
3 18
4 18
5 16
6 20
7 14
8 17

1 17
2 16
3 11
4 12
5 16
6 20
7 20
8 18

1 11
2 17
3 13
4 16
5 16
6 17
7 16
8 17

1 10
2 11
3 13
4 16
5 11
6 18
7 20
8 16

1 11
2 15
3 19
4 14
5 17
6 14
7 14
8 15

1 17
2 10
3 12
4 12
5 15
6 17
7 18
8 11