1 0
2 0
3 0
4 0

1 8
2 9
3 8
4 8

1 6
2 6
3 1
4 3

1 3
2 9
3 8
4 7

1 1
2 4
3 9
4 7

1 8
2 9
3 8
4 8

1 6
2 6
3 1
4 3

1 3
2 9
3 8
4 7

1 1
2 4
3 9
4 7

1 8
2 9
3 8
4 8

1 6
2 6
3 1
4 3

1 3
2 9
3 8
4 7

1 1
2 4
3 9
4 7

1 8
2 9
3 8
4 8

1 6
2 6
3 1
4 3

1 3
2 9
3 8
4 7

1 1
2 4
3 9
4 7

1 8
2 9
3 8
4 8

1 6
2 6
3 1
4 3

1 3
2 9
3 8
4 7

1 1
2 4
3 9
4 7

1 8
2 9
3 8
4 8

1 6
2 6
3 1
4 3

1 3
2 9
3 8
4 7

1 1
2 4
3 9
4 7

1 8
2 9
3 8
4 8

1 6
2 6
3 1
4 3

1 3
2 9
3 8
4 7

1 1
2 4
3 9
4 7

1 8
2 9
3 8
4 8

1 6
2 6
3 1
4 3

1 3
2 9
3 8
4 7

1 1
2 4
3 9
4 7

1 8
2 9
3 8
4 8

1 6
2 6
3 1
4 3

1 3
2 9
3 8
4 7

1 1
2 4
3 9
4 7

1 8
2 9
3 8
4 8

1 6
2 6
3 1
4 3

1 3
2 9
3 8
4 7

1 1
2 4
3 9
4 7

1 8
2 9
3 8
4 8

1 6
2 6
3 1
4 3

1 3
2 9
3 8
4 7

1 1
2 4
3 9
4 7

1 8
2 9
3 8
4 8

1 6
2 6
3 1
4 3

1 3
2 9
3 8
4 7

1 1
2 4
3 9
4 7

1 8
2 9
3 8
4 8

1 6
2 6
3 1
4 3

1 3
2 9
3 8
4 7

1 1
2 4
3 9
4 7

1 8
2 9
3 8
4 8

1 6
2 6
3 1
4 3

1 3
2 9
3 8
4 7

1 1
2 4
3 9
4 7

1 8
2 9
3 8
4 8

1 6
2 6
3 1
4 3

1 3
2 9
3 8
4 7

1 1
2 4
3 9
4 7