1 0
2 0
3 0
4 0
5 0
6 0
7 0
8 0
9 0
10 0
11 0
12 0
13 0
14 0
15 0
16 0

1 1
2 8
3 5
4 5
5 0
6 8
7 6
8 4
9 0
10 7
11 5
12 5
13 7
14 5
15 6
16 2

1 0
2 3
3 3
4 4
5 8
6 5
7 3
8 4
9 8
10 2
11 4
12 2
13 0
14 5
15 2
16 9

1 1
2 8
3 5
4 5
5 0
6 8
7 6
8 4
9 0
10 7
11 5
12 5
13 7
14 5
15 6
16 2

1 0
2 3
3 3
4 4
5 8
6 5
7 3
8 4
9 8
10 2
11 4
12 2
13 0
14 5
15 2
16 9

1 1
2 8
3 5
4 5
5 0
6 8
7 6
8 4
9 0
10 7
11 5
12 5
13 7
14 5
15 6
16 2

1 0
2 3
3 3
4 4
5 8
6 5
7 3
8 4
9 8
10 2
11 4
12 2
13 0
14 5
15 2
16 9

1 1
2 8
3 5
4 5
5 0
6 8
7 6
8 4
9 0
10 7
11 5
12 5
13 7
14 5
15 6
16 2

1 0
2 3
3 3
4 4
5 8
6 5
7 3
8 4
9 8
10 2
11 4
12 2
13 0
14 5
15 2
16 9

1 1
2 8
3 5
4 5
5 0
6 8
7 6
8 4
9 0
10 7
11 5
12 5
13 7
14 5
15 6
16 2

1 0
2 3
3 3
4 4
5 8
6 5
7 3
8 4
9 8
10 2
11 4
12 2
13 0
14 5
15 2
16 9

1 1
2 8
3 5
4 5
5 0
6 8
7 6
8 4
9 0
10 7
11 5
12 5
13 7
14 5
15 6
16 2

1 0
2 3
3 3
4 4
5 8
6 5
7 3
8 4
9 8
10 2
11 4
12 2
13 0
14 5
15 2
16 9

1 1
2 8
3 5
4 5
5 0
6 8
7 6
8 4
9 0
10 7
11 5
12 5
13 7
14 5
15 6
16 2

1 0
2 3
3 3
4 4
5 8
6 5
7 3
8 4
9 8
10 2
11 4
12 2
13 0
14 5
15 2
16 9

1 1
2 8
3 5
4 5
5 0
6 8
7 6
8 4
9 0
10 7
11 5
12 5
13 7
14 5
15 6
16 2

1 0
2 3
3 3
4 4
5 8
6 5
7 3
8 4
9 8
10 2
11 4
12 2
13 0
14 5
15 2
16 9

1 1
2 8
3 5
4 5
5 0
6 8
7 6
8 4
9 0
10 7
11 5
12 5
13 7
14 5
15 6
16 2

1 0
2 3
3 3
4 4
5 8
6 5
7 3
8 4
9 8
10 2
11 4
12 2
13 0
14 5
15 2
16 9

1 1
2 8
3 5
4 5
5 0
6 8
7 6
8 4
9 0
10 7
11 5
12 5
13 7
14 5
15 6
16 2

1 0
2 3
3 3
4 4
5 8
6 5
7 3
8 4
9 8
10 2
11 4
12 2
13 0
14 5
15 2
16 9