1 0
2 0
3 0
4 0

1 17
2 18
3 20
4 14

1 14
2 14
3 20
4 14

1 20
2 11
3 12
4 15

1 17
2 19
3 16
4 12

1 17
2 18
3 20
4 14

1 14
2 14
3 20
4 14

1 20
2 11
3 12
4 15

1 17
2 19
3 16
4 12

1 17
2 18
3 20
4 14

1 14
2 14
3 20
4 14

1 20
2 11
3 12
4 15

1 17
2 19
3 16
4 12

1 17
2 18
3 20
4 14

1 14
2 14
3 20
4 14

1 20
2 11
3 12
4 15

1 17
2 19
3 16
4 12

1 17
2 18
3 20
4 14

1 14
2 14
3 20
4 14

1 20
2 11
3 12
4 15

1 17
2 19
3 16
4 12

1 17
2 18
3 20
4 14

1 14
2 14
3 20
4 14

1 20
2 11
3 12
4 15

1 17
2 19
3 16
4 12

1 17
2 18
3 20
4 14

1 14
2 14
3 20
4 14

1 20
2 11
3 12
4 15

1 17
2 19
3 16
4 12

1 17
2 18
3 20
4 14

1 14
2 14
3 20
4 14

1 20
2 11
3 12
4 15

1 17
2 19
3 16
4 12

1 17
2 18
3 20
4 14

1 14
2 14
3 20
4 14

1 20
2 11
3 12
4 15

1 17
2 19
3 16
4 12

1 17
2 18
3 20
4 14

1 14
2 14
3 20
4 14

1 20
2 11
3 12
4 15

1 17
2 19
3 16
4 12

1 17
2 18
3 20
4 14

1 14
2 14
3 20
4 14

1 20
2 11
3 12
4 15

1 17
2 19
3 16
4 12

1 17
2 18
3 20
4 14

1 14
2 14
3 20
4 14

1 20
2 11
3 12
4 15

1 17
2 19
3 16
4 12

1 17
2 18
3 20
4 14

1 14
2 14
3 20
4 14

1 20
2 11
3 12
4 15

1 17
2 19
3 16
4 12

1 17
2 18
3 20
4 14

1 14
2 14
3 20
4 14

1 20
2 11
3 12
4 15

1 17
2 19
3 16
4 12

1 17
2 18
3 20
4 14

1 14
2 14
3 20
4 14

1 20
2 11
3 12
4 15

1 17
2 19
3 16
4 12