1 0
2 0
3 0
4 0

1 14
2 10
3 17
4 14

1 15
2 17
3 19
4 17

1 11
2 12
3 19
4 12

1 17
2 10
3 12
4 11

1 14
2 10
3 17
4 14

1 15
2 17
3 19
4 17

1 11
2 12
3 19
4 12

1 17
2 10
3 12
4 11

1 14
2 10
3 17
4 14

1 15
2 17
3 19
4 17

1 11
2 12
3 19
4 12

1 17
2 10
3 12
4 11

1 14
2 10
3 17
4 14

1 15
2 17
3 19
4 17

1 11
2 12
3 19
4 12

1 17
2 10
3 12
4 11

1 14
2 10
3 17
4 14

1 15
2 17
3 19
4 17

1 11
2 12
3 19
4 12

1 17
2 10
3 12
4 11

1 14
2 10
3 17
4 14

1 15
2 17
3 19
4 17

1 11
2 12
3 19
4 12

1 17
2 10
3 12
4 11

1 14
2 10
3 17
4 14

1 15
2 17
3 19
4 17

1 11
2 12
3 19
4 12

1 17
2 10
3 12
4 11

1 14
2 10
3 17
4 14

1 15
2 17
3 19
4 17

1 11
2 12
3 19
4 12

1 17
2 10
3 12
4 11

1 14
2 10
3 17
4 14

1 15
2 17
3 19
4 17

1 11
2 12
3 19
4 12

1 17
2 10
3 12
4 11

1 14
2 10
3 17
4 14

1 15
2 17
3 19
4 17

1 11
2 12
3 19
4 12

1 17
2 10
3 12
4 11

1 14
2 10
3 17
4 14

1 15
2 17
3 19
4 17

1 11
2 12
3 19
4 12

1 17
2 10
3 12
4 11

1 14
2 10
3 17
4 14

1 15
2 17
3 19
4 17

1 11
2 12
3 19
4 12

1 17
2 10
3 12
4 11

1 14
2 10
3 17
4 14

1 15
2 17
3 19
4 17

1 11
2 12
3 19
4 12

1 17
2 10
3 12
4 11

1 14
2 10
3 17
4 14

1 15
2 17
3 19
4 17

1 11
2 12
3 19
4 12

1 17
2 10
3 12
4 11

1 14
2 10
3 17
4 14

1 15
2 17
3 19
4 17

1 11
2 12
3 19
4 12

1 17
2 10
3 12
4 11