1 0
2 0
3 0
4 0
5 0
6 0
7 0
8 0
9 0
10 0
11 0
12 0
13 0
14 0
15 0
16 0

1 1
2 3
3 4
4 9
5 5
6 8
7 6
8 1
9 7
10 2
11 6
12 0
13 8
14 2
15 9
16 8

1 5
2 3
3 5
4 8
5 2
6 8
7 4
8 4
9 3
10 0
11 1
12 7
13 5
14 0
15 4
16 9

1 1
2 3
3 4
4 9
5 5
6 8
7 6
8 1
9 7
10 2
11 6
12 0
13 8
14 2
15 9
16 8

1 5
2 3
3 5
4 8
5 2
6 8
7 4
8 4
9 3
10 0
11 1
12 7
13 5
14 0
15 4
16 9

1 1
2 3
3 4
4 9
5 5
6 8
7 6
8 1
9 7
10 2
11 6
12 0
13 8
14 2
15 9
16 8

1 5
2 3
3 5
4 8
5 2
6 8
7 4
8 4
9 3
10 0
11 1
12 7
13 5
14 0
15 4
16 9

1 1
2 3
3 4
4 9
5 5
6 8
7 6
8 1
9 7
10 2
11 6
12 0
13 8
14 2
15 9
16 8

1 5
2 3
3 5
4 8
5 2
6 8
7 4
8 4
9 3
10 0
11 1
12 7
13 5
14 0
15 4
16 9

1 1
2 3
3 4
4 9
5 5
6 8
7 6
8 1
9 7
10 2
11 6
12 0
13 8
14 2
15 9
16 8

1 5
2 3
3 5
4 8
5 2
6 8
7 4
8 4
9 3
10 0
11 1
12 7
13 5
14 0
15 4
16 9

1 1
2 3
3 4
4 9
5 5
6 8
7 6
8 1
9 7
10 2
11 6
12 0
13 8
14 2
15 9
16 8

1 5
2 3
3 5
4 8
5 2
6 8
7 4
8 4
9 3
10 0
11 1
12 7
13 5
14 0
15 4
16 9

1 1
2 3
3 4
4 9
5 5
6 8
7 6
8 1
9 7
10 2
11 6
12 0
13 8
14 2
15 9
16 8

1 5
2 3
3 5
4 8
5 2
6 8
7 4
8 4
9 3
10 0
11 1
12 7
13 5
14 0
15 4
16 9

1 1
2 3
3 4
4 9
5 5
6 8
7 6
8 1
9 7
10 2
11 6
12 0
13 8
14 2
15 9
16 8

1 5
2 3
3 5
4 8
5 2
6 8
7 4
8 4
9 3
10 0
11 1
12 7
13 5
14 0
15 4
16 9

1 1
2 3
3 4
4 9
5 5
6 8
7 6
8 1
9 7
10 2
11 6
12 0
13 8
14 2
15 9
16 8

1 5
2 3
3 5
4 8
5 2
6 8
7 4
8 4
9 3
10 0
11 1
12 7
13 5
14 0
15 4
16 9

1 1
2 3
3 4
4 9
5 5
6 8
7 6
8 1
9 7
10 2
11 6
12 0
13 8
14 2
15 9
16 8

1 5
2 3
3 5
4 8
5 2
6 8
7 4
8 4
9 3
10 0
11 1
12 7
13 5
14 0
15 4
16 9