1 0
2 0
3 0
4 0

1 19
2 10
3 12
4 20

1 19
2 12
3 15
4 16

1 19
2 15
3 11
4 15

1 14
2 10
3 17
4 11

1 19
2 10
3 12
4 20

1 19
2 12
3 15
4 16

1 19
2 15
3 11
4 15

1 14
2 10
3 17
4 11

1 19
2 10
3 12
4 20

1 19
2 12
3 15
4 16

1 19
2 15
3 11
4 15

1 14
2 10
3 17
4 11

1 19
2 10
3 12
4 20

1 19
2 12
3 15
4 16

1 19
2 15
3 11
4 15

1 14
2 10
3 17
4 11

1 19
2 10
3 12
4 20

1 19
2 12
3 15
4 16

1 19
2 15
3 11
4 15

1 14
2 10
3 17
4 11

1 19
2 10
3 12
4 20

1 19
2 12
3 15
4 16

1 19
2 15
3 11
4 15

1 14
2 10
3 17
4 11

1 19
2 10
3 12
4 20

1 19
2 12
3 15
4 16

1 19
2 15
3 11
4 15

1 14
2 10
3 17
4 11

1 19
2 10
3 12
4 20

1 19
2 12
3 15
4 16

1 19
2 15
3 11
4 15

1 14
2 10
3 17
4 11

1 19
2 10
3 12
4 20

1 19
2 12
3 15
4 16

1 19
2 15
3 11
4 15

1 14
2 10
3 17
4 11

1 19
2 10
3 12
4 20

1 19
2 12
3 15
4 16

1 19
2 15
3 11
4 15

1 14
2 10
3 17
4 11