1 0
2 0
3 0
4 0
5 0
6 0
7 0
8 0

1 7
2 3
3 2
4 4
5 9
6 8
7 4
8 8

1 1
2 3
3 2
4 0
5 0
6 7
7 1
8 8

1 2
2 9
3 2
4 0
5 8
6 3
7 3
8 8

1 7
2 7
3 4
4 1
5 9
6 1
7 4
8 7

1 7
2 3
3 2
4 4
5 9
6 8
7 4
8 8

1 1
2 3
3 2
4 0
5 0
6 7
7 1
8 8

1 2
2 9
3 2
4 0
5 8
6 3
7 3
8 8

1 7
2 7
3 4
4 1
5 9
6 1
7 4
8 7

1 7
2 3
3 2
4 4
5 9
6 8
7 4
8 8

1 1
2 3
3 2
4 0
5 0
6 7
7 1
8 8

1 2
2 9
3 2
4 0
5 8
6 3
7 3
8 8

1 7
2 7
3 4
4 1
5 9
6 1
7 4
8 7

1 7
2 3
3 2
4 4
5 9
6 8
7 4
8 8

1 1
2 3
3 2
4 0
5 0
6 7
7 1
8 8

1 2
2 9
3 2
4 0
5 8
6 3
7 3
8 8

1 7
2 7
3 4
4 1
5 9
6 1
7 4
8 7

1 7
2 3
3 2
4 4
5 9
6 8
7 4
8 8

1 1
2 3
3 2
4 0
5 0
6 7
7 1
8 8

1 2
2 9
3 2
4 0
5 8
6 3
7 3
8 8

1 7
2 7
3 4
4 1
5 9
6 1
7 4
8 7

1 7
2 3
3 2
4 4
5 9
6 8
7 4
8 8

1 1
2 3
3 2
4 0
5 0
6 7
7 1
8 8

1 2
2 9
3 2
4 0
5 8
6 3
7 3
8 8

1 7
2 7
3 4
4 1
5 9
6 1
7 4
8 7

1 7
2 3
3 2
4 4
5 9
6 8
7 4
8 8

1 1
2 3
3 2
4 0
5 0
6 7
7 1
8 8

1 2
2 9
3 2
4 0
5 8
6 3
7 3
8 8

1 7
2 7
3 4
4 1
5 9
6 1
7 4
8 7

1 7
2 3
3 2
4 4
5 9
6 8
7 4
8 8

1 1
2 3
3 2
4 0
5 0
6 7
7 1
8 8

1 2
2 9
3 2
4 0
5 8
6 3
7 3
8 8

1 7
2 7
3 4
4 1
5 9
6 1
7 4
8 7

1 7
2 3
3 2
4 4
5 9
6 8
7 4
8 8

1 1
2 3
3 2
4 0
5 0
6 7
7 1
8 8

1 2
2 9
3 2
4 0
5 8
6 3
7 3
8 8

1 7
2 7
3 4
4 1
5 9
6 1
7 4
8 7

1 7
2 3
3 2
4 4
5 9
6 8
7 4
8 8

1 1
2 3
3 2
4 0
5 0
6 7
7 1
8 8

1 2
2 9
3 2
4 0
5 8
6 3
7 3
8 8

1 7
2 7
3 4
4 1
5 9
6 1
7 4
8 7