1 0
2 0
3 0
4 0

1 9
2 7
3 6
4 4

1 5
2 4
3 2
4 2

1 3
2 9
3 3
4 6

1 8
2 9
3 0
4 4

1 5
2 1
3 4
4 4

1 6
2 2
3 3
4 7

1 9
2 7
3 6
4 4

1 5
2 4
3 2
4 2

1 3
2 9
3 3
4 6

1 8
2 9
3 0
4 4

1 5
2 1
3 4
4 4

1 6
2 2
3 3
4 7

1 9
2 7
3 6
4 4

1 5
2 4
3 2
4 2

1 3
2 9
3 3
4 6

1 8
2 9
3 0
4 4

1 5
2 1
3 4
4 4

1 6
2 2
3 3
4 7

1 9
2 7
3 6
4 4

1 5
2 4
3 2
4 2

1 3
2 9
3 3
4 6

1 8
2 9
3 0
4 4

1 5
2 1
3 4
4 4

1 6
2 2
3 3
4 7

1 9
2 7
3 6
4 4

1 5
2 4
3 2
4 2

1 3
2 9
3 3
4 6

1 8
2 9
3 0
4 4

1 5
2 1
3 4
4 4

1 6
2 2
3 3
4 7

1 9
2 7
3 6
4 4

1 5
2 4
3 2
4 2

1 3
2 9
3 3
4 6

1 8
2 9
3 0
4 4

1 5
2 1
3 4
4 4

1 6
2 2
3 3
4 7

1 9
2 7
3 6
4 4

1 5
2 4
3 2
4 2

1 3
2 9
3 3
4 6

1 8
2 9
3 0
4 4

1 5
2 1
3 4
4 4

1 6
2 2
3 3
4 7

1 9
2 7
3 6
4 4

1 5
2 4
3 2
4 2

1 3
2 9
3 3
4 6

1 8
2 9
3 0
4 4

1 5
2 1
3 4
4 4

1 6
2 2
3 3
4 7

1 9
2 7
3 6
4 4

1 5
2 4
3 2
4 2

1 3
2 9
3 3
4 6

1 8
2 9
3 0
4 4

1 5
2 1
3 4
4 4

1 6
2 2
3 3
4 7

1 9
2 7
3 6
4 4

1 5
2 4
3 2
4 2

1 3
2 9
3 3
4 6

1 8
2 9
3 0
4 4

1 5
2 1
3 4
4 4

1 6
2 2
3 3
4 7

1 9
2 7
3 6
4 4

1 5
2 4
3 2
4 2

1 3
2 9
3 3
4 6

1 8
2 9
3 0
4 4

1 5
2 1
3 4
4 4

1 6
2 2
3 3
4 7

1 9
2 7
3 6
4 4

1 5
2 4
3 2
4 2

1 3
2 9
3 3
4 6

1 8
2 9
3 0
4 4

1 5
2 1
3 4
4 4

1 6
2 2
3 3
4 7

1 9
2 7
3 6
4 4

1 5
2 4
3 2
4 2

1 3
2 9
3 3
4 6

1 8
2 9
3 0
4 4

1 5
2 1
3 4
4 4

1 6
2 2
3 3
4 7

1 9
2 7
3 6
4 4

1 5
2 4
3 2
4 2

1 3
2 9
3 3
4 6

1 8
2 9
3 0
4 4

1 5
2 1
3 4
4 4

1 6
2 2
3 3
4 7

1 9
2 7
3 6
4 4

1 5
2 4
3 2
4 2

1 3
2 9
3 3
4 6

1 8
2 9
3 0
4 4

1 5
2 1
3 4
4 4

1 6
2 2
3 3
4 7

1 9
2 7
3 6
4 4

1 5
2 4
3 2
4 2

1 3
2 9
3 3
4 6

1 8
2 9
3 0
4 4

1 5
2 1
3 4
4 4

1 6
2 2
3 3
4 7

1 9
2 7
3 6
4 4

1 5
2 4
3 2
4 2

1 3
2 9
3 3
4 6

1 8
2 9
3 0
4 4

1 5
2 1
3 4
4 4

1 6
2 2
3 3
4 7

1 9
2 7
3 6
4 4

1 5
2 4
3 2
4 2

1 3
2 9
3 3
4 6

1 8
2 9
3 0
4 4

1 5
2 1
3 4
4 4

1 6
2 2
3 3
4 7

1 9
2 7
3 6
4 4

1 5
2 4
3 2
4 2

1 3
2 9
3 3
4 6

1 8
2 9
3 0
4 4

1 5
2 1
3 4
4 4

1 6
2 2
3 3
4 7

1 9
2 7
3 6
4 4

1 5
2 4
3 2
4 2

1 3
2 9
3 3
4 6

1 8
2 9
3 0
4 4

1 5
2 1
3 4
4 4

1 6
2 2
3 3
4 7