1 0
2 0
3 0
4 0

1 7
2 1
3 9
4 7

1 0
2 9
3 7
4 6

1 9
2 3
3 3
4 1

1 0
2 4
3 8
4 6

1 7
2 1
3 9
4 7

1 0
2 9
3 7
4 6

1 9
2 3
3 3
4 1

1 0
2 4
3 8
4 6

1 7
2 1
3 9
4 7

1 0
2 9
3 7
4 6

1 9
2 3
3 3
4 1

1 0
2 4
3 8
4 6

1 7
2 1
3 9
4 7

1 0
2 9
3 7
4 6

1 9
2 3
3 3
4 1

1 0
2 4
3 8
4 6

1 7
2 1
3 9
4 7

1 0
2 9
3 7
4 6

1 9
2 3
3 3
4 1

1 0
2 4
3 8
4 6

1 7
2 1
3 9
4 7

1 0
2 9
3 7
4 6

1 9
2 3
3 3
4 1

1 0
2 4
3 8
4 6

1 7
2 1
3 9
4 7

1 0
2 9
3 7
4 6

1 9
2 3
3 3
4 1

1 0
2 4
3 8
4 6

1 7
2 1
3 9
4 7

1 0
2 9
3 7
4 6

1 9
2 3
3 3
4 1

1 0
2 4
3 8
4 6

1 7
2 1
3 9
4 7

1 0
2 9
3 7
4 6

1 9
2 3
3 3
4 1

1 0
2 4
3 8
4 6

1 7
2 1
3 9
4 7

1 0
2 9
3 7
4 6

1 9
2 3
3 3
4 1

1 0
2 4
3 8
4 6

1 7
2 1
3 9
4 7

1 0
2 9
3 7
4 6

1 9
2 3
3 3
4 1

1 0
2 4
3 8
4 6

1 7
2 1
3 9
4 7

1 0
2 9
3 7
4 6

1 9
2 3
3 3
4 1

1 0
2 4
3 8
4 6

1 7
2 1
3 9
4 7

1 0
2 9
3 7
4 6

1 9
2 3
3 3
4 1

1 0
2 4
3 8
4 6

1 7
2 1
3 9
4 7

1 0
2 9
3 7
4 6

1 9
2 3
3 3
4 1

1 0
2 4
3 8
4 6

1 7
2 1
3 9
4 7

1 0
2 9
3 7
4 6

1 9
2 3
3 3
4 1

1 0
2 4
3 8
4 6