1 0
2 0
3 0
4 0
5 0
6 0
7 0
8 0

1 20
2 20
3 19
4 20
5 12
6 10
7 10
8 19

1 18
2 16
3 19
4 15
5 10
6 15
7 18
8 12

1 20
2 20
3 19
4 20
5 12
6 10
7 10
8 19

1 18
2 16
3 19
4 15
5 10
6 15
7 18
8 12

1 20
2 20
3 19
4 20
5 12
6 10
7 10
8 19

1 18
2 16
3 19
4 15
5 10
6 15
7 18
8 12

1 20
2 20
3 19
4 20
5 12
6 10
7 10
8 19

1 18
2 16
3 19
4 15
5 10
6 15
7 18
8 12

1 20
2 20
3 19
4 20
5 12
6 10
7 10
8 19

1 18
2 16
3 19
4 15
5 10
6 15
7 18
8 12

1 20
2 20
3 19
4 20
5 12
6 10
7 10
8 19

1 18
2 16
3 19
4 15
5 10
6 15
7 18
8 12

1 20
2 20
3 19
4 20
5 12
6 10
7 10
8 19

1 18
2 16
3 19
4 15
5 10
6 15
7 18
8 12

1 20
2 20
3 19
4 20
5 12
6 10
7 10
8 19

1 18
2 16
3 19
4 15
5 10
6 15
7 18
8 12

1 20
2 20
3 19
4 20
5 12
6 10
7 10
8 19

1 18
2 16
3 19
4 15
5 10
6 15
7 18
8 12

1 20
2 20
3 19
4 20
5 12
6 10
7 10
8 19

1 18
2 16
3 19
4 15
5 10
6 15
7 18
8 12