1 0
2 0
3 0
4 0
5 0
6 0
7 0
8 0

1 8
2 3
3 1
4 9
5 9
6 1
7 5
8 7

1 0
2 1
3 3
4 0
5 5
6 4
7 8
8 7

1 8
2 3
3 1
4 9
5 9
6 1
7 5
8 7

1 0
2 1
3 3
4 0
5 5
6 4
7 8
8 7

1 8
2 3
3 1
4 9
5 9
6 1
7 5
8 7

1 0
2 1
3 3
4 0
5 5
6 4
7 8
8 7

1 8
2 3
3 1
4 9
5 9
6 1
7 5
8 7

1 0
2 1
3 3
4 0
5 5
6 4
7 8
8 7

1 8
2 3
3 1
4 9
5 9
6 1
7 5
8 7

1 0
2 1
3 3
4 0
5 5
6 4
7 8
8 7

1 8
2 3
3 1
4 9
5 9
6 1
7 5
8 7

1 0
2 1
3 3
4 0
5 5
6 4
7 8
8 7

1 8
2 3
3 1
4 9
5 9
6 1
7 5
8 7

1 0
2 1
3 3
4 0
5 5
6 4
7 8
8 7

1 8
2 3
3 1
4 9
5 9
6 1
7 5
8 7

1 0
2 1
3 3
4 0
5 5
6 4
7 8
8 7

1 8
2 3
3 1
4 9
5 9
6 1
7 5
8 7

1 0
2 1
3 3
4 0
5 5
6 4
7 8
8 7

1 8
2 3
3 1
4 9
5 9
6 1
7 5
8 7

1 0
2 1
3 3
4 0
5 5
6 4
7 8
8 7