1 0
2 0
3 0
4 0
5 0
6 0
7 0
8 0

1 20
2 11
3 15
4 20
5 13
6 17
7 17
8 16

1 13
2 18
3 16
4 12
5 20
6 20
7 15
8 12

1 11
2 12
3 16
4 10
5 17
6 17
7 19
8 13

1 13
2 18
3 11
4 17
5 15
6 13
7 11
8 13

1 20
2 11
3 15
4 20
5 13
6 17
7 17
8 16

1 13
2 18
3 16
4 12
5 20
6 20
7 15
8 12

1 11
2 12
3 16
4 10
5 17
6 17
7 19
8 13

1 13
2 18
3 11
4 17
5 15
6 13
7 11
8 13

1 20
2 11
3 15
4 20
5 13
6 17
7 17
8 16

1 13
2 18
3 16
4 12
5 20
6 20
7 15
8 12

1 11
2 12
3 16
4 10
5 17
6 17
7 19
8 13

1 13
2 18
3 11
4 17
5 15
6 13
7 11
8 13

1 20
2 11
3 15
4 20
5 13
6 17
7 17
8 16

1 13
2 18
3 16
4 12
5 20
6 20
7 15
8 12

1 11
2 12
3 16
4 10
5 17
6 17
7 19
8 13

1 13
2 18
3 11
4 17
5 15
6 13
7 11
8 13

1 20
2 11
3 15
4 20
5 13
6 17
7 17
8 16

1 13
2 18
3 16
4 12
5 20
6 20
7 15
8 12

1 11
2 12
3 16
4 10
5 17
6 17
7 19
8 13

1 13
2 18
3 11
4 17
5 15
6 13
7 11
8 13

1 20
2 11
3 15
4 20
5 13
6 17
7 17
8 16

1 13
2 18
3 16
4 12
5 20
6 20
7 15
8 12

1 11
2 12
3 16
4 10
5 17
6 17
7 19
8 13

1 13
2 18
3 11
4 17
5 15
6 13
7 11
8 13

1 20
2 11
3 15
4 20
5 13
6 17
7 17
8 16

1 13
2 18
3 16
4 12
5 20
6 20
7 15
8 12

1 11
2 12
3 16
4 10
5 17
6 17
7 19
8 13

1 13
2 18
3 11
4 17
5 15
6 13
7 11
8 13

1 20
2 11
3 15
4 20
5 13
6 17
7 17
8 16

1 13
2 18
3 16
4 12
5 20
6 20
7 15
8 12

1 11
2 12
3 16
4 10
5 17
6 17
7 19
8 13

1 13
2 18
3 11
4 17
5 15
6 13
7 11
8 13

1 20
2 11
3 15
4 20
5 13
6 17
7 17
8 16

1 13
2 18
3 16
4 12
5 20
6 20
7 15
8 12

1 11
2 12
3 16
4 10
5 17
6 17
7 19
8 13

1 13
2 18
3 11
4 17
5 15
6 13
7 11
8 13

1 20
2 11
3 15
4 20
5 13
6 17
7 17
8 16

1 13
2 18
3 16
4 12
5 20
6 20
7 15
8 12

1 11
2 12
3 16
4 10
5 17
6 17
7 19
8 13

1 13
2 18
3 11
4 17
5 15
6 13
7 11
8 13

1 20
2 11
3 15
4 20
5 13
6 17
7 17
8 16

1 13
2 18
3 16
4 12
5 20
6 20
7 15
8 12

1 11
2 12
3 16
4 10
5 17
6 17
7 19
8 13

1 13
2 18
3 11
4 17
5 15
6 13
7 11
8 13

1 20
2 11
3 15
4 20
5 13
6 17
7 17
8 16

1 13
2 18
3 16
4 12
5 20
6 20
7 15
8 12

1 11
2 12
3 16
4 10
5 17
6 17
7 19
8 13

1 13
2 18
3 11
4 17
5 15
6 13
7 11
8 13

1 20
2 11
3 15
4 20
5 13
6 17
7 17
8 16

1 13
2 18
3 16
4 12
5 20
6 20
7 15
8 12

1 11
2 12
3 16
4 10
5 17
6 17
7 19
8 13

1 13
2 18
3 11
4 17
5 15
6 13
7 11
8 13

1 20
2 11
3 15
4 20
5 13
6 17
7 17
8 16

1 13
2 18
3 16
4 12
5 20
6 20
7 15
8 12

1 11
2 12
3 16
4 10
5 17
6 17
7 19
8 13

1 13
2 18
3 11
4 17
5 15
6 13
7 11
8 13

1 20
2 11
3 15
4 20
5 13
6 17
7 17
8 16

1 13
2 18
3 16
4 12
5 20
6 20
7 15
8 12

1 11
2 12
3 16
4 10
5 17
6 17
7 19
8 13

1 13
2 18
3 11
4 17
5 15
6 13
7 11
8 13