1 0
2 0
3 0
4 0
5 0
6 0
7 0
8 0
9 0
10 0
11 0
12 0
13 0
14 0
15 0
16 0

1 10
2 11
3 12
4 11
5 18
6 19
7 15
8 19
9 10
10 15
11 18
12 10
13 19
14 10
15 18
16 19

1 12
2 14
3 10
4 15
5 16
6 11
7 19
8 14
9 17
10 10
11 17
12 10
13 11
14 20
15 14
16 14

1 12
2 14
3 20
4 15
5 14
6 17
7 17
8 19
9 16
10 12
11 15
12 19
13 17
14 17
15 14
16 16

1 20
2 19
3 15
4 12
5 13
6 19
7 17
8 16
9 18
10 19
11 20
12 13
13 15
14 17
15 10
16 20

1 17
2 12
3 20
4 19
5 18
6 15
7 18
8 14
9 10
10 17
11 19
12 20
13 11
14 20
15 20
16 14

1 16
2 12
3 18
4 10
5 12
6 20
7 12
8 18
9 20
10 10
11 16
12 14
13 11
14 15
15 14
16 12

1 10
2 11
3 12
4 11
5 18
6 19
7 15
8 19
9 10
10 15
11 18
12 10
13 19
14 10
15 18
16 19

1 12
2 14
3 10
4 15
5 16
6 11
7 19
8 14
9 17
10 10
11 17
12 10
13 11
14 20
15 14
16 14

1 12
2 14
3 20
4 15
5 14
6 17
7 17
8 19
9 16
10 12
11 15
12 19
13 17
14 17
15 14
16 16

1 20
2 19
3 15
4 12
5 13
6 19
7 17
8 16
9 18
10 19
11 20
12 13
13 15
14 17
15 10
16 20

1 17
2 12
3 20
4 19
5 18
6 15
7 18
8 14
9 10
10 17
11 19
12 20
13 11
14 20
15 20
16 14

1 16
2 12
3 18
4 10
5 12
6 20
7 12
8 18
9 20
10 10
11 16
12 14
13 11
14 15
15 14
16 12

1 10
2 11
3 12
4 11
5 18
6 19
7 15
8 19
9 10
10 15
11 18
12 10
13 19
14 10
15 18
16 19

1 12
2 14
3 10
4 15
5 16
6 11
7 19
8 14
9 17
10 10
11 17
12 10
13 11
14 20
15 14
16 14

1 12
2 14
3 20
4 15
5 14
6 17
7 17
8 19
9 16
10 12
11 15
12 19
13 17
14 17
15 14
16 16

1 20
2 19
3 15
4 12
5 13
6 19
7 17
8 16
9 18
10 19
11 20
12 13
13 15
14 17
15 10
16 20

1 17
2 12
3 20
4 19
5 18
6 15
7 18
8 14
9 10
10 17
11 19
12 20
13 11
14 20
15 20
16 14

1 16
2 12
3 18
4 10
5 12
6 20
7 12
8 18
9 20
10 10
11 16
12 14
13 11
14 15
15 14
16 12

1 10
2 11
3 12
4 11
5 18
6 19
7 15
8 19
9 10
10 15
11 18
12 10
13 19
14 10
15 18
16 19

1 12
2 14
3 10
4 15
5 16
6 11
7 19
8 14
9 17
10 10
11 17
12 10
13 11
14 20
15 14
16 14

1 12
2 14
3 20
4 15
5 14
6 17
7 17
8 19
9 16
10 12
11 15
12 19
13 17
14 17
15 14
16 16

1 20
2 19
3 15
4 12
5 13
6 19
7 17
8 16
9 18
10 19
11 20
12 13
13 15
14 17
15 10
16 20

1 17
2 12
3 20
4 19
5 18
6 15
7 18
8 14
9 10
10 17
11 19
12 20
13 11
14 20
15 20
16 14

1 16
2 12
3 18
4 10
5 12
6 20
7 12
8 18
9 20
10 10
11 16
12 14
13 11
14 15
15 14
16 12

1 10
2 11
3 12
4 11
5 18
6 19
7 15
8 19
9 10
10 15
11 18
12 10
13 19
14 10
15 18
16 19

1 12
2 14
3 10
4 15
5 16
6 11
7 19
8 14
9 17
10 10
11 17
12 10
13 11
14 20
15 14
16 14

1 12
2 14
3 20
4 15
5 14
6 17
7 17
8 19
9 16
10 12
11 15
12 19
13 17
14 17
15 14
16 16

1 20
2 19
3 15
4 12
5 13
6 19
7 17
8 16
9 18
10 19
11 20
12 13
13 15
14 17
15 10
16 20

1 17
2 12
3 20
4 19
5 18
6 15
7 18
8 14
9 10
10 17
11 19
12 20
13 11
14 20
15 20
16 14

1 16
2 12
3 18
4 10
5 12
6 20
7 12
8 18
9 20
10 10
11 16
12 14
13 11
14 15
15 14
16 12

1 10
2 11
3 12
4 11
5 18
6 19
7 15
8 19
9 10
10 15
11 18
12 10
13 19
14 10
15 18
16 19

1 12
2 14
3 10
4 15
5 16
6 11
7 19
8 14
9 17
10 10
11 17
12 10
13 11
14 20
15 14
16 14

1 12
2 14
3 20
4 15
5 14
6 17
7 17
8 19
9 16
10 12
11 15
12 19
13 17
14 17
15 14
16 16

1 20
2 19
3 15
4 12
5 13
6 19
7 17
8 16
9 18
10 19
11 20
12 13
13 15
14 17
15 10
16 20

1 17
2 12
3 20
4 19
5 18
6 15
7 18
8 14
9 10
10 17
11 19
12 20
13 11
14 20
15 20
16 14

1 16
2 12
3 18
4 10
5 12
6 20
7 12
8 18
9 20
10 10
11 16
12 14
13 11
14 15
15 14
16 12

1 10
2 11
3 12
4 11
5 18
6 19
7 15
8 19
9 10
10 15
11 18
12 10
13 19
14 10
15 18
16 19

1 12
2 14
3 10
4 15
5 16
6 11
7 19
8 14
9 17
10 10
11 17
12 10
13 11
14 20
15 14
16 14

1 12
2 14
3 20
4 15
5 14
6 17
7 17
8 19
9 16
10 12
11 15
12 19
13 17
14 17
15 14
16 16

1 20
2 19
3 15
4 12
5 13
6 19
7 17
8 16
9 18
10 19
11 20
12 13
13 15
14 17
15 10
16 20

1 17
2 12
3 20
4 19
5 18
6 15
7 18
8 14
9 10
10 17
11 19
12 20
13 11
14 20
15 20
16 14

1 16
2 12
3 18
4 10
5 12
6 20
7 12
8 18
9 20
10 10
11 16
12 14
13 11
14 15
15 14
16 12

1 10
2 11
3 12
4 11
5 18
6 19
7 15
8 19
9 10
10 15
11 18
12 10
13 19
14 10
15 18
16 19

1 12
2 14
3 10
4 15
5 16
6 11
7 19
8 14
9 17
10 10
11 17
12 10
13 11
14 20
15 14
16 14

1 12
2 14
3 20
4 15
5 14
6 17
7 17
8 19
9 16
10 12
11 15
12 19
13 17
14 17
15 14
16 16

1 20
2 19
3 15
4 12
5 13
6 19
7 17
8 16
9 18
10 19
11 20
12 13
13 15
14 17
15 10
16 20

1 17
2 12
3 20
4 19
5 18
6 15
7 18
8 14
9 10
10 17
11 19
12 20
13 11
14 20
15 20
16 14

1 16
2 12
3 18
4 10
5 12
6 20
7 12
8 18
9 20
10 10
11 16
12 14
13 11
14 15
15 14
16 12

1 10
2 11
3 12
4 11
5 18
6 19
7 15
8 19
9 10
10 15
11 18
12 10
13 19
14 10
15 18
16 19

1 12
2 14
3 10
4 15
5 16
6 11
7 19
8 14
9 17
10 10
11 17
12 10
13 11
14 20
15 14
16 14

1 12
2 14
3 20
4 15
5 14
6 17
7 17
8 19
9 16
10 12
11 15
12 19
13 17
14 17
15 14
16 16

1 20
2 19
3 15
4 12
5 13
6 19
7 17
8 16
9 18
10 19
11 20
12 13
13 15
14 17
15 10
16 20

1 17
2 12
3 20
4 19
5 18
6 15
7 18
8 14
9 10
10 17
11 19
12 20
13 11
14 20
15 20
16 14

1 16
2 12
3 18
4 10
5 12
6 20
7 12
8 18
9 20
10 10
11 16
12 14
13 11
14 15
15 14
16 12

1 10
2 11
3 12
4 11
5 18
6 19
7 15
8 19
9 10
10 15
11 18
12 10
13 19
14 10
15 18
16 19

1 12
2 14
3 10
4 15
5 16
6 11
7 19
8 14
9 17
10 10
11 17
12 10
13 11
14 20
15 14
16 14

1 12
2 14
3 20
4 15
5 14
6 17
7 17
8 19
9 16
10 12
11 15
12 19
13 17
14 17
15 14
16 16

1 20
2 19
3 15
4 12
5 13
6 19
7 17
8 16
9 18
10 19
11 20
12 13
13 15
14 17
15 10
16 20

1 17
2 12
3 20
4 19
5 18
6 15
7 18
8 14
9 10
10 17
11 19
12 20
13 11
14 20
15 20
16 14

1 16
2 12
3 18
4 10
5 12
6 20
7 12
8 18
9 20
10 10
11 16
12 14
13 11
14 15
15 14
16 12

1 10
2 11
3 12
4 11
5 18
6 19
7 15
8 19
9 10
10 15
11 18
12 10
13 19
14 10
15 18
16 19

1 12
2 14
3 10
4 15
5 16
6 11
7 19
8 14
9 17
10 10
11 17
12 10
13 11
14 20
15 14
16 14

1 12
2 14
3 20
4 15
5 14
6 17
7 17
8 19
9 16
10 12
11 15
12 19
13 17
14 17
15 14
16 16

1 20
2 19
3 15
4 12
5 13
6 19
7 17
8 16
9 18
10 19
11 20
12 13
13 15
14 17
15 10
16 20

1 17
2 12
3 20
4 19
5 18
6 15
7 18
8 14
9 10
10 17
11 19
12 20
13 11
14 20
15 20
16 14

1 16
2 12
3 18
4 10
5 12
6 20
7 12
8 18
9 20
10 10
11 16
12 14
13 11
14 15
15 14
16 12

1 10
2 11
3 12
4 11
5 18
6 19
7 15
8 19
9 10
10 15
11 18
12 10
13 19
14 10
15 18
16 19

1 12
2 14
3 10
4 15
5 16
6 11
7 19
8 14
9 17
10 10
11 17
12 10
13 11
14 20
15 14
16 14

1 12
2 14
3 20
4 15
5 14
6 17
7 17
8 19
9 16
10 12
11 15
12 19
13 17
14 17
15 14
16 16

1 20
2 19
3 15
4 12
5 13
6 19
7 17
8 16
9 18
10 19
11 20
12 13
13 15
14 17
15 10
16 20

1 17
2 12
3 20
4 19
5 18
6 15
7 18
8 14
9 10
10 17
11 19
12 20
13 11
14 20
15 20
16 14

1 16
2 12
3 18
4 10
5 12
6 20
7 12
8 18
9 20
10 10
11 16
12 14
13 11
14 15
15 14
16 12

1 10
2 11
3 12
4 11
5 18
6 19
7 15
8 19
9 10
10 15
11 18
12 10
13 19
14 10
15 18
16 19

1 12
2 14
3 10
4 15
5 16
6 11
7 19
8 14
9 17
10 10
11 17
12 10
13 11
14 20
15 14
16 14

1 12
2 14
3 20
4 15
5 14
6 17
7 17
8 19
9 16
10 12
11 15
12 19
13 17
14 17
15 14
16 16

1 20
2 19
3 15
4 12
5 13
6 19
7 17
8 16
9 18
10 19
11 20
12 13
13 15
14 17
15 10
16 20

1 17
2 12
3 20
4 19
5 18
6 15
7 18
8 14
9 10
10 17
11 19
12 20
13 11
14 20
15 20
16 14

1 16
2 12
3 18
4 10
5 12
6 20
7 12
8 18
9 20
10 10
11 16
12 14
13 11
14 15
15 14
16 12

1 10
2 11
3 12
4 11
5 18
6 19
7 15
8 19
9 10
10 15
11 18
12 10
13 19
14 10
15 18
16 19

1 12
2 14
3 10
4 15
5 16
6 11
7 19
8 14
9 17
10 10
11 17
12 10
13 11
14 20
15 14
16 14

1 12
2 14
3 20
4 15
5 14
6 17
7 17
8 19
9 16
10 12
11 15
12 19
13 17
14 17
15 14
16 16

1 20
2 19
3 15
4 12
5 13
6 19
7 17
8 16
9 18
10 19
11 20
12 13
13 15
14 17
15 10
16 20

1 17
2 12
3 20
4 19
5 18
6 15
7 18
8 14
9 10
10 17
11 19
12 20
13 11
14 20
15 20
16 14

1 16
2 12
3 18
4 10
5 12
6 20
7 12
8 18
9 20
10 10
11 16
12 14
13 11
14 15
15 14
16 12

1 10
2 11
3 12
4 11
5 18
6 19
7 15
8 19
9 10
10 15
11 18
12 10
13 19
14 10
15 18
16 19

1 12
2 14
3 10
4 15
5 16
6 11
7 19
8 14
9 17
10 10
11 17
12 10
13 11
14 20
15 14
16 14

1 12
2 14
3 20
4 15
5 14
6 17
7 17
8 19
9 16
10 12
11 15
12 19
13 17
14 17
15 14
16 16

1 20
2 19
3 15
4 12
5 13
6 19
7 17
8 16
9 18
10 19
11 20
12 13
13 15
14 17
15 10
16 20

1 17
2 12
3 20
4 19
5 18
6 15
7 18
8 14
9 10
10 17
11 19
12 20
13 11
14 20
15 20
16 14

1 16
2 12
3 18
4 10
5 12
6 20
7 12
8 18
9 20
10 10
11 16
12 14
13 11
14 15
15 14
16 12