1 0
2 0
3 0
4 0

1 2
2 9
3 0
4 6

1 0
2 1
3 5
4 1

1 9
2 0
3 0
4 9

1 8
2 7
3 9
4 0

1 2
2 9
3 0
4 6

1 0
2 1
3 5
4 1

1 9
2 0
3 0
4 9

1 8
2 7
3 9
4 0

1 2
2 9
3 0
4 6

1 0
2 1
3 5
4 1

1 9
2 0
3 0
4 9

1 8
2 7
3 9
4 0

1 2
2 9
3 0
4 6

1 0
2 1
3 5
4 1

1 9
2 0
3 0
4 9

1 8
2 7
3 9
4 0

1 2
2 9
3 0
4 6

1 0
2 1
3 5
4 1

1 9
2 0
3 0
4 9

1 8
2 7
3 9
4 0

1 2
2 9
3 0
4 6

1 0
2 1
3 5
4 1

1 9
2 0
3 0
4 9

1 8
2 7
3 9
4 0

1 2
2 9
3 0
4 6

1 0
2 1
3 5
4 1

1 9
2 0
3 0
4 9

1 8
2 7
3 9
4 0

1 2
2 9
3 0
4 6

1 0
2 1
3 5
4 1

1 9
2 0
3 0
4 9

1 8
2 7
3 9
4 0

1 2
2 9
3 0
4 6

1 0
2 1
3 5
4 1

1 9
2 0
3 0
4 9

1 8
2 7
3 9
4 0

1 2
2 9
3 0
4 6

1 0
2 1
3 5
4 1

1 9
2 0
3 0
4 9

1 8
2 7
3 9
4 0

1 2
2 9
3 0
4 6

1 0
2 1
3 5
4 1

1 9
2 0
3 0
4 9

1 8
2 7
3 9
4 0

1 2
2 9
3 0
4 6

1 0
2 1
3 5
4 1

1 9
2 0
3 0
4 9

1 8
2 7
3 9
4 0

1 2
2 9
3 0
4 6

1 0
2 1
3 5
4 1

1 9
2 0
3 0
4 9

1 8
2 7
3 9
4 0

1 2
2 9
3 0
4 6

1 0
2 1
3 5
4 1

1 9
2 0
3 0
4 9

1 8
2 7
3 9
4 0

1 2
2 9
3 0
4 6

1 0
2 1
3 5
4 1

1 9
2 0
3 0
4 9

1 8
2 7
3 9
4 0

1 2
2 9
3 0
4 6

1 0
2 1
3 5
4 1

1 9
2 0
3 0
4 9

1 8
2 7
3 9
4 0

1 2
2 9
3 0
4 6

1 0
2 1
3 5
4 1

1 9
2 0
3 0
4 9

1 8
2 7
3 9
4 0

1 2
2 9
3 0
4 6

1 0
2 1
3 5
4 1

1 9
2 0
3 0
4 9

1 8
2 7
3 9
4 0

1 2
2 9
3 0
4 6

1 0
2 1
3 5
4 1

1 9
2 0
3 0
4 9

1 8
2 7
3 9
4 0

1 2
2 9
3 0
4 6

1 0
2 1
3 5
4 1

1 9
2 0
3 0
4 9

1 8
2 7
3 9
4 0