1 0
2 0
3 0
4 0
5 0
6 0
7 0
8 0

1 15
2 16
3 14
4 20
5 19
6 15
7 18
8 10

1 16
2 12
3 16
4 18
5 19
6 13
7 15
8 13

1 15
2 16
3 14
4 20
5 19
6 15
7 18
8 10

1 16
2 12
3 16
4 18
5 19
6 13
7 15
8 13

1 15
2 16
3 14
4 20
5 19
6 15
7 18
8 10

1 16
2 12
3 16
4 18
5 19
6 13
7 15
8 13

1 15
2 16
3 14
4 20
5 19
6 15
7 18
8 10

1 16
2 12
3 16
4 18
5 19
6 13
7 15
8 13

1 15
2 16
3 14
4 20
5 19
6 15
7 18
8 10

1 16
2 12
3 16
4 18
5 19
6 13
7 15
8 13

1 15
2 16
3 14
4 20
5 19
6 15
7 18
8 10

1 16
2 12
3 16
4 18
5 19
6 13
7 15
8 13

1 15
2 16
3 14
4 20
5 19
6 15
7 18
8 10

1 16
2 12
3 16
4 18
5 19
6 13
7 15
8 13

1 15
2 16
3 14
4 20
5 19
6 15
7 18
8 10

1 16
2 12
3 16
4 18
5 19
6 13
7 15
8 13

1 15
2 16
3 14
4 20
5 19
6 15
7 18
8 10

1 16
2 12
3 16
4 18
5 19
6 13
7 15
8 13

1 15
2 16
3 14
4 20
5 19
6 15
7 18
8 10

1 16
2 12
3 16
4 18
5 19
6 13
7 15
8 13

1 15
2 16
3 14
4 20
5 19
6 15
7 18
8 10

1 16
2 12
3 16
4 18
5 19
6 13
7 15
8 13

1 15
2 16
3 14
4 20
5 19
6 15
7 18
8 10

1 16
2 12
3 16
4 18
5 19
6 13
7 15
8 13

1 15
2 16
3 14
4 20
5 19
6 15
7 18
8 10

1 16
2 12
3 16
4 18
5 19
6 13
7 15
8 13

1 15
2 16
3 14
4 20
5 19
6 15
7 18
8 10

1 16
2 12
3 16
4 18
5 19
6 13
7 15
8 13

1 15
2 16
3 14
4 20
5 19
6 15
7 18
8 10

1 16
2 12
3 16
4 18
5 19
6 13
7 15
8 13

1 15
2 16
3 14
4 20
5 19
6 15
7 18
8 10

1 16
2 12
3 16
4 18
5 19
6 13
7 15
8 13

1 15
2 16
3 14
4 20
5 19
6 15
7 18
8 10

1 16
2 12
3 16
4 18
5 19
6 13
7 15
8 13

1 15
2 16
3 14
4 20
5 19
6 15
7 18
8 10

1 16
2 12
3 16
4 18
5 19
6 13
7 15
8 13

1 15
2 16
3 14
4 20
5 19
6 15
7 18
8 10

1 16
2 12
3 16
4 18
5 19
6 13
7 15
8 13

1 15
2 16
3 14
4 20
5 19
6 15
7 18
8 10

1 16
2 12
3 16
4 18
5 19
6 13
7 15
8 13