1 0
2 0
3 0
4 0
5 0
6 0
7 0
8 0
9 0
10 0
11 0
12 0
13 0
14 0
15 0
16 0

1 4
2 9
3 6
4 7
5 3
6 1
7 3
8 1
9 2
10 8
11 9
12 4
13 3
14 9
15 4
16 4

1 3
2 9
3 9
4 9
5 9
6 5
7 2
8 0
9 0
10 5
11 9
12 7
13 0
14 0
15 1
16 6

1 4
2 9
3 6
4 7
5 3
6 1
7 3
8 1
9 2
10 8
11 9
12 4
13 3
14 9
15 4
16 4

1 3
2 9
3 9
4 9
5 9
6 5
7 2
8 0
9 0
10 5
11 9
12 7
13 0
14 0
15 1
16 6

1 4
2 9
3 6
4 7
5 3
6 1
7 3
8 1
9 2
10 8
11 9
12 4
13 3
14 9
15 4
16 4

1 3
2 9
3 9
4 9
5 9
6 5
7 2
8 0
9 0
10 5
11 9
12 7
13 0
14 0
15 1
16 6

1 4
2 9
3 6
4 7
5 3
6 1
7 3
8 1
9 2
10 8
11 9
12 4
13 3
14 9
15 4
16 4

1 3
2 9
3 9
4 9
5 9
6 5
7 2
8 0
9 0
10 5
11 9
12 7
13 0
14 0
15 1
16 6

1 4
2 9
3 6
4 7
5 3
6 1
7 3
8 1
9 2
10 8
11 9
12 4
13 3
14 9
15 4
16 4

1 3
2 9
3 9
4 9
5 9
6 5
7 2
8 0
9 0
10 5
11 9
12 7
13 0
14 0
15 1
16 6

1 4
2 9
3 6
4 7
5 3
6 1
7 3
8 1
9 2
10 8
11 9
12 4
13 3
14 9
15 4
16 4

1 3
2 9
3 9
4 9
5 9
6 5
7 2
8 0
9 0
10 5
11 9
12 7
13 0
14 0
15 1
16 6

1 4
2 9
3 6
4 7
5 3
6 1
7 3
8 1
9 2
10 8
11 9
12 4
13 3
14 9
15 4
16 4

1 3
2 9
3 9
4 9
5 9
6 5
7 2
8 0
9 0
10 5
11 9
12 7
13 0
14 0
15 1
16 6

1 4
2 9
3 6
4 7
5 3
6 1
7 3
8 1
9 2
10 8
11 9
12 4
13 3
14 9
15 4
16 4

1 3
2 9
3 9
4 9
5 9
6 5
7 2
8 0
9 0
10 5
11 9
12 7
13 0
14 0
15 1
16 6

1 4
2 9
3 6
4 7
5 3
6 1
7 3
8 1
9 2
10 8
11 9
12 4
13 3
14 9
15 4
16 4

1 3
2 9
3 9
4 9
5 9
6 5
7 2
8 0
9 0
10 5
11 9
12 7
13 0
14 0
15 1
16 6

1 4
2 9
3 6
4 7
5 3
6 1
7 3
8 1
9 2
10 8
11 9
12 4
13 3
14 9
15 4
16 4

1 3
2 9
3 9
4 9
5 9
6 5
7 2
8 0
9 0
10 5
11 9
12 7
13 0
14 0
15 1
16 6

1 4
2 9
3 6
4 7
5 3
6 1
7 3
8 1
9 2
10 8
11 9
12 4
13 3
14 9
15 4
16 4

1 3
2 9
3 9
4 9
5 9
6 5
7 2
8 0
9 0
10 5
11 9
12 7
13 0
14 0
15 1
16 6

1 4
2 9
3 6
4 7
5 3
6 1
7 3
8 1
9 2
10 8
11 9
12 4
13 3
14 9
15 4
16 4

1 3
2 9
3 9
4 9
5 9
6 5
7 2
8 0
9 0
10 5
11 9
12 7
13 0
14 0
15 1
16 6

1 4
2 9
3 6
4 7
5 3
6 1
7 3
8 1
9 2
10 8
11 9
12 4
13 3
14 9
15 4
16 4

1 3
2 9
3 9
4 9
5 9
6 5
7 2
8 0
9 0
10 5
11 9
12 7
13 0
14 0
15 1
16 6

1 4
2 9
3 6
4 7
5 3
6 1
7 3
8 1
9 2
10 8
11 9
12 4
13 3
14 9
15 4
16 4

1 3
2 9
3 9
4 9
5 9
6 5
7 2
8 0
9 0
10 5
11 9
12 7
13 0
14 0
15 1
16 6

1 4
2 9
3 6
4 7
5 3
6 1
7 3
8 1
9 2
10 8
11 9
12 4
13 3
14 9
15 4
16 4

1 3
2 9
3 9
4 9
5 9
6 5
7 2
8 0
9 0
10 5
11 9
12 7
13 0
14 0
15 1
16 6

1 4
2 9
3 6
4 7
5 3
6 1
7 3
8 1
9 2
10 8
11 9
12 4
13 3
14 9
15 4
16 4

1 3
2 9
3 9
4 9
5 9
6 5
7 2
8 0
9 0
10 5
11 9
12 7
13 0
14 0
15 1
16 6

1 4
2 9
3 6
4 7
5 3
6 1
7 3
8 1
9 2
10 8
11 9
12 4
13 3
14 9
15 4
16 4

1 3
2 9
3 9
4 9
5 9
6 5
7 2
8 0
9 0
10 5
11 9
12 7
13 0
14 0
15 1
16 6

1 4
2 9
3 6
4 7
5 3
6 1
7 3
8 1
9 2
10 8
11 9
12 4
13 3
14 9
15 4
16 4

1 3
2 9
3 9
4 9
5 9
6 5
7 2
8 0
9 0
10 5
11 9
12 7
13 0
14 0
15 1
16 6

1 4
2 9
3 6
4 7
5 3
6 1
7 3
8 1
9 2
10 8
11 9
12 4
13 3
14 9
15 4
16 4

1 3
2 9
3 9
4 9
5 9
6 5
7 2
8 0
9 0
10 5
11 9
12 7
13 0
14 0
15 1
16 6

1 4
2 9
3 6
4 7
5 3
6 1
7 3
8 1
9 2
10 8
11 9
12 4
13 3
14 9
15 4
16 4

1 3
2 9
3 9
4 9
5 9
6 5
7 2
8 0
9 0
10 5
11 9
12 7
13 0
14 0
15 1
16 6