1 0
2 0
3 0
4 0
5 0
6 0
7 0
8 0

1 15
2 10
3 19
4 15
5 19
6 13
7 11
8 16

1 15
2 12
3 13
4 17
5 10
6 13
7 11
8 17

1 11
2 12
3 12
4 15
5 15
6 20
7 17
8 18

1 10
2 18
3 17
4 11
5 18
6 14
7 14
8 14

1 15
2 10
3 19
4 15
5 19
6 13
7 11
8 16

1 15
2 12
3 13
4 17
5 10
6 13
7 11
8 17

1 11
2 12
3 12
4 15
5 15
6 20
7 17
8 18

1 10
2 18
3 17
4 11
5 18
6 14
7 14
8 14

1 15
2 10
3 19
4 15
5 19
6 13
7 11
8 16

1 15
2 12
3 13
4 17
5 10
6 13
7 11
8 17

1 11
2 12
3 12
4 15
5 15
6 20
7 17
8 18

1 10
2 18
3 17
4 11
5 18
6 14
7 14
8 14

1 15
2 10
3 19
4 15
5 19
6 13
7 11
8 16

1 15
2 12
3 13
4 17
5 10
6 13
7 11
8 17

1 11
2 12
3 12
4 15
5 15
6 20
7 17
8 18

1 10
2 18
3 17
4 11
5 18
6 14
7 14
8 14

1 15
2 10
3 19
4 15
5 19
6 13
7 11
8 16

1 15
2 12
3 13
4 17
5 10
6 13
7 11
8 17

1 11
2 12
3 12
4 15
5 15
6 20
7 17
8 18

1 10
2 18
3 17
4 11
5 18
6 14
7 14
8 14

1 15
2 10
3 19
4 15
5 19
6 13
7 11
8 16

1 15
2 12
3 13
4 17
5 10
6 13
7 11
8 17

1 11
2 12
3 12
4 15
5 15
6 20
7 17
8 18

1 10
2 18
3 17
4 11
5 18
6 14
7 14
8 14

1 15
2 10
3 19
4 15
5 19
6 13
7 11
8 16

1 15
2 12
3 13
4 17
5 10
6 13
7 11
8 17

1 11
2 12
3 12
4 15
5 15
6 20
7 17
8 18

1 10
2 18
3 17
4 11
5 18
6 14
7 14
8 14

1 15
2 10
3 19
4 15
5 19
6 13
7 11
8 16

1 15
2 12
3 13
4 17
5 10
6 13
7 11
8 17

1 11
2 12
3 12
4 15
5 15
6 20
7 17
8 18

1 10
2 18
3 17
4 11
5 18
6 14
7 14
8 14

1 15
2 10
3 19
4 15
5 19
6 13
7 11
8 16

1 15
2 12
3 13
4 17
5 10
6 13
7 11
8 17

1 11
2 12
3 12
4 15
5 15
6 20
7 17
8 18

1 10
2 18
3 17
4 11
5 18
6 14
7 14
8 14

1 15
2 10
3 19
4 15
5 19
6 13
7 11
8 16

1 15
2 12
3 13
4 17
5 10
6 13
7 11
8 17

1 11
2 12
3 12
4 15
5 15
6 20
7 17
8 18

1 10
2 18
3 17
4 11
5 18
6 14
7 14
8 14