1 0
2 0
3 0
4 0
5 0
6 0
7 0
8 0

1 17
2 19
3 12
4 17
5 11
6 19
7 13
8 16

1 12
2 16
3 13
4 11
5 11
6 15
7 18
8 13

1 15
2 10
3 15
4 20
5 19
6 11
7 12
8 19

1 13
2 13
3 19
4 13
5 16
6 18
7 15
8 19

1 17
2 19
3 12
4 17
5 11
6 19
7 13
8 16

1 12
2 16
3 13
4 11
5 11
6 15
7 18
8 13

1 15
2 10
3 15
4 20
5 19
6 11
7 12
8 19

1 13
2 13
3 19
4 13
5 16
6 18
7 15
8 19

1 17
2 19
3 12
4 17
5 11
6 19
7 13
8 16

1 12
2 16
3 13
4 11
5 11
6 15
7 18
8 13

1 15
2 10
3 15
4 20
5 19
6 11
7 12
8 19

1 13
2 13
3 19
4 13
5 16
6 18
7 15
8 19

1 17
2 19
3 12
4 17
5 11
6 19
7 13
8 16

1 12
2 16
3 13
4 11
5 11
6 15
7 18
8 13

1 15
2 10
3 15
4 20
5 19
6 11
7 12
8 19

1 13
2 13
3 19
4 13
5 16
6 18
7 15
8 19

1 17
2 19
3 12
4 17
5 11
6 19
7 13
8 16

1 12
2 16
3 13
4 11
5 11
6 15
7 18
8 13

1 15
2 10
3 15
4 20
5 19
6 11
7 12
8 19

1 13
2 13
3 19
4 13
5 16
6 18
7 15
8 19

1 17
2 19
3 12
4 17
5 11
6 19
7 13
8 16

1 12
2 16
3 13
4 11
5 11
6 15
7 18
8 13

1 15
2 10
3 15
4 20
5 19
6 11
7 12
8 19

1 13
2 13
3 19
4 13
5 16
6 18
7 15
8 19

1 17
2 19
3 12
4 17
5 11
6 19
7 13
8 16

1 12
2 16
3 13
4 11
5 11
6 15
7 18
8 13

1 15
2 10
3 15
4 20
5 19
6 11
7 12
8 19

1 13
2 13
3 19
4 13
5 16
6 18
7 15
8 19

1 17
2 19
3 12
4 17
5 11
6 19
7 13
8 16

1 12
2 16
3 13
4 11
5 11
6 15
7 18
8 13

1 15
2 10
3 15
4 20
5 19
6 11
7 12
8 19

1 13
2 13
3 19
4 13
5 16
6 18
7 15
8 19

1 17
2 19
3 12
4 17
5 11
6 19
7 13
8 16

1 12
2 16
3 13
4 11
5 11
6 15
7 18
8 13

1 15
2 10
3 15
4 20
5 19
6 11
7 12
8 19

1 13
2 13
3 19
4 13
5 16
6 18
7 15
8 19

1 17
2 19
3 12
4 17
5 11
6 19
7 13
8 16

1 12
2 16
3 13
4 11
5 11
6 15
7 18
8 13

1 15
2 10
3 15
4 20
5 19
6 11
7 12
8 19

1 13
2 13
3 19
4 13
5 16
6 18
7 15
8 19