1 0
2 0
3 0
4 0
5 0
6 0
7 0
8 0
9 0
10 0
11 0
12 0
13 0
14 0
15 0
16 0

1 11
2 20
3 15
4 20
5 15
6 16
7 10
8 17
9 19
10 12
11 18
12 14
13 14
14 17
15 13
16 13

1 18
2 20
3 20
4 19
5 20
6 20
7 18
8 11
9 19
10 12
11 16
12 10
13 12
14 12
15 14
16 12

1 11
2 20
3 15
4 20
5 15
6 16
7 10
8 17
9 19
10 12
11 18
12 14
13 14
14 17
15 13
16 13

1 18
2 20
3 20
4 19
5 20
6 20
7 18
8 11
9 19
10 12
11 16
12 10
13 12
14 12
15 14
16 12

1 11
2 20
3 15
4 20
5 15
6 16
7 10
8 17
9 19
10 12
11 18
12 14
13 14
14 17
15 13
16 13

1 18
2 20
3 20
4 19
5 20
6 20
7 18
8 11
9 19
10 12
11 16
12 10
13 12
14 12
15 14
16 12

1 11
2 20
3 15
4 20
5 15
6 16
7 10
8 17
9 19
10 12
11 18
12 14
13 14
14 17
15 13
16 13

1 18
2 20
3 20
4 19
5 20
6 20
7 18
8 11
9 19
10 12
11 16
12 10
13 12
14 12
15 14
16 12

1 11
2 20
3 15
4 20
5 15
6 16
7 10
8 17
9 19
10 12
11 18
12 14
13 14
14 17
15 13
16 13

1 18
2 20
3 20
4 19
5 20
6 20
7 18
8 11
9 19
10 12
11 16
12 10
13 12
14 12
15 14
16 12

1 11
2 20
3 15
4 20
5 15
6 16
7 10
8 17
9 19
10 12
11 18
12 14
13 14
14 17
15 13
16 13

1 18
2 20
3 20
4 19
5 20
6 20
7 18
8 11
9 19
10 12
11 16
12 10
13 12
14 12
15 14
16 12

1 11
2 20
3 15
4 20
5 15
6 16
7 10
8 17
9 19
10 12
11 18
12 14
13 14
14 17
15 13
16 13

1 18
2 20
3 20
4 19
5 20
6 20
7 18
8 11
9 19
10 12
11 16
12 10
13 12
14 12
15 14
16 12

1 11
2 20
3 15
4 20
5 15
6 16
7 10
8 17
9 19
10 12
11 18
12 14
13 14
14 17
15 13
16 13

1 18
2 20
3 20
4 19
5 20
6 20
7 18
8 11
9 19
10 12
11 16
12 10
13 12
14 12
15 14
16 12

1 11
2 20
3 15
4 20
5 15
6 16
7 10
8 17
9 19
10 12
11 18
12 14
13 14
14 17
15 13
16 13

1 18
2 20
3 20
4 19
5 20
6 20
7 18
8 11
9 19
10 12
11 16
12 10
13 12
14 12
15 14
16 12

1 11
2 20
3 15
4 20
5 15
6 16
7 10
8 17
9 19
10 12
11 18
12 14
13 14
14 17
15 13
16 13

1 18
2 20
3 20
4 19
5 20
6 20
7 18
8 11
9 19
10 12
11 16
12 10
13 12
14 12
15 14
16 12