1 0
2 0
3 0
4 0
5 0
6 0
7 0
8 0
9 0
10 0
11 0
12 0
13 0
14 0
15 0
16 0

1 1
2 9
3 8
4 0
5 8
6 5
7 1
8 3
9 3
10 7
11 2
12 8
13 3
14 8
15 6
16 4

1 5
2 0
3 5
4 7
5 9
6 6
7 5
8 2
9 0
10 0
11 1
12 3
13 2
14 2
15 6
16 7

1 1
2 9
3 8
4 0
5 8
6 5
7 1
8 3
9 3
10 7
11 2
12 8
13 3
14 8
15 6
16 4

1 5
2 0
3 5
4 7
5 9
6 6
7 5
8 2
9 0
10 0
11 1
12 3
13 2
14 2
15 6
16 7

1 1
2 9
3 8
4 0
5 8
6 5
7 1
8 3
9 3
10 7
11 2
12 8
13 3
14 8
15 6
16 4

1 5
2 0
3 5
4 7
5 9
6 6
7 5
8 2
9 0
10 0
11 1
12 3
13 2
14 2
15 6
16 7

1 1
2 9
3 8
4 0
5 8
6 5
7 1
8 3
9 3
10 7
11 2
12 8
13 3
14 8
15 6
16 4

1 5
2 0
3 5
4 7
5 9
6 6
7 5
8 2
9 0
10 0
11 1
12 3
13 2
14 2
15 6
16 7

1 1
2 9
3 8
4 0
5 8
6 5
7 1
8 3
9 3
10 7
11 2
12 8
13 3
14 8
15 6
16 4

1 5
2 0
3 5
4 7
5 9
6 6
7 5
8 2
9 0
10 0
11 1
12 3
13 2
14 2
15 6
16 7

1 1
2 9
3 8
4 0
5 8
6 5
7 1
8 3
9 3
10 7
11 2
12 8
13 3
14 8
15 6
16 4

1 5
2 0
3 5
4 7
5 9
6 6
7 5
8 2
9 0
10 0
11 1
12 3
13 2
14 2
15 6
16 7

1 1
2 9
3 8
4 0
5 8
6 5
7 1
8 3
9 3
10 7
11 2
12 8
13 3
14 8
15 6
16 4

1 5
2 0
3 5
4 7
5 9
6 6
7 5
8 2
9 0
10 0
11 1
12 3
13 2
14 2
15 6
16 7

1 1
2 9
3 8
4 0
5 8
6 5
7 1
8 3
9 3
10 7
11 2
12 8
13 3
14 8
15 6
16 4

1 5
2 0
3 5
4 7
5 9
6 6
7 5
8 2
9 0
10 0
11 1
12 3
13 2
14 2
15 6
16 7

1 1
2 9
3 8
4 0
5 8
6 5
7 1
8 3
9 3
10 7
11 2
12 8
13 3
14 8
15 6
16 4

1 5
2 0
3 5
4 7
5 9
6 6
7 5
8 2
9 0
10 0
11 1
12 3
13 2
14 2
15 6
16 7

1 1
2 9
3 8
4 0
5 8
6 5
7 1
8 3
9 3
10 7
11 2
12 8
13 3
14 8
15 6
16 4

1 5
2 0
3 5
4 7
5 9
6 6
7 5
8 2
9 0
10 0
11 1
12 3
13 2
14 2
15 6
16 7