1 0
2 0
3 0
4 0
5 0
6 0
7 0
8 0

1 0
2 9
3 8
4 3
5 2
6 1
7 8
8 5

1 7
2 3
3 1
4 7
5 3
6 0
7 0
8 7

1 3
2 4
3 4
4 2
5 3
6 8
7 8
8 3

1 2
2 7
3 7
4 0
5 7
6 5
7 9
8 8

1 7
2 8
3 5
4 3
5 4
6 7
7 7
8 5

1 4
2 7
3 3
4 2
5 5
6 7
7 9
8 3

1 0
2 9
3 8
4 3
5 2
6 1
7 8
8 5

1 7
2 3
3 1
4 7
5 3
6 0
7 0
8 7

1 3
2 4
3 4
4 2
5 3
6 8
7 8
8 3

1 2
2 7
3 7
4 0
5 7
6 5
7 9
8 8

1 7
2 8
3 5
4 3
5 4
6 7
7 7
8 5

1 4
2 7
3 3
4 2
5 5
6 7
7 9
8 3

1 0
2 9
3 8
4 3
5 2
6 1
7 8
8 5

1 7
2 3
3 1
4 7
5 3
6 0
7 0
8 7

1 3
2 4
3 4
4 2
5 3
6 8
7 8
8 3

1 2
2 7
3 7
4 0
5 7
6 5
7 9
8 8

1 7
2 8
3 5
4 3
5 4
6 7
7 7
8 5

1 4
2 7
3 3
4 2
5 5
6 7
7 9
8 3

1 0
2 9
3 8
4 3
5 2
6 1
7 8
8 5

1 7
2 3
3 1
4 7
5 3
6 0
7 0
8 7

1 3
2 4
3 4
4 2
5 3
6 8
7 8
8 3

1 2
2 7
3 7
4 0
5 7
6 5
7 9
8 8

1 7
2 8
3 5
4 3
5 4
6 7
7 7
8 5

1 4
2 7
3 3
4 2
5 5
6 7
7 9
8 3

1 0
2 9
3 8
4 3
5 2
6 1
7 8
8 5

1 7
2 3
3 1
4 7
5 3
6 0
7 0
8 7

1 3
2 4
3 4
4 2
5 3
6 8
7 8
8 3

1 2
2 7
3 7
4 0
5 7
6 5
7 9
8 8

1 7
2 8
3 5
4 3
5 4
6 7
7 7
8 5

1 4
2 7
3 3
4 2
5 5
6 7
7 9
8 3

1 0
2 9
3 8
4 3
5 2
6 1
7 8
8 5

1 7
2 3
3 1
4 7
5 3
6 0
7 0
8 7

1 3
2 4
3 4
4 2
5 3
6 8
7 8
8 3

1 2
2 7
3 7
4 0
5 7
6 5
7 9
8 8

1 7
2 8
3 5
4 3
5 4
6 7
7 7
8 5

1 4
2 7
3 3
4 2
5 5
6 7
7 9
8 3

1 0
2 9
3 8
4 3
5 2
6 1
7 8
8 5

1 7
2 3
3 1
4 7
5 3
6 0
7 0
8 7

1 3
2 4
3 4
4 2
5 3
6 8
7 8
8 3

1 2
2 7
3 7
4 0
5 7
6 5
7 9
8 8

1 7
2 8
3 5
4 3
5 4
6 7
7 7
8 5

1 4
2 7
3 3
4 2
5 5
6 7
7 9
8 3

1 0
2 9
3 8
4 3
5 2
6 1
7 8
8 5

1 7
2 3
3 1
4 7
5 3
6 0
7 0
8 7

1 3
2 4
3 4
4 2
5 3
6 8
7 8
8 3

1 2
2 7
3 7
4 0
5 7
6 5
7 9
8 8

1 7
2 8
3 5
4 3
5 4
6 7
7 7
8 5

1 4
2 7
3 3
4 2
5 5
6 7
7 9
8 3

1 0
2 9
3 8
4 3
5 2
6 1
7 8
8 5

1 7
2 3
3 1
4 7
5 3
6 0
7 0
8 7

1 3
2 4
3 4
4 2
5 3
6 8
7 8
8 3

1 2
2 7
3 7
4 0
5 7
6 5
7 9
8 8

1 7
2 8
3 5
4 3
5 4
6 7
7 7
8 5

1 4
2 7
3 3
4 2
5 5
6 7
7 9
8 3

1 0
2 9
3 8
4 3
5 2
6 1
7 8
8 5

1 7
2 3
3 1
4 7
5 3
6 0
7 0
8 7

1 3
2 4
3 4
4 2
5 3
6 8
7 8
8 3

1 2
2 7
3 7
4 0
5 7
6 5
7 9
8 8

1 7
2 8
3 5
4 3
5 4
6 7
7 7
8 5

1 4
2 7
3 3
4 2
5 5
6 7
7 9
8 3