1 0
2 0
3 0
4 0
5 0
6 0
7 0
8 0
9 0
10 0
11 0
12 0
13 0
14 0
15 0
16 0

1 8
2 4
3 9
4 2
5 9
6 9
7 4
8 3
9 3
10 7
11 4
12 7
13 9
14 5
15 0
16 2

1 6
2 7
3 2
4 8
5 1
6 9
7 1
8 0
9 2
10 0
11 6
12 1
13 6
14 7
15 5
16 0

1 9
2 6
3 8
4 8
5 2
6 6
7 0
8 0
9 9
10 2
11 1
12 1
13 7
14 7
15 1
16 9

1 8
2 8
3 6
4 1
5 3
6 3
7 0
8 8
9 6
10 7
11 6
12 1
13 3
14 9
15 0
16 9

1 9
2 5
3 2
4 3
5 1
6 2
7 7
8 3
9 1
10 4
11 9
12 2
13 1
14 7
15 0
16 7

1 2
2 6
3 3
4 3
5 6
6 9
7 6
8 5
9 1
10 3
11 1
12 1
13 1
14 4
15 4
16 7

1 8
2 4
3 9
4 2
5 9
6 9
7 4
8 3
9 3
10 7
11 4
12 7
13 9
14 5
15 0
16 2

1 6
2 7
3 2
4 8
5 1
6 9
7 1
8 0
9 2
10 0
11 6
12 1
13 6
14 7
15 5
16 0

1 9
2 6
3 8
4 8
5 2
6 6
7 0
8 0
9 9
10 2
11 1
12 1
13 7
14 7
15 1
16 9

1 8
2 8
3 6
4 1
5 3
6 3
7 0
8 8
9 6
10 7
11 6
12 1
13 3
14 9
15 0
16 9

1 9
2 5
3 2
4 3
5 1
6 2
7 7
8 3
9 1
10 4
11 9
12 2
13 1
14 7
15 0
16 7

1 2
2 6
3 3
4 3
5 6
6 9
7 6
8 5
9 1
10 3
11 1
12 1
13 1
14 4
15 4
16 7

1 8
2 4
3 9
4 2
5 9
6 9
7 4
8 3
9 3
10 7
11 4
12 7
13 9
14 5
15 0
16 2

1 6
2 7
3 2
4 8
5 1
6 9
7 1
8 0
9 2
10 0
11 6
12 1
13 6
14 7
15 5
16 0

1 9
2 6
3 8
4 8
5 2
6 6
7 0
8 0
9 9
10 2
11 1
12 1
13 7
14 7
15 1
16 9

1 8
2 8
3 6
4 1
5 3
6 3
7 0
8 8
9 6
10 7
11 6
12 1
13 3
14 9
15 0
16 9

1 9
2 5
3 2
4 3
5 1
6 2
7 7
8 3
9 1
10 4
11 9
12 2
13 1
14 7
15 0
16 7

1 2
2 6
3 3
4 3
5 6
6 9
7 6
8 5
9 1
10 3
11 1
12 1
13 1
14 4
15 4
16 7

1 8
2 4
3 9
4 2
5 9
6 9
7 4
8 3
9 3
10 7
11 4
12 7
13 9
14 5
15 0
16 2

1 6
2 7
3 2
4 8
5 1
6 9
7 1
8 0
9 2
10 0
11 6
12 1
13 6
14 7
15 5
16 0

1 9
2 6
3 8
4 8
5 2
6 6
7 0
8 0
9 9
10 2
11 1
12 1
13 7
14 7
15 1
16 9

1 8
2 8
3 6
4 1
5 3
6 3
7 0
8 8
9 6
10 7
11 6
12 1
13 3
14 9
15 0
16 9

1 9
2 5
3 2
4 3
5 1
6 2
7 7
8 3
9 1
10 4
11 9
12 2
13 1
14 7
15 0
16 7

1 2
2 6
3 3
4 3
5 6
6 9
7 6
8 5
9 1
10 3
11 1
12 1
13 1
14 4
15 4
16 7

1 8
2 4
3 9
4 2
5 9
6 9
7 4
8 3
9 3
10 7
11 4
12 7
13 9
14 5
15 0
16 2

1 6
2 7
3 2
4 8
5 1
6 9
7 1
8 0
9 2
10 0
11 6
12 1
13 6
14 7
15 5
16 0

1 9
2 6
3 8
4 8
5 2
6 6
7 0
8 0
9 9
10 2
11 1
12 1
13 7
14 7
15 1
16 9

1 8
2 8
3 6
4 1
5 3
6 3
7 0
8 8
9 6
10 7
11 6
12 1
13 3
14 9
15 0
16 9

1 9
2 5
3 2
4 3
5 1
6 2
7 7
8 3
9 1
10 4
11 9
12 2
13 1
14 7
15 0
16 7

1 2
2 6
3 3
4 3
5 6
6 9
7 6
8 5
9 1
10 3
11 1
12 1
13 1
14 4
15 4
16 7

1 8
2 4
3 9
4 2
5 9
6 9
7 4
8 3
9 3
10 7
11 4
12 7
13 9
14 5
15 0
16 2

1 6
2 7
3 2
4 8
5 1
6 9
7 1
8 0
9 2
10 0
11 6
12 1
13 6
14 7
15 5
16 0

1 9
2 6
3 8
4 8
5 2
6 6
7 0
8 0
9 9
10 2
11 1
12 1
13 7
14 7
15 1
16 9

1 8
2 8
3 6
4 1
5 3
6 3
7 0
8 8
9 6
10 7
11 6
12 1
13 3
14 9
15 0
16 9

1 9
2 5
3 2
4 3
5 1
6 2
7 7
8 3
9 1
10 4
11 9
12 2
13 1
14 7
15 0
16 7

1 2
2 6
3 3
4 3
5 6
6 9
7 6
8 5
9 1
10 3
11 1
12 1
13 1
14 4
15 4
16 7

1 8
2 4
3 9
4 2
5 9
6 9
7 4
8 3
9 3
10 7
11 4
12 7
13 9
14 5
15 0
16 2

1 6
2 7
3 2
4 8
5 1
6 9
7 1
8 0
9 2
10 0
11 6
12 1
13 6
14 7
15 5
16 0

1 9
2 6
3 8
4 8
5 2
6 6
7 0
8 0
9 9
10 2
11 1
12 1
13 7
14 7
15 1
16 9

1 8
2 8
3 6
4 1
5 3
6 3
7 0
8 8
9 6
10 7
11 6
12 1
13 3
14 9
15 0
16 9

1 9
2 5
3 2
4 3
5 1
6 2
7 7
8 3
9 1
10 4
11 9
12 2
13 1
14 7
15 0
16 7

1 2
2 6
3 3
4 3
5 6
6 9
7 6
8 5
9 1
10 3
11 1
12 1
13 1
14 4
15 4
16 7

1 8
2 4
3 9
4 2
5 9
6 9
7 4
8 3
9 3
10 7
11 4
12 7
13 9
14 5
15 0
16 2

1 6
2 7
3 2
4 8
5 1
6 9
7 1
8 0
9 2
10 0
11 6
12 1
13 6
14 7
15 5
16 0

1 9
2 6
3 8
4 8
5 2
6 6
7 0
8 0
9 9
10 2
11 1
12 1
13 7
14 7
15 1
16 9

1 8
2 8
3 6
4 1
5 3
6 3
7 0
8 8
9 6
10 7
11 6
12 1
13 3
14 9
15 0
16 9

1 9
2 5
3 2
4 3
5 1
6 2
7 7
8 3
9 1
10 4
11 9
12 2
13 1
14 7
15 0
16 7

1 2
2 6
3 3
4 3
5 6
6 9
7 6
8 5
9 1
10 3
11 1
12 1
13 1
14 4
15 4
16 7

1 8
2 4
3 9
4 2
5 9
6 9
7 4
8 3
9 3
10 7
11 4
12 7
13 9
14 5
15 0
16 2

1 6
2 7
3 2
4 8
5 1
6 9
7 1
8 0
9 2
10 0
11 6
12 1
13 6
14 7
15 5
16 0

1 9
2 6
3 8
4 8
5 2
6 6
7 0
8 0
9 9
10 2
11 1
12 1
13 7
14 7
15 1
16 9

1 8
2 8
3 6
4 1
5 3
6 3
7 0
8 8
9 6
10 7
11 6
12 1
13 3
14 9
15 0
16 9

1 9
2 5
3 2
4 3
5 1
6 2
7 7
8 3
9 1
10 4
11 9
12 2
13 1
14 7
15 0
16 7

1 2
2 6
3 3
4 3
5 6
6 9
7 6
8 5
9 1
10 3
11 1
12 1
13 1
14 4
15 4
16 7

1 8
2 4
3 9
4 2
5 9
6 9
7 4
8 3
9 3
10 7
11 4
12 7
13 9
14 5
15 0
16 2

1 6
2 7
3 2
4 8
5 1
6 9
7 1
8 0
9 2
10 0
11 6
12 1
13 6
14 7
15 5
16 0

1 9
2 6
3 8
4 8
5 2
6 6
7 0
8 0
9 9
10 2
11 1
12 1
13 7
14 7
15 1
16 9

1 8
2 8
3 6
4 1
5 3
6 3
7 0
8 8
9 6
10 7
11 6
12 1
13 3
14 9
15 0
16 9

1 9
2 5
3 2
4 3
5 1
6 2
7 7
8 3
9 1
10 4
11 9
12 2
13 1
14 7
15 0
16 7

1 2
2 6
3 3
4 3
5 6
6 9
7 6
8 5
9 1
10 3
11 1
12 1
13 1
14 4
15 4
16 7