1 0
2 0
3 0
4 0
5 0
6 0
7 0
8 0
9 0
10 0
11 0
12 0
13 0
14 0
15 0
16 0

1 16
2 16
3 12
4 12
5 17
6 16
7 18
8 11
9 15
10 18
11 10
12 15
13 12
14 15
15 13
16 16

1 12
2 12
3 13
4 11
5 16
6 13
7 10
8 12
9 18
10 18
11 12
12 11
13 16
14 11
15 15
16 11

1 14
2 13
3 17
4 16
5 12
6 17
7 17
8 10
9 11
10 19
11 11
12 11
13 14
14 13
15 13
16 15

1 19
2 20
3 15
4 15
5 16
6 17
7 19
8 16
9 20
10 19
11 18
12 14
13 20
14 13
15 16
16 13

1 15
2 19
3 17
4 16
5 10
6 11
7 19
8 15
9 10
10 14
11 12
12 12
13 20
14 11
15 13
16 14

1 16
2 19
3 16
4 10
5 14
6 13
7 13
8 18
9 10
10 18
11 19
12 13
13 13
14 19
15 11
16 15

1 16
2 16
3 12
4 12
5 17
6 16
7 18
8 11
9 15
10 18
11 10
12 15
13 12
14 15
15 13
16 16

1 12
2 12
3 13
4 11
5 16
6 13
7 10
8 12
9 18
10 18
11 12
12 11
13 16
14 11
15 15
16 11

1 14
2 13
3 17
4 16
5 12
6 17
7 17
8 10
9 11
10 19
11 11
12 11
13 14
14 13
15 13
16 15

1 19
2 20
3 15
4 15
5 16
6 17
7 19
8 16
9 20
10 19
11 18
12 14
13 20
14 13
15 16
16 13

1 15
2 19
3 17
4 16
5 10
6 11
7 19
8 15
9 10
10 14
11 12
12 12
13 20
14 11
15 13
16 14

1 16
2 19
3 16
4 10
5 14
6 13
7 13
8 18
9 10
10 18
11 19
12 13
13 13
14 19
15 11
16 15

1 16
2 16
3 12
4 12
5 17
6 16
7 18
8 11
9 15
10 18
11 10
12 15
13 12
14 15
15 13
16 16

1 12
2 12
3 13
4 11
5 16
6 13
7 10
8 12
9 18
10 18
11 12
12 11
13 16
14 11
15 15
16 11

1 14
2 13
3 17
4 16
5 12
6 17
7 17
8 10
9 11
10 19
11 11
12 11
13 14
14 13
15 13
16 15

1 19
2 20
3 15
4 15
5 16
6 17
7 19
8 16
9 20
10 19
11 18
12 14
13 20
14 13
15 16
16 13

1 15
2 19
3 17
4 16
5 10
6 11
7 19
8 15
9 10
10 14
11 12
12 12
13 20
14 11
15 13
16 14

1 16
2 19
3 16
4 10
5 14
6 13
7 13
8 18
9 10
10 18
11 19
12 13
13 13
14 19
15 11
16 15

1 16
2 16
3 12
4 12
5 17
6 16
7 18
8 11
9 15
10 18
11 10
12 15
13 12
14 15
15 13
16 16

1 12
2 12
3 13
4 11
5 16
6 13
7 10
8 12
9 18
10 18
11 12
12 11
13 16
14 11
15 15
16 11

1 14
2 13
3 17
4 16
5 12
6 17
7 17
8 10
9 11
10 19
11 11
12 11
13 14
14 13
15 13
16 15

1 19
2 20
3 15
4 15
5 16
6 17
7 19
8 16
9 20
10 19
11 18
12 14
13 20
14 13
15 16
16 13

1 15
2 19
3 17
4 16
5 10
6 11
7 19
8 15
9 10
10 14
11 12
12 12
13 20
14 11
15 13
16 14

1 16
2 19
3 16
4 10
5 14
6 13
7 13
8 18
9 10
10 18
11 19
12 13
13 13
14 19
15 11
16 15

1 16
2 16
3 12
4 12
5 17
6 16
7 18
8 11
9 15
10 18
11 10
12 15
13 12
14 15
15 13
16 16

1 12
2 12
3 13
4 11
5 16
6 13
7 10
8 12
9 18
10 18
11 12
12 11
13 16
14 11
15 15
16 11

1 14
2 13
3 17
4 16
5 12
6 17
7 17
8 10
9 11
10 19
11 11
12 11
13 14
14 13
15 13
16 15

1 19
2 20
3 15
4 15
5 16
6 17
7 19
8 16
9 20
10 19
11 18
12 14
13 20
14 13
15 16
16 13

1 15
2 19
3 17
4 16
5 10
6 11
7 19
8 15
9 10
10 14
11 12
12 12
13 20
14 11
15 13
16 14

1 16
2 19
3 16
4 10
5 14
6 13
7 13
8 18
9 10
10 18
11 19
12 13
13 13
14 19
15 11
16 15

1 16
2 16
3 12
4 12
5 17
6 16
7 18
8 11
9 15
10 18
11 10
12 15
13 12
14 15
15 13
16 16

1 12
2 12
3 13
4 11
5 16
6 13
7 10
8 12
9 18
10 18
11 12
12 11
13 16
14 11
15 15
16 11

1 14
2 13
3 17
4 16
5 12
6 17
7 17
8 10
9 11
10 19
11 11
12 11
13 14
14 13
15 13
16 15

1 19
2 20
3 15
4 15
5 16
6 17
7 19
8 16
9 20
10 19
11 18
12 14
13 20
14 13
15 16
16 13

1 15
2 19
3 17
4 16
5 10
6 11
7 19
8 15
9 10
10 14
11 12
12 12
13 20
14 11
15 13
16 14

1 16
2 19
3 16
4 10
5 14
6 13
7 13
8 18
9 10
10 18
11 19
12 13
13 13
14 19
15 11
16 15

1 16
2 16
3 12
4 12
5 17
6 16
7 18
8 11
9 15
10 18
11 10
12 15
13 12
14 15
15 13
16 16

1 12
2 12
3 13
4 11
5 16
6 13
7 10
8 12
9 18
10 18
11 12
12 11
13 16
14 11
15 15
16 11

1 14
2 13
3 17
4 16
5 12
6 17
7 17
8 10
9 11
10 19
11 11
12 11
13 14
14 13
15 13
16 15

1 19
2 20
3 15
4 15
5 16
6 17
7 19
8 16
9 20
10 19
11 18
12 14
13 20
14 13
15 16
16 13

1 15
2 19
3 17
4 16
5 10
6 11
7 19
8 15
9 10
10 14
11 12
12 12
13 20
14 11
15 13
16 14

1 16
2 19
3 16
4 10
5 14
6 13
7 13
8 18
9 10
10 18
11 19
12 13
13 13
14 19
15 11
16 15

1 16
2 16
3 12
4 12
5 17
6 16
7 18
8 11
9 15
10 18
11 10
12 15
13 12
14 15
15 13
16 16

1 12
2 12
3 13
4 11
5 16
6 13
7 10
8 12
9 18
10 18
11 12
12 11
13 16
14 11
15 15
16 11

1 14
2 13
3 17
4 16
5 12
6 17
7 17
8 10
9 11
10 19
11 11
12 11
13 14
14 13
15 13
16 15

1 19
2 20
3 15
4 15
5 16
6 17
7 19
8 16
9 20
10 19
11 18
12 14
13 20
14 13
15 16
16 13

1 15
2 19
3 17
4 16
5 10
6 11
7 19
8 15
9 10
10 14
11 12
12 12
13 20
14 11
15 13
16 14

1 16
2 19
3 16
4 10
5 14
6 13
7 13
8 18
9 10
10 18
11 19
12 13
13 13
14 19
15 11
16 15

1 16
2 16
3 12
4 12
5 17
6 16
7 18
8 11
9 15
10 18
11 10
12 15
13 12
14 15
15 13
16 16

1 12
2 12
3 13
4 11
5 16
6 13
7 10
8 12
9 18
10 18
11 12
12 11
13 16
14 11
15 15
16 11

1 14
2 13
3 17
4 16
5 12
6 17
7 17
8 10
9 11
10 19
11 11
12 11
13 14
14 13
15 13
16 15

1 19
2 20
3 15
4 15
5 16
6 17
7 19
8 16
9 20
10 19
11 18
12 14
13 20
14 13
15 16
16 13

1 15
2 19
3 17
4 16
5 10
6 11
7 19
8 15
9 10
10 14
11 12
12 12
13 20
14 11
15 13
16 14

1 16
2 19
3 16
4 10
5 14
6 13
7 13
8 18
9 10
10 18
11 19
12 13
13 13
14 19
15 11
16 15

1 16
2 16
3 12
4 12
5 17
6 16
7 18
8 11
9 15
10 18
11 10
12 15
13 12
14 15
15 13
16 16

1 12
2 12
3 13
4 11
5 16
6 13
7 10
8 12
9 18
10 18
11 12
12 11
13 16
14 11
15 15
16 11

1 14
2 13
3 17
4 16
5 12
6 17
7 17
8 10
9 11
10 19
11 11
12 11
13 14
14 13
15 13
16 15

1 19
2 20
3 15
4 15
5 16
6 17
7 19
8 16
9 20
10 19
11 18
12 14
13 20
14 13
15 16
16 13

1 15
2 19
3 17
4 16
5 10
6 11
7 19
8 15
9 10
10 14
11 12
12 12
13 20
14 11
15 13
16 14

1 16
2 19
3 16
4 10
5 14
6 13
7 13
8 18
9 10
10 18
11 19
12 13
13 13
14 19
15 11
16 15

1 16
2 16
3 12
4 12
5 17
6 16
7 18
8 11
9 15
10 18
11 10
12 15
13 12
14 15
15 13
16 16

1 12
2 12
3 13
4 11
5 16
6 13
7 10
8 12
9 18
10 18
11 12
12 11
13 16
14 11
15 15
16 11

1 14
2 13
3 17
4 16
5 12
6 17
7 17
8 10
9 11
10 19
11 11
12 11
13 14
14 13
15 13
16 15

1 19
2 20
3 15
4 15
5 16
6 17
7 19
8 16
9 20
10 19
11 18
12 14
13 20
14 13
15 16
16 13

1 15
2 19
3 17
4 16
5 10
6 11
7 19
8 15
9 10
10 14
11 12
12 12
13 20
14 11
15 13
16 14

1 16
2 19
3 16
4 10
5 14
6 13
7 13
8 18
9 10
10 18
11 19
12 13
13 13
14 19
15 11
16 15

1 16
2 16
3 12
4 12
5 17
6 16
7 18
8 11
9 15
10 18
11 10
12 15
13 12
14 15
15 13
16 16

1 12
2 12
3 13
4 11
5 16
6 13
7 10
8 12
9 18
10 18
11 12
12 11
13 16
14 11
15 15
16 11

1 14
2 13
3 17
4 16
5 12
6 17
7 17
8 10
9 11
10 19
11 11
12 11
13 14
14 13
15 13
16 15

1 19
2 20
3 15
4 15
5 16
6 17
7 19
8 16
9 20
10 19
11 18
12 14
13 20
14 13
15 16
16 13

1 15
2 19
3 17
4 16
5 10
6 11
7 19
8 15
9 10
10 14
11 12
12 12
13 20
14 11
15 13
16 14

1 16
2 19
3 16
4 10
5 14
6 13
7 13
8 18
9 10
10 18
11 19
12 13
13 13
14 19
15 11
16 15

1 16
2 16
3 12
4 12
5 17
6 16
7 18
8 11
9 15
10 18
11 10
12 15
13 12
14 15
15 13
16 16

1 12
2 12
3 13
4 11
5 16
6 13
7 10
8 12
9 18
10 18
11 12
12 11
13 16
14 11
15 15
16 11

1 14
2 13
3 17
4 16
5 12
6 17
7 17
8 10
9 11
10 19
11 11
12 11
13 14
14 13
15 13
16 15

1 19
2 20
3 15
4 15
5 16
6 17
7 19
8 16
9 20
10 19
11 18
12 14
13 20
14 13
15 16
16 13

1 15
2 19
3 17
4 16
5 10
6 11
7 19
8 15
9 10
10 14
11 12
12 12
13 20
14 11
15 13
16 14

1 16
2 19
3 16
4 10
5 14
6 13
7 13
8 18
9 10
10 18
11 19
12 13
13 13
14 19
15 11
16 15

1 16
2 16
3 12
4 12
5 17
6 16
7 18
8 11
9 15
10 18
11 10
12 15
13 12
14 15
15 13
16 16

1 12
2 12
3 13
4 11
5 16
6 13
7 10
8 12
9 18
10 18
11 12
12 11
13 16
14 11
15 15
16 11

1 14
2 13
3 17
4 16
5 12
6 17
7 17
8 10
9 11
10 19
11 11
12 11
13 14
14 13
15 13
16 15

1 19
2 20
3 15
4 15
5 16
6 17
7 19
8 16
9 20
10 19
11 18
12 14
13 20
14 13
15 16
16 13

1 15
2 19
3 17
4 16
5 10
6 11
7 19
8 15
9 10
10 14
11 12
12 12
13 20
14 11
15 13
16 14

1 16
2 19
3 16
4 10
5 14
6 13
7 13
8 18
9 10
10 18
11 19
12 13
13 13
14 19
15 11
16 15

1 16
2 16
3 12
4 12
5 17
6 16
7 18
8 11
9 15
10 18
11 10
12 15
13 12
14 15
15 13
16 16

1 12
2 12
3 13
4 11
5 16
6 13
7 10
8 12
9 18
10 18
11 12
12 11
13 16
14 11
15 15
16 11

1 14
2 13
3 17
4 16
5 12
6 17
7 17
8 10
9 11
10 19
11 11
12 11
13 14
14 13
15 13
16 15

1 19
2 20
3 15
4 15
5 16
6 17
7 19
8 16
9 20
10 19
11 18
12 14
13 20
14 13
15 16
16 13

1 15
2 19
3 17
4 16
5 10
6 11
7 19
8 15
9 10
10 14
11 12
12 12
13 20
14 11
15 13
16 14

1 16
2 19
3 16
4 10
5 14
6 13
7 13
8 18
9 10
10 18
11 19
12 13
13 13
14 19
15 11
16 15