1 0
2 0
3 0
4 0
5 0
6 0
7 0
8 0

1 18
2 15
3 18
4 10
5 11
6 11
7 19
8 12

1 13
2 12
3 17
4 17
5 13
6 20
7 18
8 14

1 17
2 20
3 18
4 10
5 19
6 10
7 19
8 13

1 10
2 14
3 13
4 18
5 12
6 13
7 14
8 14

1 18
2 15
3 18
4 10
5 11
6 11
7 19
8 12

1 13
2 12
3 17
4 17
5 13
6 20
7 18
8 14

1 17
2 20
3 18
4 10
5 19
6 10
7 19
8 13

1 10
2 14
3 13
4 18
5 12
6 13
7 14
8 14

1 18
2 15
3 18
4 10
5 11
6 11
7 19
8 12

1 13
2 12
3 17
4 17
5 13
6 20
7 18
8 14

1 17
2 20
3 18
4 10
5 19
6 10
7 19
8 13

1 10
2 14
3 13
4 18
5 12
6 13
7 14
8 14

1 18
2 15
3 18
4 10
5 11
6 11
7 19
8 12

1 13
2 12
3 17
4 17
5 13
6 20
7 18
8 14

1 17
2 20
3 18
4 10
5 19
6 10
7 19
8 13

1 10
2 14
3 13
4 18
5 12
6 13
7 14
8 14

1 18
2 15
3 18
4 10
5 11
6 11
7 19
8 12

1 13
2 12
3 17
4 17
5 13
6 20
7 18
8 14

1 17
2 20
3 18
4 10
5 19
6 10
7 19
8 13

1 10
2 14
3 13
4 18
5 12
6 13
7 14
8 14

1 18
2 15
3 18
4 10
5 11
6 11
7 19
8 12

1 13
2 12
3 17
4 17
5 13
6 20
7 18
8 14

1 17
2 20
3 18
4 10
5 19
6 10
7 19
8 13

1 10
2 14
3 13
4 18
5 12
6 13
7 14
8 14

1 18
2 15
3 18
4 10
5 11
6 11
7 19
8 12

1 13
2 12
3 17
4 17
5 13
6 20
7 18
8 14

1 17
2 20
3 18
4 10
5 19
6 10
7 19
8 13

1 10
2 14
3 13
4 18
5 12
6 13
7 14
8 14

1 18
2 15
3 18
4 10
5 11
6 11
7 19
8 12

1 13
2 12
3 17
4 17
5 13
6 20
7 18
8 14

1 17
2 20
3 18
4 10
5 19
6 10
7 19
8 13

1 10
2 14
3 13
4 18
5 12
6 13
7 14
8 14

1 18
2 15
3 18
4 10
5 11
6 11
7 19
8 12

1 13
2 12
3 17
4 17
5 13
6 20
7 18
8 14

1 17
2 20
3 18
4 10
5 19
6 10
7 19
8 13

1 10
2 14
3 13
4 18
5 12
6 13
7 14
8 14

1 18
2 15
3 18
4 10
5 11
6 11
7 19
8 12

1 13
2 12
3 17
4 17
5 13
6 20
7 18
8 14

1 17
2 20
3 18
4 10
5 19
6 10
7 19
8 13

1 10
2 14
3 13
4 18
5 12
6 13
7 14
8 14

1 18
2 15
3 18
4 10
5 11
6 11
7 19
8 12

1 13
2 12
3 17
4 17
5 13
6 20
7 18
8 14

1 17
2 20
3 18
4 10
5 19
6 10
7 19
8 13

1 10
2 14
3 13
4 18
5 12
6 13
7 14
8 14

1 18
2 15
3 18
4 10
5 11
6 11
7 19
8 12

1 13
2 12
3 17
4 17
5 13
6 20
7 18
8 14

1 17
2 20
3 18
4 10
5 19
6 10
7 19
8 13

1 10
2 14
3 13
4 18
5 12
6 13
7 14
8 14

1 18
2 15
3 18
4 10
5 11
6 11
7 19
8 12

1 13
2 12
3 17
4 17
5 13
6 20
7 18
8 14

1 17
2 20
3 18
4 10
5 19
6 10
7 19
8 13

1 10
2 14
3 13
4 18
5 12
6 13
7 14
8 14

1 18
2 15
3 18
4 10
5 11
6 11
7 19
8 12

1 13
2 12
3 17
4 17
5 13
6 20
7 18
8 14

1 17
2 20
3 18
4 10
5 19
6 10
7 19
8 13

1 10
2 14
3 13
4 18
5 12
6 13
7 14
8 14

1 18
2 15
3 18
4 10
5 11
6 11
7 19
8 12

1 13
2 12
3 17
4 17
5 13
6 20
7 18
8 14

1 17
2 20
3 18
4 10
5 19
6 10
7 19
8 13

1 10
2 14
3 13
4 18
5 12
6 13
7 14
8 14