1 0
2 0
3 0
4 0

1 12
2 20
3 17
4 19

1 12
2 12
3 18
4 18

1 12
2 13
3 20
4 20

1 13
2 20
3 20
4 11

1 12
2 20
3 17
4 19

1 12
2 12
3 18
4 18

1 12
2 13
3 20
4 20

1 13
2 20
3 20
4 11

1 12
2 20
3 17
4 19

1 12
2 12
3 18
4 18

1 12
2 13
3 20
4 20

1 13
2 20
3 20
4 11

1 12
2 20
3 17
4 19

1 12
2 12
3 18
4 18

1 12
2 13
3 20
4 20

1 13
2 20
3 20
4 11

1 12
2 20
3 17
4 19

1 12
2 12
3 18
4 18

1 12
2 13
3 20
4 20

1 13
2 20
3 20
4 11

1 12
2 20
3 17
4 19

1 12
2 12
3 18
4 18

1 12
2 13
3 20
4 20

1 13
2 20
3 20
4 11

1 12
2 20
3 17
4 19

1 12
2 12
3 18
4 18

1 12
2 13
3 20
4 20

1 13
2 20
3 20
4 11

1 12
2 20
3 17
4 19

1 12
2 12
3 18
4 18

1 12
2 13
3 20
4 20

1 13
2 20
3 20
4 11

1 12
2 20
3 17
4 19

1 12
2 12
3 18
4 18

1 12
2 13
3 20
4 20

1 13
2 20
3 20
4 11

1 12
2 20
3 17
4 19

1 12
2 12
3 18
4 18

1 12
2 13
3 20
4 20

1 13
2 20
3 20
4 11