1 0
2 0
3 0
4 0
5 0
6 0
7 0
8 0
9 0
10 0
11 0
12 0
13 0
14 0
15 0
16 0

1 13
2 19
3 20
4 14
5 15
6 14
7 11
8 11
9 19
10 15
11 19
12 16
13 13
14 17
15 18
16 11

1 12
2 13
3 15
4 18
5 17
6 20
7 14
8 18
9 12
10 19
11 19
12 15
13 20
14 16
15 10
16 18

1 17
2 17
3 15
4 12
5 14
6 11
7 17
8 20
9 17
10 14
11 11
12 20
13 19
14 13
15 14
16 20

1 10
2 20
3 13
4 19
5 15
6 20
7 17
8 16
9 20
10 14
11 10
12 17
13 10
14 10
15 10
16 16

1 13
2 15
3 18
4 19
5 18
6 16
7 10
8 11
9 13
10 12
11 10
12 10
13 12
14 19
15 19
16 16

1 17
2 14
3 17
4 19
5 16
6 12
7 20
8 10
9 20
10 14
11 16
12 16
13 11
14 17
15 17
16 20

1 13
2 19
3 20
4 14
5 15
6 14
7 11
8 11
9 19
10 15
11 19
12 16
13 13
14 17
15 18
16 11

1 12
2 13
3 15
4 18
5 17
6 20
7 14
8 18
9 12
10 19
11 19
12 15
13 20
14 16
15 10
16 18

1 17
2 17
3 15
4 12
5 14
6 11
7 17
8 20
9 17
10 14
11 11
12 20
13 19
14 13
15 14
16 20

1 10
2 20
3 13
4 19
5 15
6 20
7 17
8 16
9 20
10 14
11 10
12 17
13 10
14 10
15 10
16 16

1 13
2 15
3 18
4 19
5 18
6 16
7 10
8 11
9 13
10 12
11 10
12 10
13 12
14 19
15 19
16 16

1 17
2 14
3 17
4 19
5 16
6 12
7 20
8 10
9 20
10 14
11 16
12 16
13 11
14 17
15 17
16 20

1 13
2 19
3 20
4 14
5 15
6 14
7 11
8 11
9 19
10 15
11 19
12 16
13 13
14 17
15 18
16 11

1 12
2 13
3 15
4 18
5 17
6 20
7 14
8 18
9 12
10 19
11 19
12 15
13 20
14 16
15 10
16 18

1 17
2 17
3 15
4 12
5 14
6 11
7 17
8 20
9 17
10 14
11 11
12 20
13 19
14 13
15 14
16 20

1 10
2 20
3 13
4 19
5 15
6 20
7 17
8 16
9 20
10 14
11 10
12 17
13 10
14 10
15 10
16 16

1 13
2 15
3 18
4 19
5 18
6 16
7 10
8 11
9 13
10 12
11 10
12 10
13 12
14 19
15 19
16 16

1 17
2 14
3 17
4 19
5 16
6 12
7 20
8 10
9 20
10 14
11 16
12 16
13 11
14 17
15 17
16 20

1 13
2 19
3 20
4 14
5 15
6 14
7 11
8 11
9 19
10 15
11 19
12 16
13 13
14 17
15 18
16 11

1 12
2 13
3 15
4 18
5 17
6 20
7 14
8 18
9 12
10 19
11 19
12 15
13 20
14 16
15 10
16 18

1 17
2 17
3 15
4 12
5 14
6 11
7 17
8 20
9 17
10 14
11 11
12 20
13 19
14 13
15 14
16 20

1 10
2 20
3 13
4 19
5 15
6 20
7 17
8 16
9 20
10 14
11 10
12 17
13 10
14 10
15 10
16 16

1 13
2 15
3 18
4 19
5 18
6 16
7 10
8 11
9 13
10 12
11 10
12 10
13 12
14 19
15 19
16 16

1 17
2 14
3 17
4 19
5 16
6 12
7 20
8 10
9 20
10 14
11 16
12 16
13 11
14 17
15 17
16 20

1 13
2 19
3 20
4 14
5 15
6 14
7 11
8 11
9 19
10 15
11 19
12 16
13 13
14 17
15 18
16 11

1 12
2 13
3 15
4 18
5 17
6 20
7 14
8 18
9 12
10 19
11 19
12 15
13 20
14 16
15 10
16 18

1 17
2 17
3 15
4 12
5 14
6 11
7 17
8 20
9 17
10 14
11 11
12 20
13 19
14 13
15 14
16 20

1 10
2 20
3 13
4 19
5 15
6 20
7 17
8 16
9 20
10 14
11 10
12 17
13 10
14 10
15 10
16 16

1 13
2 15
3 18
4 19
5 18
6 16
7 10
8 11
9 13
10 12
11 10
12 10
13 12
14 19
15 19
16 16

1 17
2 14
3 17
4 19
5 16
6 12
7 20
8 10
9 20
10 14
11 16
12 16
13 11
14 17
15 17
16 20

1 13
2 19
3 20
4 14
5 15
6 14
7 11
8 11
9 19
10 15
11 19
12 16
13 13
14 17
15 18
16 11

1 12
2 13
3 15
4 18
5 17
6 20
7 14
8 18
9 12
10 19
11 19
12 15
13 20
14 16
15 10
16 18

1 17
2 17
3 15
4 12
5 14
6 11
7 17
8 20
9 17
10 14
11 11
12 20
13 19
14 13
15 14
16 20

1 10
2 20
3 13
4 19
5 15
6 20
7 17
8 16
9 20
10 14
11 10
12 17
13 10
14 10
15 10
16 16

1 13
2 15
3 18
4 19
5 18
6 16
7 10
8 11
9 13
10 12
11 10
12 10
13 12
14 19
15 19
16 16

1 17
2 14
3 17
4 19
5 16
6 12
7 20
8 10
9 20
10 14
11 16
12 16
13 11
14 17
15 17
16 20

1 13
2 19
3 20
4 14
5 15
6 14
7 11
8 11
9 19
10 15
11 19
12 16
13 13
14 17
15 18
16 11

1 12
2 13
3 15
4 18
5 17
6 20
7 14
8 18
9 12
10 19
11 19
12 15
13 20
14 16
15 10
16 18

1 17
2 17
3 15
4 12
5 14
6 11
7 17
8 20
9 17
10 14
11 11
12 20
13 19
14 13
15 14
16 20

1 10
2 20
3 13
4 19
5 15
6 20
7 17
8 16
9 20
10 14
11 10
12 17
13 10
14 10
15 10
16 16

1 13
2 15
3 18
4 19
5 18
6 16
7 10
8 11
9 13
10 12
11 10
12 10
13 12
14 19
15 19
16 16

1 17
2 14
3 17
4 19
5 16
6 12
7 20
8 10
9 20
10 14
11 16
12 16
13 11
14 17
15 17
16 20

1 13
2 19
3 20
4 14
5 15
6 14
7 11
8 11
9 19
10 15
11 19
12 16
13 13
14 17
15 18
16 11

1 12
2 13
3 15
4 18
5 17
6 20
7 14
8 18
9 12
10 19
11 19
12 15
13 20
14 16
15 10
16 18

1 17
2 17
3 15
4 12
5 14
6 11
7 17
8 20
9 17
10 14
11 11
12 20
13 19
14 13
15 14
16 20

1 10
2 20
3 13
4 19
5 15
6 20
7 17
8 16
9 20
10 14
11 10
12 17
13 10
14 10
15 10
16 16

1 13
2 15
3 18
4 19
5 18
6 16
7 10
8 11
9 13
10 12
11 10
12 10
13 12
14 19
15 19
16 16

1 17
2 14
3 17
4 19
5 16
6 12
7 20
8 10
9 20
10 14
11 16
12 16
13 11
14 17
15 17
16 20

1 13
2 19
3 20
4 14
5 15
6 14
7 11
8 11
9 19
10 15
11 19
12 16
13 13
14 17
15 18
16 11

1 12
2 13
3 15
4 18
5 17
6 20
7 14
8 18
9 12
10 19
11 19
12 15
13 20
14 16
15 10
16 18

1 17
2 17
3 15
4 12
5 14
6 11
7 17
8 20
9 17
10 14
11 11
12 20
13 19
14 13
15 14
16 20

1 10
2 20
3 13
4 19
5 15
6 20
7 17
8 16
9 20
10 14
11 10
12 17
13 10
14 10
15 10
16 16

1 13
2 15
3 18
4 19
5 18
6 16
7 10
8 11
9 13
10 12
11 10
12 10
13 12
14 19
15 19
16 16

1 17
2 14
3 17
4 19
5 16
6 12
7 20
8 10
9 20
10 14
11 16
12 16
13 11
14 17
15 17
16 20

1 13
2 19
3 20
4 14
5 15
6 14
7 11
8 11
9 19
10 15
11 19
12 16
13 13
14 17
15 18
16 11

1 12
2 13
3 15
4 18
5 17
6 20
7 14
8 18
9 12
10 19
11 19
12 15
13 20
14 16
15 10
16 18

1 17
2 17
3 15
4 12
5 14
6 11
7 17
8 20
9 17
10 14
11 11
12 20
13 19
14 13
15 14
16 20

1 10
2 20
3 13
4 19
5 15
6 20
7 17
8 16
9 20
10 14
11 10
12 17
13 10
14 10
15 10
16 16

1 13
2 15
3 18
4 19
5 18
6 16
7 10
8 11
9 13
10 12
11 10
12 10
13 12
14 19
15 19
16 16

1 17
2 14
3 17
4 19
5 16
6 12
7 20
8 10
9 20
10 14
11 16
12 16
13 11
14 17
15 17
16 20

1 13
2 19
3 20
4 14
5 15
6 14
7 11
8 11
9 19
10 15
11 19
12 16
13 13
14 17
15 18
16 11

1 12
2 13
3 15
4 18
5 17
6 20
7 14
8 18
9 12
10 19
11 19
12 15
13 20
14 16
15 10
16 18

1 17
2 17
3 15
4 12
5 14
6 11
7 17
8 20
9 17
10 14
11 11
12 20
13 19
14 13
15 14
16 20

1 10
2 20
3 13
4 19
5 15
6 20
7 17
8 16
9 20
10 14
11 10
12 17
13 10
14 10
15 10
16 16

1 13
2 15
3 18
4 19
5 18
6 16
7 10
8 11
9 13
10 12
11 10
12 10
13 12
14 19
15 19
16 16

1 17
2 14
3 17
4 19
5 16
6 12
7 20
8 10
9 20
10 14
11 16
12 16
13 11
14 17
15 17
16 20

1 13
2 19
3 20
4 14
5 15
6 14
7 11
8 11
9 19
10 15
11 19
12 16
13 13
14 17
15 18
16 11

1 12
2 13
3 15
4 18
5 17
6 20
7 14
8 18
9 12
10 19
11 19
12 15
13 20
14 16
15 10
16 18

1 17
2 17
3 15
4 12
5 14
6 11
7 17
8 20
9 17
10 14
11 11
12 20
13 19
14 13
15 14
16 20

1 10
2 20
3 13
4 19
5 15
6 20
7 17
8 16
9 20
10 14
11 10
12 17
13 10
14 10
15 10
16 16

1 13
2 15
3 18
4 19
5 18
6 16
7 10
8 11
9 13
10 12
11 10
12 10
13 12
14 19
15 19
16 16

1 17
2 14
3 17
4 19
5 16
6 12
7 20
8 10
9 20
10 14
11 16
12 16
13 11
14 17
15 17
16 20

1 13
2 19
3 20
4 14
5 15
6 14
7 11
8 11
9 19
10 15
11 19
12 16
13 13
14 17
15 18
16 11

1 12
2 13
3 15
4 18
5 17
6 20
7 14
8 18
9 12
10 19
11 19
12 15
13 20
14 16
15 10
16 18

1 17
2 17
3 15
4 12
5 14
6 11
7 17
8 20
9 17
10 14
11 11
12 20
13 19
14 13
15 14
16 20

1 10
2 20
3 13
4 19
5 15
6 20
7 17
8 16
9 20
10 14
11 10
12 17
13 10
14 10
15 10
16 16

1 13
2 15
3 18
4 19
5 18
6 16
7 10
8 11
9 13
10 12
11 10
12 10
13 12
14 19
15 19
16 16

1 17
2 14
3 17
4 19
5 16
6 12
7 20
8 10
9 20
10 14
11 16
12 16
13 11
14 17
15 17
16 20

1 13
2 19
3 20
4 14
5 15
6 14
7 11
8 11
9 19
10 15
11 19
12 16
13 13
14 17
15 18
16 11

1 12
2 13
3 15
4 18
5 17
6 20
7 14
8 18
9 12
10 19
11 19
12 15
13 20
14 16
15 10
16 18

1 17
2 17
3 15
4 12
5 14
6 11
7 17
8 20
9 17
10 14
11 11
12 20
13 19
14 13
15 14
16 20

1 10
2 20
3 13
4 19
5 15
6 20
7 17
8 16
9 20
10 14
11 10
12 17
13 10
14 10
15 10
16 16

1 13
2 15
3 18
4 19
5 18
6 16
7 10
8 11
9 13
10 12
11 10
12 10
13 12
14 19
15 19
16 16

1 17
2 14
3 17
4 19
5 16
6 12
7 20
8 10
9 20
10 14
11 16
12 16
13 11
14 17
15 17
16 20

1 13
2 19
3 20
4 14
5 15
6 14
7 11
8 11
9 19
10 15
11 19
12 16
13 13
14 17
15 18
16 11

1 12
2 13
3 15
4 18
5 17
6 20
7 14
8 18
9 12
10 19
11 19
12 15
13 20
14 16
15 10
16 18

1 17
2 17
3 15
4 12
5 14
6 11
7 17
8 20
9 17
10 14
11 11
12 20
13 19
14 13
15 14
16 20

1 10
2 20
3 13
4 19
5 15
6 20
7 17
8 16
9 20
10 14
11 10
12 17
13 10
14 10
15 10
16 16

1 13
2 15
3 18
4 19
5 18
6 16
7 10
8 11
9 13
10 12
11 10
12 10
13 12
14 19
15 19
16 16

1 17
2 14
3 17
4 19
5 16
6 12
7 20
8 10
9 20
10 14
11 16
12 16
13 11
14 17
15 17
16 20