1 0
2 0
3 0
4 0
5 0
6 0
7 0
8 0
9 0
10 0
11 0
12 0
13 0
14 0
15 0
16 0

1 11
2 16
3 17
4 13
5 17
6 10
7 16
8 16
9 16
10 10
11 10
12 10
13 20
14 15
15 20
16 10

1 19
2 20
3 13
4 19
5 18
6 17
7 10
8 17
9 10
10 12
11 18
12 15
13 17
14 13
15 11
16 11

1 12
2 18
3 18
4 17
5 16
6 15
7 19
8 13
9 14
10 19
11 20
12 16
13 10
14 12
15 13
16 16

1 11
2 14
3 10
4 10
5 10
6 20
7 15
8 12
9 17
10 12
11 16
12 14
13 13
14 12
15 11
16 15

1 18
2 15
3 12
4 19
5 13
6 15
7 16
8 16
9 10
10 17
11 16
12 16
13 16
14 14
15 20
16 18

1 15
2 10
3 15
4 12
5 12
6 10
7 18
8 12
9 11
10 18
11 18
12 10
13 14
14 10
15 15
16 10

1 11
2 16
3 17
4 13
5 17
6 10
7 16
8 16
9 16
10 10
11 10
12 10
13 20
14 15
15 20
16 10

1 19
2 20
3 13
4 19
5 18
6 17
7 10
8 17
9 10
10 12
11 18
12 15
13 17
14 13
15 11
16 11

1 12
2 18
3 18
4 17
5 16
6 15
7 19
8 13
9 14
10 19
11 20
12 16
13 10
14 12
15 13
16 16

1 11
2 14
3 10
4 10
5 10
6 20
7 15
8 12
9 17
10 12
11 16
12 14
13 13
14 12
15 11
16 15

1 18
2 15
3 12
4 19
5 13
6 15
7 16
8 16
9 10
10 17
11 16
12 16
13 16
14 14
15 20
16 18

1 15
2 10
3 15
4 12
5 12
6 10
7 18
8 12
9 11
10 18
11 18
12 10
13 14
14 10
15 15
16 10

1 11
2 16
3 17
4 13
5 17
6 10
7 16
8 16
9 16
10 10
11 10
12 10
13 20
14 15
15 20
16 10

1 19
2 20
3 13
4 19
5 18
6 17
7 10
8 17
9 10
10 12
11 18
12 15
13 17
14 13
15 11
16 11

1 12
2 18
3 18
4 17
5 16
6 15
7 19
8 13
9 14
10 19
11 20
12 16
13 10
14 12
15 13
16 16

1 11
2 14
3 10
4 10
5 10
6 20
7 15
8 12
9 17
10 12
11 16
12 14
13 13
14 12
15 11
16 15

1 18
2 15
3 12
4 19
5 13
6 15
7 16
8 16
9 10
10 17
11 16
12 16
13 16
14 14
15 20
16 18

1 15
2 10
3 15
4 12
5 12
6 10
7 18
8 12
9 11
10 18
11 18
12 10
13 14
14 10
15 15
16 10

1 11
2 16
3 17
4 13
5 17
6 10
7 16
8 16
9 16
10 10
11 10
12 10
13 20
14 15
15 20
16 10

1 19
2 20
3 13
4 19
5 18
6 17
7 10
8 17
9 10
10 12
11 18
12 15
13 17
14 13
15 11
16 11

1 12
2 18
3 18
4 17
5 16
6 15
7 19
8 13
9 14
10 19
11 20
12 16
13 10
14 12
15 13
16 16

1 11
2 14
3 10
4 10
5 10
6 20
7 15
8 12
9 17
10 12
11 16
12 14
13 13
14 12
15 11
16 15

1 18
2 15
3 12
4 19
5 13
6 15
7 16
8 16
9 10
10 17
11 16
12 16
13 16
14 14
15 20
16 18

1 15
2 10
3 15
4 12
5 12
6 10
7 18
8 12
9 11
10 18
11 18
12 10
13 14
14 10
15 15
16 10

1 11
2 16
3 17
4 13
5 17
6 10
7 16
8 16
9 16
10 10
11 10
12 10
13 20
14 15
15 20
16 10

1 19
2 20
3 13
4 19
5 18
6 17
7 10
8 17
9 10
10 12
11 18
12 15
13 17
14 13
15 11
16 11

1 12
2 18
3 18
4 17
5 16
6 15
7 19
8 13
9 14
10 19
11 20
12 16
13 10
14 12
15 13
16 16

1 11
2 14
3 10
4 10
5 10
6 20
7 15
8 12
9 17
10 12
11 16
12 14
13 13
14 12
15 11
16 15

1 18
2 15
3 12
4 19
5 13
6 15
7 16
8 16
9 10
10 17
11 16
12 16
13 16
14 14
15 20
16 18

1 15
2 10
3 15
4 12
5 12
6 10
7 18
8 12
9 11
10 18
11 18
12 10
13 14
14 10
15 15
16 10

1 11
2 16
3 17
4 13
5 17
6 10
7 16
8 16
9 16
10 10
11 10
12 10
13 20
14 15
15 20
16 10

1 19
2 20
3 13
4 19
5 18
6 17
7 10
8 17
9 10
10 12
11 18
12 15
13 17
14 13
15 11
16 11

1 12
2 18
3 18
4 17
5 16
6 15
7 19
8 13
9 14
10 19
11 20
12 16
13 10
14 12
15 13
16 16

1 11
2 14
3 10
4 10
5 10
6 20
7 15
8 12
9 17
10 12
11 16
12 14
13 13
14 12
15 11
16 15

1 18
2 15
3 12
4 19
5 13
6 15
7 16
8 16
9 10
10 17
11 16
12 16
13 16
14 14
15 20
16 18

1 15
2 10
3 15
4 12
5 12
6 10
7 18
8 12
9 11
10 18
11 18
12 10
13 14
14 10
15 15
16 10

1 11
2 16
3 17
4 13
5 17
6 10
7 16
8 16
9 16
10 10
11 10
12 10
13 20
14 15
15 20
16 10

1 19
2 20
3 13
4 19
5 18
6 17
7 10
8 17
9 10
10 12
11 18
12 15
13 17
14 13
15 11
16 11

1 12
2 18
3 18
4 17
5 16
6 15
7 19
8 13
9 14
10 19
11 20
12 16
13 10
14 12
15 13
16 16

1 11
2 14
3 10
4 10
5 10
6 20
7 15
8 12
9 17
10 12
11 16
12 14
13 13
14 12
15 11
16 15

1 18
2 15
3 12
4 19
5 13
6 15
7 16
8 16
9 10
10 17
11 16
12 16
13 16
14 14
15 20
16 18

1 15
2 10
3 15
4 12
5 12
6 10
7 18
8 12
9 11
10 18
11 18
12 10
13 14
14 10
15 15
16 10

1 11
2 16
3 17
4 13
5 17
6 10
7 16
8 16
9 16
10 10
11 10
12 10
13 20
14 15
15 20
16 10

1 19
2 20
3 13
4 19
5 18
6 17
7 10
8 17
9 10
10 12
11 18
12 15
13 17
14 13
15 11
16 11

1 12
2 18
3 18
4 17
5 16
6 15
7 19
8 13
9 14
10 19
11 20
12 16
13 10
14 12
15 13
16 16

1 11
2 14
3 10
4 10
5 10
6 20
7 15
8 12
9 17
10 12
11 16
12 14
13 13
14 12
15 11
16 15

1 18
2 15
3 12
4 19
5 13
6 15
7 16
8 16
9 10
10 17
11 16
12 16
13 16
14 14
15 20
16 18

1 15
2 10
3 15
4 12
5 12
6 10
7 18
8 12
9 11
10 18
11 18
12 10
13 14
14 10
15 15
16 10

1 11
2 16
3 17
4 13
5 17
6 10
7 16
8 16
9 16
10 10
11 10
12 10
13 20
14 15
15 20
16 10

1 19
2 20
3 13
4 19
5 18
6 17
7 10
8 17
9 10
10 12
11 18
12 15
13 17
14 13
15 11
16 11

1 12
2 18
3 18
4 17
5 16
6 15
7 19
8 13
9 14
10 19
11 20
12 16
13 10
14 12
15 13
16 16

1 11
2 14
3 10
4 10
5 10
6 20
7 15
8 12
9 17
10 12
11 16
12 14
13 13
14 12
15 11
16 15

1 18
2 15
3 12
4 19
5 13
6 15
7 16
8 16
9 10
10 17
11 16
12 16
13 16
14 14
15 20
16 18

1 15
2 10
3 15
4 12
5 12
6 10
7 18
8 12
9 11
10 18
11 18
12 10
13 14
14 10
15 15
16 10

1 11
2 16
3 17
4 13
5 17
6 10
7 16
8 16
9 16
10 10
11 10
12 10
13 20
14 15
15 20
16 10

1 19
2 20
3 13
4 19
5 18
6 17
7 10
8 17
9 10
10 12
11 18
12 15
13 17
14 13
15 11
16 11

1 12
2 18
3 18
4 17
5 16
6 15
7 19
8 13
9 14
10 19
11 20
12 16
13 10
14 12
15 13
16 16

1 11
2 14
3 10
4 10
5 10
6 20
7 15
8 12
9 17
10 12
11 16
12 14
13 13
14 12
15 11
16 15

1 18
2 15
3 12
4 19
5 13
6 15
7 16
8 16
9 10
10 17
11 16
12 16
13 16
14 14
15 20
16 18

1 15
2 10
3 15
4 12
5 12
6 10
7 18
8 12
9 11
10 18
11 18
12 10
13 14
14 10
15 15
16 10

1 11
2 16
3 17
4 13
5 17
6 10
7 16
8 16
9 16
10 10
11 10
12 10
13 20
14 15
15 20
16 10

1 19
2 20
3 13
4 19
5 18
6 17
7 10
8 17
9 10
10 12
11 18
12 15
13 17
14 13
15 11
16 11

1 12
2 18
3 18
4 17
5 16
6 15
7 19
8 13
9 14
10 19
11 20
12 16
13 10
14 12
15 13
16 16

1 11
2 14
3 10
4 10
5 10
6 20
7 15
8 12
9 17
10 12
11 16
12 14
13 13
14 12
15 11
16 15

1 18
2 15
3 12
4 19
5 13
6 15
7 16
8 16
9 10
10 17
11 16
12 16
13 16
14 14
15 20
16 18

1 15
2 10
3 15
4 12
5 12
6 10
7 18
8 12
9 11
10 18
11 18
12 10
13 14
14 10
15 15
16 10

1 11
2 16
3 17
4 13
5 17
6 10
7 16
8 16
9 16
10 10
11 10
12 10
13 20
14 15
15 20
16 10

1 19
2 20
3 13
4 19
5 18
6 17
7 10
8 17
9 10
10 12
11 18
12 15
13 17
14 13
15 11
16 11

1 12
2 18
3 18
4 17
5 16
6 15
7 19
8 13
9 14
10 19
11 20
12 16
13 10
14 12
15 13
16 16

1 11
2 14
3 10
4 10
5 10
6 20
7 15
8 12
9 17
10 12
11 16
12 14
13 13
14 12
15 11
16 15

1 18
2 15
3 12
4 19
5 13
6 15
7 16
8 16
9 10
10 17
11 16
12 16
13 16
14 14
15 20
16 18

1 15
2 10
3 15
4 12
5 12
6 10
7 18
8 12
9 11
10 18
11 18
12 10
13 14
14 10
15 15
16 10

1 11
2 16
3 17
4 13
5 17
6 10
7 16
8 16
9 16
10 10
11 10
12 10
13 20
14 15
15 20
16 10

1 19
2 20
3 13
4 19
5 18
6 17
7 10
8 17
9 10
10 12
11 18
12 15
13 17
14 13
15 11
16 11

1 12
2 18
3 18
4 17
5 16
6 15
7 19
8 13
9 14
10 19
11 20
12 16
13 10
14 12
15 13
16 16

1 11
2 14
3 10
4 10
5 10
6 20
7 15
8 12
9 17
10 12
11 16
12 14
13 13
14 12
15 11
16 15

1 18
2 15
3 12
4 19
5 13
6 15
7 16
8 16
9 10
10 17
11 16
12 16
13 16
14 14
15 20
16 18

1 15
2 10
3 15
4 12
5 12
6 10
7 18
8 12
9 11
10 18
11 18
12 10
13 14
14 10
15 15
16 10

1 11
2 16
3 17
4 13
5 17
6 10
7 16
8 16
9 16
10 10
11 10
12 10
13 20
14 15
15 20
16 10

1 19
2 20
3 13
4 19
5 18
6 17
7 10
8 17
9 10
10 12
11 18
12 15
13 17
14 13
15 11
16 11

1 12
2 18
3 18
4 17
5 16
6 15
7 19
8 13
9 14
10 19
11 20
12 16
13 10
14 12
15 13
16 16

1 11
2 14
3 10
4 10
5 10
6 20
7 15
8 12
9 17
10 12
11 16
12 14
13 13
14 12
15 11
16 15

1 18
2 15
3 12
4 19
5 13
6 15
7 16
8 16
9 10
10 17
11 16
12 16
13 16
14 14
15 20
16 18

1 15
2 10
3 15
4 12
5 12
6 10
7 18
8 12
9 11
10 18
11 18
12 10
13 14
14 10
15 15
16 10

1 11
2 16
3 17
4 13
5 17
6 10
7 16
8 16
9 16
10 10
11 10
12 10
13 20
14 15
15 20
16 10

1 19
2 20
3 13
4 19
5 18
6 17
7 10
8 17
9 10
10 12
11 18
12 15
13 17
14 13
15 11
16 11

1 12
2 18
3 18
4 17
5 16
6 15
7 19
8 13
9 14
10 19
11 20
12 16
13 10
14 12
15 13
16 16

1 11
2 14
3 10
4 10
5 10
6 20
7 15
8 12
9 17
10 12
11 16
12 14
13 13
14 12
15 11
16 15

1 18
2 15
3 12
4 19
5 13
6 15
7 16
8 16
9 10
10 17
11 16
12 16
13 16
14 14
15 20
16 18

1 15
2 10
3 15
4 12
5 12
6 10
7 18
8 12
9 11
10 18
11 18
12 10
13 14
14 10
15 15
16 10

1 11
2 16
3 17
4 13
5 17
6 10
7 16
8 16
9 16
10 10
11 10
12 10
13 20
14 15
15 20
16 10

1 19
2 20
3 13
4 19
5 18
6 17
7 10
8 17
9 10
10 12
11 18
12 15
13 17
14 13
15 11
16 11

1 12
2 18
3 18
4 17
5 16
6 15
7 19
8 13
9 14
10 19
11 20
12 16
13 10
14 12
15 13
16 16

1 11
2 14
3 10
4 10
5 10
6 20
7 15
8 12
9 17
10 12
11 16
12 14
13 13
14 12
15 11
16 15

1 18
2 15
3 12
4 19
5 13
6 15
7 16
8 16
9 10
10 17
11 16
12 16
13 16
14 14
15 20
16 18

1 15
2 10
3 15
4 12
5 12
6 10
7 18
8 12
9 11
10 18
11 18
12 10
13 14
14 10
15 15
16 10

1 11
2 16
3 17
4 13
5 17
6 10
7 16
8 16
9 16
10 10
11 10
12 10
13 20
14 15
15 20
16 10

1 19
2 20
3 13
4 19
5 18
6 17
7 10
8 17
9 10
10 12
11 18
12 15
13 17
14 13
15 11
16 11

1 12
2 18
3 18
4 17
5 16
6 15
7 19
8 13
9 14
10 19
11 20
12 16
13 10
14 12
15 13
16 16

1 11
2 14
3 10
4 10
5 10
6 20
7 15
8 12
9 17
10 12
11 16
12 14
13 13
14 12
15 11
16 15

1 18
2 15
3 12
4 19
5 13
6 15
7 16
8 16
9 10
10 17
11 16
12 16
13 16
14 14
15 20
16 18

1 15
2 10
3 15
4 12
5 12
6 10
7 18
8 12
9 11
10 18
11 18
12 10
13 14
14 10
15 15
16 10

1 11
2 16
3 17
4 13
5 17
6 10
7 16
8 16
9 16
10 10
11 10
12 10
13 20
14 15
15 20
16 10

1 19
2 20
3 13
4 19
5 18
6 17
7 10
8 17
9 10
10 12
11 18
12 15
13 17
14 13
15 11
16 11

1 12
2 18
3 18
4 17
5 16
6 15
7 19
8 13
9 14
10 19
11 20
12 16
13 10
14 12
15 13
16 16

1 11
2 14
3 10
4 10
5 10
6 20
7 15
8 12
9 17
10 12
11 16
12 14
13 13
14 12
15 11
16 15

1 18
2 15
3 12
4 19
5 13
6 15
7 16
8 16
9 10
10 17
11 16
12 16
13 16
14 14
15 20
16 18

1 15
2 10
3 15
4 12
5 12
6 10
7 18
8 12
9 11
10 18
11 18
12 10
13 14
14 10
15 15
16 10

1 11
2 16
3 17
4 13
5 17
6 10
7 16
8 16
9 16
10 10
11 10
12 10
13 20
14 15
15 20
16 10

1 19
2 20
3 13
4 19
5 18
6 17
7 10
8 17
9 10
10 12
11 18
12 15
13 17
14 13
15 11
16 11

1 12
2 18
3 18
4 17
5 16
6 15
7 19
8 13
9 14
10 19
11 20
12 16
13 10
14 12
15 13
16 16

1 11
2 14
3 10
4 10
5 10
6 20
7 15
8 12
9 17
10 12
11 16
12 14
13 13
14 12
15 11
16 15

1 18
2 15
3 12
4 19
5 13
6 15
7 16
8 16
9 10
10 17
11 16
12 16
13 16
14 14
15 20
16 18

1 15
2 10
3 15
4 12
5 12
6 10
7 18
8 12
9 11
10 18
11 18
12 10
13 14
14 10
15 15
16 10

1 11
2 16
3 17
4 13
5 17
6 10
7 16
8 16
9 16
10 10
11 10
12 10
13 20
14 15
15 20
16 10

1 19
2 20
3 13
4 19
5 18
6 17
7 10
8 17
9 10
10 12
11 18
12 15
13 17
14 13
15 11
16 11

1 12
2 18
3 18
4 17
5 16
6 15
7 19
8 13
9 14
10 19
11 20
12 16
13 10
14 12
15 13
16 16

1 11
2 14
3 10
4 10
5 10
6 20
7 15
8 12
9 17
10 12
11 16
12 14
13 13
14 12
15 11
16 15

1 18
2 15
3 12
4 19
5 13
6 15
7 16
8 16
9 10
10 17
11 16
12 16
13 16
14 14
15 20
16 18

1 15
2 10
3 15
4 12
5 12
6 10
7 18
8 12
9 11
10 18
11 18
12 10
13 14
14 10
15 15
16 10