1 0
2 0
3 0
4 0
5 0
6 0
7 0
8 0
9 0
10 0
11 0
12 0
13 0
14 0
15 0
16 0

1 3
2 6
3 1
4 5
5 8
6 0
7 0
8 7
9 1
10 4
11 4
12 3
13 1
14 6
15 0
16 5

1 8
2 3
3 7
4 3
5 2
6 4
7 0
8 9
9 6
10 1
11 2
12 6
13 0
14 2
15 8
16 6

1 9
2 0
3 8
4 2
5 7
6 4
7 7
8 5
9 5
10 0
11 2
12 0
13 9
14 5
15 7
16 8

1 1
2 5
3 0
4 5
5 1
6 3
7 4
8 6
9 4
10 3
11 9
12 1
13 4
14 4
15 8
16 6

1 3
2 6
3 1
4 5
5 8
6 0
7 0
8 7
9 1
10 4
11 4
12 3
13 1
14 6
15 0
16 5

1 8
2 3
3 7
4 3
5 2
6 4
7 0
8 9
9 6
10 1
11 2
12 6
13 0
14 2
15 8
16 6

1 9
2 0
3 8
4 2
5 7
6 4
7 7
8 5
9 5
10 0
11 2
12 0
13 9
14 5
15 7
16 8

1 1
2 5
3 0
4 5
5 1
6 3
7 4
8 6
9 4
10 3
11 9
12 1
13 4
14 4
15 8
16 6

1 3
2 6
3 1
4 5
5 8
6 0
7 0
8 7
9 1
10 4
11 4
12 3
13 1
14 6
15 0
16 5

1 8
2 3
3 7
4 3
5 2
6 4
7 0
8 9
9 6
10 1
11 2
12 6
13 0
14 2
15 8
16 6

1 9
2 0
3 8
4 2
5 7
6 4
7 7
8 5
9 5
10 0
11 2
12 0
13 9
14 5
15 7
16 8

1 1
2 5
3 0
4 5
5 1
6 3
7 4
8 6
9 4
10 3
11 9
12 1
13 4
14 4
15 8
16 6

1 3
2 6
3 1
4 5
5 8
6 0
7 0
8 7
9 1
10 4
11 4
12 3
13 1
14 6
15 0
16 5

1 8
2 3
3 7
4 3
5 2
6 4
7 0
8 9
9 6
10 1
11 2
12 6
13 0
14 2
15 8
16 6

1 9
2 0
3 8
4 2
5 7
6 4
7 7
8 5
9 5
10 0
11 2
12 0
13 9
14 5
15 7
16 8

1 1
2 5
3 0
4 5
5 1
6 3
7 4
8 6
9 4
10 3
11 9
12 1
13 4
14 4
15 8
16 6

1 3
2 6
3 1
4 5
5 8
6 0
7 0
8 7
9 1
10 4
11 4
12 3
13 1
14 6
15 0
16 5

1 8
2 3
3 7
4 3
5 2
6 4
7 0
8 9
9 6
10 1
11 2
12 6
13 0
14 2
15 8
16 6

1 9
2 0
3 8
4 2
5 7
6 4
7 7
8 5
9 5
10 0
11 2
12 0
13 9
14 5
15 7
16 8

1 1
2 5
3 0
4 5
5 1
6 3
7 4
8 6
9 4
10 3
11 9
12 1
13 4
14 4
15 8
16 6

1 3
2 6
3 1
4 5
5 8
6 0
7 0
8 7
9 1
10 4
11 4
12 3
13 1
14 6
15 0
16 5

1 8
2 3
3 7
4 3
5 2
6 4
7 0
8 9
9 6
10 1
11 2
12 6
13 0
14 2
15 8
16 6

1 9
2 0
3 8
4 2
5 7
6 4
7 7
8 5
9 5
10 0
11 2
12 0
13 9
14 5
15 7
16 8

1 1
2 5
3 0
4 5
5 1
6 3
7 4
8 6
9 4
10 3
11 9
12 1
13 4
14 4
15 8
16 6

1 3
2 6
3 1
4 5
5 8
6 0
7 0
8 7
9 1
10 4
11 4
12 3
13 1
14 6
15 0
16 5

1 8
2 3
3 7
4 3
5 2
6 4
7 0
8 9
9 6
10 1
11 2
12 6
13 0
14 2
15 8
16 6

1 9
2 0
3 8
4 2
5 7
6 4
7 7
8 5
9 5
10 0
11 2
12 0
13 9
14 5
15 7
16 8

1 1
2 5
3 0
4 5
5 1
6 3
7 4
8 6
9 4
10 3
11 9
12 1
13 4
14 4
15 8
16 6

1 3
2 6
3 1
4 5
5 8
6 0
7 0
8 7
9 1
10 4
11 4
12 3
13 1
14 6
15 0
16 5

1 8
2 3
3 7
4 3
5 2
6 4
7 0
8 9
9 6
10 1
11 2
12 6
13 0
14 2
15 8
16 6

1 9
2 0
3 8
4 2
5 7
6 4
7 7
8 5
9 5
10 0
11 2
12 0
13 9
14 5
15 7
16 8

1 1
2 5
3 0
4 5
5 1
6 3
7 4
8 6
9 4
10 3
11 9
12 1
13 4
14 4
15 8
16 6

1 3
2 6
3 1
4 5
5 8
6 0
7 0
8 7
9 1
10 4
11 4
12 3
13 1
14 6
15 0
16 5

1 8
2 3
3 7
4 3
5 2
6 4
7 0
8 9
9 6
10 1
11 2
12 6
13 0
14 2
15 8
16 6

1 9
2 0
3 8
4 2
5 7
6 4
7 7
8 5
9 5
10 0
11 2
12 0
13 9
14 5
15 7
16 8

1 1
2 5
3 0
4 5
5 1
6 3
7 4
8 6
9 4
10 3
11 9
12 1
13 4
14 4
15 8
16 6

1 3
2 6
3 1
4 5
5 8
6 0
7 0
8 7
9 1
10 4
11 4
12 3
13 1
14 6
15 0
16 5

1 8
2 3
3 7
4 3
5 2
6 4
7 0
8 9
9 6
10 1
11 2
12 6
13 0
14 2
15 8
16 6

1 9
2 0
3 8
4 2
5 7
6 4
7 7
8 5
9 5
10 0
11 2
12 0
13 9
14 5
15 7
16 8

1 1
2 5
3 0
4 5
5 1
6 3
7 4
8 6
9 4
10 3
11 9
12 1
13 4
14 4
15 8
16 6

1 3
2 6
3 1
4 5
5 8
6 0
7 0
8 7
9 1
10 4
11 4
12 3
13 1
14 6
15 0
16 5

1 8
2 3
3 7
4 3
5 2
6 4
7 0
8 9
9 6
10 1
11 2
12 6
13 0
14 2
15 8
16 6

1 9
2 0
3 8
4 2
5 7
6 4
7 7
8 5
9 5
10 0
11 2
12 0
13 9
14 5
15 7
16 8

1 1
2 5
3 0
4 5
5 1
6 3
7 4
8 6
9 4
10 3
11 9
12 1
13 4
14 4
15 8
16 6

1 3
2 6
3 1
4 5
5 8
6 0
7 0
8 7
9 1
10 4
11 4
12 3
13 1
14 6
15 0
16 5

1 8
2 3
3 7
4 3
5 2
6 4
7 0
8 9
9 6
10 1
11 2
12 6
13 0
14 2
15 8
16 6

1 9
2 0
3 8
4 2
5 7
6 4
7 7
8 5
9 5
10 0
11 2
12 0
13 9
14 5
15 7
16 8

1 1
2 5
3 0
4 5
5 1
6 3
7 4
8 6
9 4
10 3
11 9
12 1
13 4
14 4
15 8
16 6

1 3
2 6
3 1
4 5
5 8
6 0
7 0
8 7
9 1
10 4
11 4
12 3
13 1
14 6
15 0
16 5

1 8
2 3
3 7
4 3
5 2
6 4
7 0
8 9
9 6
10 1
11 2
12 6
13 0
14 2
15 8
16 6

1 9
2 0
3 8
4 2
5 7
6 4
7 7
8 5
9 5
10 0
11 2
12 0
13 9
14 5
15 7
16 8

1 1
2 5
3 0
4 5
5 1
6 3
7 4
8 6
9 4
10 3
11 9
12 1
13 4
14 4
15 8
16 6

1 3
2 6
3 1
4 5
5 8
6 0
7 0
8 7
9 1
10 4
11 4
12 3
13 1
14 6
15 0
16 5

1 8
2 3
3 7
4 3
5 2
6 4
7 0
8 9
9 6
10 1
11 2
12 6
13 0
14 2
15 8
16 6

1 9
2 0
3 8
4 2
5 7
6 4
7 7
8 5
9 5
10 0
11 2
12 0
13 9
14 5
15 7
16 8

1 1
2 5
3 0
4 5
5 1
6 3
7 4
8 6
9 4
10 3
11 9
12 1
13 4
14 4
15 8
16 6

1 3
2 6
3 1
4 5
5 8
6 0
7 0
8 7
9 1
10 4
11 4
12 3
13 1
14 6
15 0
16 5

1 8
2 3
3 7
4 3
5 2
6 4
7 0
8 9
9 6
10 1
11 2
12 6
13 0
14 2
15 8
16 6

1 9
2 0
3 8
4 2
5 7
6 4
7 7
8 5
9 5
10 0
11 2
12 0
13 9
14 5
15 7
16 8

1 1
2 5
3 0
4 5
5 1
6 3
7 4
8 6
9 4
10 3
11 9
12 1
13 4
14 4
15 8
16 6

1 3
2 6
3 1
4 5
5 8
6 0
7 0
8 7
9 1
10 4
11 4
12 3
13 1
14 6
15 0
16 5

1 8
2 3
3 7
4 3
5 2
6 4
7 0
8 9
9 6
10 1
11 2
12 6
13 0
14 2
15 8
16 6

1 9
2 0
3 8
4 2
5 7
6 4
7 7
8 5
9 5
10 0
11 2
12 0
13 9
14 5
15 7
16 8

1 1
2 5
3 0
4 5
5 1
6 3
7 4
8 6
9 4
10 3
11 9
12 1
13 4
14 4
15 8
16 6

1 3
2 6
3 1
4 5
5 8
6 0
7 0
8 7
9 1
10 4
11 4
12 3
13 1
14 6
15 0
16 5

1 8
2 3
3 7
4 3
5 2
6 4
7 0
8 9
9 6
10 1
11 2
12 6
13 0
14 2
15 8
16 6

1 9
2 0
3 8
4 2
5 7
6 4
7 7
8 5
9 5
10 0
11 2
12 0
13 9
14 5
15 7
16 8

1 1
2 5
3 0
4 5
5 1
6 3
7 4
8 6
9 4
10 3
11 9
12 1
13 4
14 4
15 8
16 6

1 3
2 6
3 1
4 5
5 8
6 0
7 0
8 7
9 1
10 4
11 4
12 3
13 1
14 6
15 0
16 5

1 8
2 3
3 7
4 3
5 2
6 4
7 0
8 9
9 6
10 1
11 2
12 6
13 0
14 2
15 8
16 6

1 9
2 0
3 8
4 2
5 7
6 4
7 7
8 5
9 5
10 0
11 2
12 0
13 9
14 5
15 7
16 8

1 1
2 5
3 0
4 5
5 1
6 3
7 4
8 6
9 4
10 3
11 9
12 1
13 4
14 4
15 8
16 6

1 3
2 6
3 1
4 5
5 8
6 0
7 0
8 7
9 1
10 4
11 4
12 3
13 1
14 6
15 0
16 5

1 8
2 3
3 7
4 3
5 2
6 4
7 0
8 9
9 6
10 1
11 2
12 6
13 0
14 2
15 8
16 6

1 9
2 0
3 8
4 2
5 7
6 4
7 7
8 5
9 5
10 0
11 2
12 0
13 9
14 5
15 7
16 8

1 1
2 5
3 0
4 5
5 1
6 3
7 4
8 6
9 4
10 3
11 9
12 1
13 4
14 4
15 8
16 6

1 3
2 6
3 1
4 5
5 8
6 0
7 0
8 7
9 1
10 4
11 4
12 3
13 1
14 6
15 0
16 5

1 8
2 3
3 7
4 3
5 2
6 4
7 0
8 9
9 6
10 1
11 2
12 6
13 0
14 2
15 8
16 6

1 9
2 0
3 8
4 2
5 7
6 4
7 7
8 5
9 5
10 0
11 2
12 0
13 9
14 5
15 7
16 8

1 1
2 5
3 0
4 5
5 1
6 3
7 4
8 6
9 4
10 3
11 9
12 1
13 4
14 4
15 8
16 6