1 0
2 0
3 0
4 0
5 0
6 0
7 0
8 0
9 0
10 0
11 0
12 0
13 0
14 0
15 0
16 0

1 20
2 14
3 20
4 20
5 10
6 20
7 20
8 16
9 13
10 17
11 13
12 16
13 10
14 15
15 18
16 13

1 18
2 12
3 17
4 15
5 16
6 14
7 16
8 20
9 11
10 13
11 18
12 11
13 11
14 20
15 18
16 18

1 10
2 17
3 11
4 15
5 19
6 16
7 17
8 20
9 14
10 13
11 20
12 17
13 18
14 16
15 10
16 14

1 19
2 12
3 14
4 17
5 12
6 19
7 16
8 19
9 12
10 20
11 16
12 19
13 19
14 15
15 12
16 12

1 20
2 14
3 20
4 20
5 10
6 20
7 20
8 16
9 13
10 17
11 13
12 16
13 10
14 15
15 18
16 13

1 18
2 12
3 17
4 15
5 16
6 14
7 16
8 20
9 11
10 13
11 18
12 11
13 11
14 20
15 18
16 18

1 10
2 17
3 11
4 15
5 19
6 16
7 17
8 20
9 14
10 13
11 20
12 17
13 18
14 16
15 10
16 14

1 19
2 12
3 14
4 17
5 12
6 19
7 16
8 19
9 12
10 20
11 16
12 19
13 19
14 15
15 12
16 12

1 20
2 14
3 20
4 20
5 10
6 20
7 20
8 16
9 13
10 17
11 13
12 16
13 10
14 15
15 18
16 13

1 18
2 12
3 17
4 15
5 16
6 14
7 16
8 20
9 11
10 13
11 18
12 11
13 11
14 20
15 18
16 18

1 10
2 17
3 11
4 15
5 19
6 16
7 17
8 20
9 14
10 13
11 20
12 17
13 18
14 16
15 10
16 14

1 19
2 12
3 14
4 17
5 12
6 19
7 16
8 19
9 12
10 20
11 16
12 19
13 19
14 15
15 12
16 12

1 20
2 14
3 20
4 20
5 10
6 20
7 20
8 16
9 13
10 17
11 13
12 16
13 10
14 15
15 18
16 13

1 18
2 12
3 17
4 15
5 16
6 14
7 16
8 20
9 11
10 13
11 18
12 11
13 11
14 20
15 18
16 18

1 10
2 17
3 11
4 15
5 19
6 16
7 17
8 20
9 14
10 13
11 20
12 17
13 18
14 16
15 10
16 14

1 19
2 12
3 14
4 17
5 12
6 19
7 16
8 19
9 12
10 20
11 16
12 19
13 19
14 15
15 12
16 12

1 20
2 14
3 20
4 20
5 10
6 20
7 20
8 16
9 13
10 17
11 13
12 16
13 10
14 15
15 18
16 13

1 18
2 12
3 17
4 15
5 16
6 14
7 16
8 20
9 11
10 13
11 18
12 11
13 11
14 20
15 18
16 18

1 10
2 17
3 11
4 15
5 19
6 16
7 17
8 20
9 14
10 13
11 20
12 17
13 18
14 16
15 10
16 14

1 19
2 12
3 14
4 17
5 12
6 19
7 16
8 19
9 12
10 20
11 16
12 19
13 19
14 15
15 12
16 12

1 20
2 14
3 20
4 20
5 10
6 20
7 20
8 16
9 13
10 17
11 13
12 16
13 10
14 15
15 18
16 13

1 18
2 12
3 17
4 15
5 16
6 14
7 16
8 20
9 11
10 13
11 18
12 11
13 11
14 20
15 18
16 18

1 10
2 17
3 11
4 15
5 19
6 16
7 17
8 20
9 14
10 13
11 20
12 17
13 18
14 16
15 10
16 14

1 19
2 12
3 14
4 17
5 12
6 19
7 16
8 19
9 12
10 20
11 16
12 19
13 19
14 15
15 12
16 12

1 20
2 14
3 20
4 20
5 10
6 20
7 20
8 16
9 13
10 17
11 13
12 16
13 10
14 15
15 18
16 13

1 18
2 12
3 17
4 15
5 16
6 14
7 16
8 20
9 11
10 13
11 18
12 11
13 11
14 20
15 18
16 18

1 10
2 17
3 11
4 15
5 19
6 16
7 17
8 20
9 14
10 13
11 20
12 17
13 18
14 16
15 10
16 14

1 19
2 12
3 14
4 17
5 12
6 19
7 16
8 19
9 12
10 20
11 16
12 19
13 19
14 15
15 12
16 12

1 20
2 14
3 20
4 20
5 10
6 20
7 20
8 16
9 13
10 17
11 13
12 16
13 10
14 15
15 18
16 13

1 18
2 12
3 17
4 15
5 16
6 14
7 16
8 20
9 11
10 13
11 18
12 11
13 11
14 20
15 18
16 18

1 10
2 17
3 11
4 15
5 19
6 16
7 17
8 20
9 14
10 13
11 20
12 17
13 18
14 16
15 10
16 14

1 19
2 12
3 14
4 17
5 12
6 19
7 16
8 19
9 12
10 20
11 16
12 19
13 19
14 15
15 12
16 12

1 20
2 14
3 20
4 20
5 10
6 20
7 20
8 16
9 13
10 17
11 13
12 16
13 10
14 15
15 18
16 13

1 18
2 12
3 17
4 15
5 16
6 14
7 16
8 20
9 11
10 13
11 18
12 11
13 11
14 20
15 18
16 18

1 10
2 17
3 11
4 15
5 19
6 16
7 17
8 20
9 14
10 13
11 20
12 17
13 18
14 16
15 10
16 14

1 19
2 12
3 14
4 17
5 12
6 19
7 16
8 19
9 12
10 20
11 16
12 19
13 19
14 15
15 12
16 12

1 20
2 14
3 20
4 20
5 10
6 20
7 20
8 16
9 13
10 17
11 13
12 16
13 10
14 15
15 18
16 13

1 18
2 12
3 17
4 15
5 16
6 14
7 16
8 20
9 11
10 13
11 18
12 11
13 11
14 20
15 18
16 18

1 10
2 17
3 11
4 15
5 19
6 16
7 17
8 20
9 14
10 13
11 20
12 17
13 18
14 16
15 10
16 14

1 19
2 12
3 14
4 17
5 12
6 19
7 16
8 19
9 12
10 20
11 16
12 19
13 19
14 15
15 12
16 12

1 20
2 14
3 20
4 20
5 10
6 20
7 20
8 16
9 13
10 17
11 13
12 16
13 10
14 15
15 18
16 13

1 18
2 12
3 17
4 15
5 16
6 14
7 16
8 20
9 11
10 13
11 18
12 11
13 11
14 20
15 18
16 18

1 10
2 17
3 11
4 15
5 19
6 16
7 17
8 20
9 14
10 13
11 20
12 17
13 18
14 16
15 10
16 14

1 19
2 12
3 14
4 17
5 12
6 19
7 16
8 19
9 12
10 20
11 16
12 19
13 19
14 15
15 12
16 12

1 20
2 14
3 20
4 20
5 10
6 20
7 20
8 16
9 13
10 17
11 13
12 16
13 10
14 15
15 18
16 13

1 18
2 12
3 17
4 15
5 16
6 14
7 16
8 20
9 11
10 13
11 18
12 11
13 11
14 20
15 18
16 18

1 10
2 17
3 11
4 15
5 19
6 16
7 17
8 20
9 14
10 13
11 20
12 17
13 18
14 16
15 10
16 14

1 19
2 12
3 14
4 17
5 12
6 19
7 16
8 19
9 12
10 20
11 16
12 19
13 19
14 15
15 12
16 12

1 20
2 14
3 20
4 20
5 10
6 20
7 20
8 16
9 13
10 17
11 13
12 16
13 10
14 15
15 18
16 13

1 18
2 12
3 17
4 15
5 16
6 14
7 16
8 20
9 11
10 13
11 18
12 11
13 11
14 20
15 18
16 18

1 10
2 17
3 11
4 15
5 19
6 16
7 17
8 20
9 14
10 13
11 20
12 17
13 18
14 16
15 10
16 14

1 19
2 12
3 14
4 17
5 12
6 19
7 16
8 19
9 12
10 20
11 16
12 19
13 19
14 15
15 12
16 12

1 20
2 14
3 20
4 20
5 10
6 20
7 20
8 16
9 13
10 17
11 13
12 16
13 10
14 15
15 18
16 13

1 18
2 12
3 17
4 15
5 16
6 14
7 16
8 20
9 11
10 13
11 18
12 11
13 11
14 20
15 18
16 18

1 10
2 17
3 11
4 15
5 19
6 16
7 17
8 20
9 14
10 13
11 20
12 17
13 18
14 16
15 10
16 14

1 19
2 12
3 14
4 17
5 12
6 19
7 16
8 19
9 12
10 20
11 16
12 19
13 19
14 15
15 12
16 12

1 20
2 14
3 20
4 20
5 10
6 20
7 20
8 16
9 13
10 17
11 13
12 16
13 10
14 15
15 18
16 13

1 18
2 12
3 17
4 15
5 16
6 14
7 16
8 20
9 11
10 13
11 18
12 11
13 11
14 20
15 18
16 18

1 10
2 17
3 11
4 15
5 19
6 16
7 17
8 20
9 14
10 13
11 20
12 17
13 18
14 16
15 10
16 14

1 19
2 12
3 14
4 17
5 12
6 19
7 16
8 19
9 12
10 20
11 16
12 19
13 19
14 15
15 12
16 12

1 20
2 14
3 20
4 20
5 10
6 20
7 20
8 16
9 13
10 17
11 13
12 16
13 10
14 15
15 18
16 13

1 18
2 12
3 17
4 15
5 16
6 14
7 16
8 20
9 11
10 13
11 18
12 11
13 11
14 20
15 18
16 18

1 10
2 17
3 11
4 15
5 19
6 16
7 17
8 20
9 14
10 13
11 20
12 17
13 18
14 16
15 10
16 14

1 19
2 12
3 14
4 17
5 12
6 19
7 16
8 19
9 12
10 20
11 16
12 19
13 19
14 15
15 12
16 12

1 20
2 14
3 20
4 20
5 10
6 20
7 20
8 16
9 13
10 17
11 13
12 16
13 10
14 15
15 18
16 13

1 18
2 12
3 17
4 15
5 16
6 14
7 16
8 20
9 11
10 13
11 18
12 11
13 11
14 20
15 18
16 18

1 10
2 17
3 11
4 15
5 19
6 16
7 17
8 20
9 14
10 13
11 20
12 17
13 18
14 16
15 10
16 14

1 19
2 12
3 14
4 17
5 12
6 19
7 16
8 19
9 12
10 20
11 16
12 19
13 19
14 15
15 12
16 12

1 20
2 14
3 20
4 20
5 10
6 20
7 20
8 16
9 13
10 17
11 13
12 16
13 10
14 15
15 18
16 13

1 18
2 12
3 17
4 15
5 16
6 14
7 16
8 20
9 11
10 13
11 18
12 11
13 11
14 20
15 18
16 18

1 10
2 17
3 11
4 15
5 19
6 16
7 17
8 20
9 14
10 13
11 20
12 17
13 18
14 16
15 10
16 14

1 19
2 12
3 14
4 17
5 12
6 19
7 16
8 19
9 12
10 20
11 16
12 19
13 19
14 15
15 12
16 12

1 20
2 14
3 20
4 20
5 10
6 20
7 20
8 16
9 13
10 17
11 13
12 16
13 10
14 15
15 18
16 13

1 18
2 12
3 17
4 15
5 16
6 14
7 16
8 20
9 11
10 13
11 18
12 11
13 11
14 20
15 18
16 18

1 10
2 17
3 11
4 15
5 19
6 16
7 17
8 20
9 14
10 13
11 20
12 17
13 18
14 16
15 10
16 14

1 19
2 12
3 14
4 17
5 12
6 19
7 16
8 19
9 12
10 20
11 16
12 19
13 19
14 15
15 12
16 12

1 20
2 14
3 20
4 20
5 10
6 20
7 20
8 16
9 13
10 17
11 13
12 16
13 10
14 15
15 18
16 13

1 18
2 12
3 17
4 15
5 16
6 14
7 16
8 20
9 11
10 13
11 18
12 11
13 11
14 20
15 18
16 18

1 10
2 17
3 11
4 15
5 19
6 16
7 17
8 20
9 14
10 13
11 20
12 17
13 18
14 16
15 10
16 14

1 19
2 12
3 14
4 17
5 12
6 19
7 16
8 19
9 12
10 20
11 16
12 19
13 19
14 15
15 12
16 12