1 0
2 0
3 0
4 0
5 0
6 0
7 0
8 0
9 0
10 0
11 0
12 0
13 0
14 0
15 0
16 0

1 20
2 11
3 17
4 14
5 14
6 19
7 17
8 18
9 12
10 18
11 13
12 10
13 13
14 14
15 19
16 15

1 15
2 18
3 10
4 19
5 13
6 13
7 18
8 20
9 10
10 17
11 15
12 19
13 20
14 19
15 14
16 14

1 20
2 11
3 17
4 14
5 14
6 19
7 17
8 18
9 12
10 18
11 13
12 10
13 13
14 14
15 19
16 15

1 15
2 18
3 10
4 19
5 13
6 13
7 18
8 20
9 10
10 17
11 15
12 19
13 20
14 19
15 14
16 14

1 20
2 11
3 17
4 14
5 14
6 19
7 17
8 18
9 12
10 18
11 13
12 10
13 13
14 14
15 19
16 15

1 15
2 18
3 10
4 19
5 13
6 13
7 18
8 20
9 10
10 17
11 15
12 19
13 20
14 19
15 14
16 14

1 20
2 11
3 17
4 14
5 14
6 19
7 17
8 18
9 12
10 18
11 13
12 10
13 13
14 14
15 19
16 15

1 15
2 18
3 10
4 19
5 13
6 13
7 18
8 20
9 10
10 17
11 15
12 19
13 20
14 19
15 14
16 14

1 20
2 11
3 17
4 14
5 14
6 19
7 17
8 18
9 12
10 18
11 13
12 10
13 13
14 14
15 19
16 15

1 15
2 18
3 10
4 19
5 13
6 13
7 18
8 20
9 10
10 17
11 15
12 19
13 20
14 19
15 14
16 14

1 20
2 11
3 17
4 14
5 14
6 19
7 17
8 18
9 12
10 18
11 13
12 10
13 13
14 14
15 19
16 15

1 15
2 18
3 10
4 19
5 13
6 13
7 18
8 20
9 10
10 17
11 15
12 19
13 20
14 19
15 14
16 14

1 20
2 11
3 17
4 14
5 14
6 19
7 17
8 18
9 12
10 18
11 13
12 10
13 13
14 14
15 19
16 15

1 15
2 18
3 10
4 19
5 13
6 13
7 18
8 20
9 10
10 17
11 15
12 19
13 20
14 19
15 14
16 14

1 20
2 11
3 17
4 14
5 14
6 19
7 17
8 18
9 12
10 18
11 13
12 10
13 13
14 14
15 19
16 15

1 15
2 18
3 10
4 19
5 13
6 13
7 18
8 20
9 10
10 17
11 15
12 19
13 20
14 19
15 14
16 14

1 20
2 11
3 17
4 14
5 14
6 19
7 17
8 18
9 12
10 18
11 13
12 10
13 13
14 14
15 19
16 15

1 15
2 18
3 10
4 19
5 13
6 13
7 18
8 20
9 10
10 17
11 15
12 19
13 20
14 19
15 14
16 14

1 20
2 11
3 17
4 14
5 14
6 19
7 17
8 18
9 12
10 18
11 13
12 10
13 13
14 14
15 19
16 15

1 15
2 18
3 10
4 19
5 13
6 13
7 18
8 20
9 10
10 17
11 15
12 19
13 20
14 19
15 14
16 14