1 0
2 0
3 0
4 0
5 0
6 0
7 0
8 0
9 0
10 0
11 0
12 0
13 0
14 0
15 0
16 0

1 9
2 8
3 3
4 3
5 5
6 4
7 9
8 2
9 9
10 2
11 7
12 2
13 2
14 5
15 3
16 9

1 0
2 0
3 6
4 5
5 1
6 0
7 9
8 7
9 8
10 5
11 2
12 4
13 6
14 1
15 8
16 7

1 7
2 1
3 1
4 2
5 7
6 8
7 9
8 4
9 3
10 6
11 8
12 8
13 6
14 4
15 7
16 3

1 1
2 1
3 4
4 7
5 5
6 3
7 8
8 9
9 8
10 0
11 6
12 4
13 6
14 9
15 7
16 1

1 9
2 8
3 3
4 3
5 5
6 4
7 9
8 2
9 9
10 2
11 7
12 2
13 2
14 5
15 3
16 9

1 0
2 0
3 6
4 5
5 1
6 0
7 9
8 7
9 8
10 5
11 2
12 4
13 6
14 1
15 8
16 7

1 7
2 1
3 1
4 2
5 7
6 8
7 9
8 4
9 3
10 6
11 8
12 8
13 6
14 4
15 7
16 3

1 1
2 1
3 4
4 7
5 5
6 3
7 8
8 9
9 8
10 0
11 6
12 4
13 6
14 9
15 7
16 1

1 9
2 8
3 3
4 3
5 5
6 4
7 9
8 2
9 9
10 2
11 7
12 2
13 2
14 5
15 3
16 9

1 0
2 0
3 6
4 5
5 1
6 0
7 9
8 7
9 8
10 5
11 2
12 4
13 6
14 1
15 8
16 7

1 7
2 1
3 1
4 2
5 7
6 8
7 9
8 4
9 3
10 6
11 8
12 8
13 6
14 4
15 7
16 3

1 1
2 1
3 4
4 7
5 5
6 3
7 8
8 9
9 8
10 0
11 6
12 4
13 6
14 9
15 7
16 1

1 9
2 8
3 3
4 3
5 5
6 4
7 9
8 2
9 9
10 2
11 7
12 2
13 2
14 5
15 3
16 9

1 0
2 0
3 6
4 5
5 1
6 0
7 9
8 7
9 8
10 5
11 2
12 4
13 6
14 1
15 8
16 7

1 7
2 1
3 1
4 2
5 7
6 8
7 9
8 4
9 3
10 6
11 8
12 8
13 6
14 4
15 7
16 3

1 1
2 1
3 4
4 7
5 5
6 3
7 8
8 9
9 8
10 0
11 6
12 4
13 6
14 9
15 7
16 1

1 9
2 8
3 3
4 3
5 5
6 4
7 9
8 2
9 9
10 2
11 7
12 2
13 2
14 5
15 3
16 9

1 0
2 0
3 6
4 5
5 1
6 0
7 9
8 7
9 8
10 5
11 2
12 4
13 6
14 1
15 8
16 7

1 7
2 1
3 1
4 2
5 7
6 8
7 9
8 4
9 3
10 6
11 8
12 8
13 6
14 4
15 7
16 3

1 1
2 1
3 4
4 7
5 5
6 3
7 8
8 9
9 8
10 0
11 6
12 4
13 6
14 9
15 7
16 1

1 9
2 8
3 3
4 3
5 5
6 4
7 9
8 2
9 9
10 2
11 7
12 2
13 2
14 5
15 3
16 9

1 0
2 0
3 6
4 5
5 1
6 0
7 9
8 7
9 8
10 5
11 2
12 4
13 6
14 1
15 8
16 7

1 7
2 1
3 1
4 2
5 7
6 8
7 9
8 4
9 3
10 6
11 8
12 8
13 6
14 4
15 7
16 3

1 1
2 1
3 4
4 7
5 5
6 3
7 8
8 9
9 8
10 0
11 6
12 4
13 6
14 9
15 7
16 1

1 9
2 8
3 3
4 3
5 5
6 4
7 9
8 2
9 9
10 2
11 7
12 2
13 2
14 5
15 3
16 9

1 0
2 0
3 6
4 5
5 1
6 0
7 9
8 7
9 8
10 5
11 2
12 4
13 6
14 1
15 8
16 7

1 7
2 1
3 1
4 2
5 7
6 8
7 9
8 4
9 3
10 6
11 8
12 8
13 6
14 4
15 7
16 3

1 1
2 1
3 4
4 7
5 5
6 3
7 8
8 9
9 8
10 0
11 6
12 4
13 6
14 9
15 7
16 1

1 9
2 8
3 3
4 3
5 5
6 4
7 9
8 2
9 9
10 2
11 7
12 2
13 2
14 5
15 3
16 9

1 0
2 0
3 6
4 5
5 1
6 0
7 9
8 7
9 8
10 5
11 2
12 4
13 6
14 1
15 8
16 7

1 7
2 1
3 1
4 2
5 7
6 8
7 9
8 4
9 3
10 6
11 8
12 8
13 6
14 4
15 7
16 3

1 1
2 1
3 4
4 7
5 5
6 3
7 8
8 9
9 8
10 0
11 6
12 4
13 6
14 9
15 7
16 1

1 9
2 8
3 3
4 3
5 5
6 4
7 9
8 2
9 9
10 2
11 7
12 2
13 2
14 5
15 3
16 9

1 0
2 0
3 6
4 5
5 1
6 0
7 9
8 7
9 8
10 5
11 2
12 4
13 6
14 1
15 8
16 7

1 7
2 1
3 1
4 2
5 7
6 8
7 9
8 4
9 3
10 6
11 8
12 8
13 6
14 4
15 7
16 3

1 1
2 1
3 4
4 7
5 5
6 3
7 8
8 9
9 8
10 0
11 6
12 4
13 6
14 9
15 7
16 1

1 9
2 8
3 3
4 3
5 5
6 4
7 9
8 2
9 9
10 2
11 7
12 2
13 2
14 5
15 3
16 9

1 0
2 0
3 6
4 5
5 1
6 0
7 9
8 7
9 8
10 5
11 2
12 4
13 6
14 1
15 8
16 7

1 7
2 1
3 1
4 2
5 7
6 8
7 9
8 4
9 3
10 6
11 8
12 8
13 6
14 4
15 7
16 3

1 1
2 1
3 4
4 7
5 5
6 3
7 8
8 9
9 8
10 0
11 6
12 4
13 6
14 9
15 7
16 1

1 9
2 8
3 3
4 3
5 5
6 4
7 9
8 2
9 9
10 2
11 7
12 2
13 2
14 5
15 3
16 9

1 0
2 0
3 6
4 5
5 1
6 0
7 9
8 7
9 8
10 5
11 2
12 4
13 6
14 1
15 8
16 7

1 7
2 1
3 1
4 2
5 7
6 8
7 9
8 4
9 3
10 6
11 8
12 8
13 6
14 4
15 7
16 3

1 1
2 1
3 4
4 7
5 5
6 3
7 8
8 9
9 8
10 0
11 6
12 4
13 6
14 9
15 7
16 1

1 9
2 8
3 3
4 3
5 5
6 4
7 9
8 2
9 9
10 2
11 7
12 2
13 2
14 5
15 3
16 9

1 0
2 0
3 6
4 5
5 1
6 0
7 9
8 7
9 8
10 5
11 2
12 4
13 6
14 1
15 8
16 7

1 7
2 1
3 1
4 2
5 7
6 8
7 9
8 4
9 3
10 6
11 8
12 8
13 6
14 4
15 7
16 3

1 1
2 1
3 4
4 7
5 5
6 3
7 8
8 9
9 8
10 0
11 6
12 4
13 6
14 9
15 7
16 1

1 9
2 8
3 3
4 3
5 5
6 4
7 9
8 2
9 9
10 2
11 7
12 2
13 2
14 5
15 3
16 9

1 0
2 0
3 6
4 5
5 1
6 0
7 9
8 7
9 8
10 5
11 2
12 4
13 6
14 1
15 8
16 7

1 7
2 1
3 1
4 2
5 7
6 8
7 9
8 4
9 3
10 6
11 8
12 8
13 6
14 4
15 7
16 3

1 1
2 1
3 4
4 7
5 5
6 3
7 8
8 9
9 8
10 0
11 6
12 4
13 6
14 9
15 7
16 1

1 9
2 8
3 3
4 3
5 5
6 4
7 9
8 2
9 9
10 2
11 7
12 2
13 2
14 5
15 3
16 9

1 0
2 0
3 6
4 5
5 1
6 0
7 9
8 7
9 8
10 5
11 2
12 4
13 6
14 1
15 8
16 7

1 7
2 1
3 1
4 2
5 7
6 8
7 9
8 4
9 3
10 6
11 8
12 8
13 6
14 4
15 7
16 3

1 1
2 1
3 4
4 7
5 5
6 3
7 8
8 9
9 8
10 0
11 6
12 4
13 6
14 9
15 7
16 1

1 9
2 8
3 3
4 3
5 5
6 4
7 9
8 2
9 9
10 2
11 7
12 2
13 2
14 5
15 3
16 9

1 0
2 0
3 6
4 5
5 1
6 0
7 9
8 7
9 8
10 5
11 2
12 4
13 6
14 1
15 8
16 7

1 7
2 1
3 1
4 2
5 7
6 8
7 9
8 4
9 3
10 6
11 8
12 8
13 6
14 4
15 7
16 3

1 1
2 1
3 4
4 7
5 5
6 3
7 8
8 9
9 8
10 0
11 6
12 4
13 6
14 9
15 7
16 1