1 0
2 0
3 0
4 0

1 2
2 2
3 0
4 4

1 2
2 1
3 5
4 1

1 2
2 2
3 0
4 4

1 2
2 1
3 5
4 1

1 2
2 2
3 0
4 4

1 2
2 1
3 5
4 1

1 2
2 2
3 0
4 4

1 2
2 1
3 5
4 1

1 2
2 2
3 0
4 4

1 2
2 1
3 5
4 1

1 2
2 2
3 0
4 4

1 2
2 1
3 5
4 1

1 2
2 2
3 0
4 4

1 2
2 1
3 5
4 1

1 2
2 2
3 0
4 4

1 2
2 1
3 5
4 1

1 2
2 2
3 0
4 4

1 2
2 1
3 5
4 1

1 2
2 2
3 0
4 4

1 2
2 1
3 5
4 1

1 2
2 2
3 0
4 4

1 2
2 1
3 5
4 1

1 2
2 2
3 0
4 4

1 2
2 1
3 5
4 1

1 2
2 2
3 0
4 4

1 2
2 1
3 5
4 1

1 2
2 2
3 0
4 4

1 2
2 1
3 5
4 1

1 2
2 2
3 0
4 4

1 2
2 1
3 5
4 1