1 0
2 0
3 0
4 0

1 17
2 11
3 14
4 14

1 12
2 11
3 12
4 14

1 20
2 15
3 12
4 18

1 20
2 12
3 18
4 18

1 17
2 11
3 14
4 14

1 12
2 11
3 12
4 14

1 20
2 15
3 12
4 18

1 20
2 12
3 18
4 18

1 17
2 11
3 14
4 14

1 12
2 11
3 12
4 14

1 20
2 15
3 12
4 18

1 20
2 12
3 18
4 18

1 17
2 11
3 14
4 14

1 12
2 11
3 12
4 14

1 20
2 15
3 12
4 18

1 20
2 12
3 18
4 18

1 17
2 11
3 14
4 14

1 12
2 11
3 12
4 14

1 20
2 15
3 12
4 18

1 20
2 12
3 18
4 18

1 17
2 11
3 14
4 14

1 12
2 11
3 12
4 14

1 20
2 15
3 12
4 18

1 20
2 12
3 18
4 18

1 17
2 11
3 14
4 14

1 12
2 11
3 12
4 14

1 20
2 15
3 12
4 18

1 20
2 12
3 18
4 18

1 17
2 11
3 14
4 14

1 12
2 11
3 12
4 14

1 20
2 15
3 12
4 18

1 20
2 12
3 18
4 18

1 17
2 11
3 14
4 14

1 12
2 11
3 12
4 14

1 20
2 15
3 12
4 18

1 20
2 12
3 18
4 18

1 17
2 11
3 14
4 14

1 12
2 11
3 12
4 14

1 20
2 15
3 12
4 18

1 20
2 12
3 18
4 18