1 0
2 0
3 0
4 0
5 0
6 0
7 0
8 0
9 0
10 0
11 0
12 0
13 0
14 0
15 0
16 0

1 9
2 4
3 1
4 0
5 8
6 9
7 1
8 3
9 7
10 3
11 1
12 0
13 9
14 2
15 9
16 5

1 8
2 0
3 4
4 9
5 9
6 4
7 7
8 3
9 6
10 5
11 3
12 2
13 1
14 1
15 3
16 9

1 6
2 7
3 0
4 6
5 8
6 8
7 9
8 6
9 1
10 2
11 5
12 8
13 2
14 6
15 3
16 9

1 3
2 7
3 7
4 9
5 3
6 7
7 2
8 3
9 4
10 5
11 1
12 3
13 0
14 5
15 8
16 5

1 8
2 6
3 2
4 0
5 9
6 1
7 4
8 0
9 8
10 4
11 3
12 3
13 9
14 6
15 4
16 5

1 4
2 6
3 5
4 1
5 7
6 7
7 6
8 8
9 3
10 3
11 6
12 6
13 6
14 5
15 3
16 8

1 9
2 4
3 1
4 0
5 8
6 9
7 1
8 3
9 7
10 3
11 1
12 0
13 9
14 2
15 9
16 5

1 8
2 0
3 4
4 9
5 9
6 4
7 7
8 3
9 6
10 5
11 3
12 2
13 1
14 1
15 3
16 9

1 6
2 7
3 0
4 6
5 8
6 8
7 9
8 6
9 1
10 2
11 5
12 8
13 2
14 6
15 3
16 9

1 3
2 7
3 7
4 9
5 3
6 7
7 2
8 3
9 4
10 5
11 1
12 3
13 0
14 5
15 8
16 5

1 8
2 6
3 2
4 0
5 9
6 1
7 4
8 0
9 8
10 4
11 3
12 3
13 9
14 6
15 4
16 5

1 4
2 6
3 5
4 1
5 7
6 7
7 6
8 8
9 3
10 3
11 6
12 6
13 6
14 5
15 3
16 8

1 9
2 4
3 1
4 0
5 8
6 9
7 1
8 3
9 7
10 3
11 1
12 0
13 9
14 2
15 9
16 5

1 8
2 0
3 4
4 9
5 9
6 4
7 7
8 3
9 6
10 5
11 3
12 2
13 1
14 1
15 3
16 9

1 6
2 7
3 0
4 6
5 8
6 8
7 9
8 6
9 1
10 2
11 5
12 8
13 2
14 6
15 3
16 9

1 3
2 7
3 7
4 9
5 3
6 7
7 2
8 3
9 4
10 5
11 1
12 3
13 0
14 5
15 8
16 5

1 8
2 6
3 2
4 0
5 9
6 1
7 4
8 0
9 8
10 4
11 3
12 3
13 9
14 6
15 4
16 5

1 4
2 6
3 5
4 1
5 7
6 7
7 6
8 8
9 3
10 3
11 6
12 6
13 6
14 5
15 3
16 8

1 9
2 4
3 1
4 0
5 8
6 9
7 1
8 3
9 7
10 3
11 1
12 0
13 9
14 2
15 9
16 5

1 8
2 0
3 4
4 9
5 9
6 4
7 7
8 3
9 6
10 5
11 3
12 2
13 1
14 1
15 3
16 9

1 6
2 7
3 0
4 6
5 8
6 8
7 9
8 6
9 1
10 2
11 5
12 8
13 2
14 6
15 3
16 9

1 3
2 7
3 7
4 9
5 3
6 7
7 2
8 3
9 4
10 5
11 1
12 3
13 0
14 5
15 8
16 5

1 8
2 6
3 2
4 0
5 9
6 1
7 4
8 0
9 8
10 4
11 3
12 3
13 9
14 6
15 4
16 5

1 4
2 6
3 5
4 1
5 7
6 7
7 6
8 8
9 3
10 3
11 6
12 6
13 6
14 5
15 3
16 8

1 9
2 4
3 1
4 0
5 8
6 9
7 1
8 3
9 7
10 3
11 1
12 0
13 9
14 2
15 9
16 5

1 8
2 0
3 4
4 9
5 9
6 4
7 7
8 3
9 6
10 5
11 3
12 2
13 1
14 1
15 3
16 9

1 6
2 7
3 0
4 6
5 8
6 8
7 9
8 6
9 1
10 2
11 5
12 8
13 2
14 6
15 3
16 9

1 3
2 7
3 7
4 9
5 3
6 7
7 2
8 3
9 4
10 5
11 1
12 3
13 0
14 5
15 8
16 5

1 8
2 6
3 2
4 0
5 9
6 1
7 4
8 0
9 8
10 4
11 3
12 3
13 9
14 6
15 4
16 5

1 4
2 6
3 5
4 1
5 7
6 7
7 6
8 8
9 3
10 3
11 6
12 6
13 6
14 5
15 3
16 8

1 9
2 4
3 1
4 0
5 8
6 9
7 1
8 3
9 7
10 3
11 1
12 0
13 9
14 2
15 9
16 5

1 8
2 0
3 4
4 9
5 9
6 4
7 7
8 3
9 6
10 5
11 3
12 2
13 1
14 1
15 3
16 9

1 6
2 7
3 0
4 6
5 8
6 8
7 9
8 6
9 1
10 2
11 5
12 8
13 2
14 6
15 3
16 9

1 3
2 7
3 7
4 9
5 3
6 7
7 2
8 3
9 4
10 5
11 1
12 3
13 0
14 5
15 8
16 5

1 8
2 6
3 2
4 0
5 9
6 1
7 4
8 0
9 8
10 4
11 3
12 3
13 9
14 6
15 4
16 5

1 4
2 6
3 5
4 1
5 7
6 7
7 6
8 8
9 3
10 3
11 6
12 6
13 6
14 5
15 3
16 8

1 9
2 4
3 1
4 0
5 8
6 9
7 1
8 3
9 7
10 3
11 1
12 0
13 9
14 2
15 9
16 5

1 8
2 0
3 4
4 9
5 9
6 4
7 7
8 3
9 6
10 5
11 3
12 2
13 1
14 1
15 3
16 9

1 6
2 7
3 0
4 6
5 8
6 8
7 9
8 6
9 1
10 2
11 5
12 8
13 2
14 6
15 3
16 9

1 3
2 7
3 7
4 9
5 3
6 7
7 2
8 3
9 4
10 5
11 1
12 3
13 0
14 5
15 8
16 5

1 8
2 6
3 2
4 0
5 9
6 1
7 4
8 0
9 8
10 4
11 3
12 3
13 9
14 6
15 4
16 5

1 4
2 6
3 5
4 1
5 7
6 7
7 6
8 8
9 3
10 3
11 6
12 6
13 6
14 5
15 3
16 8

1 9
2 4
3 1
4 0
5 8
6 9
7 1
8 3
9 7
10 3
11 1
12 0
13 9
14 2
15 9
16 5

1 8
2 0
3 4
4 9
5 9
6 4
7 7
8 3
9 6
10 5
11 3
12 2
13 1
14 1
15 3
16 9

1 6
2 7
3 0
4 6
5 8
6 8
7 9
8 6
9 1
10 2
11 5
12 8
13 2
14 6
15 3
16 9

1 3
2 7
3 7
4 9
5 3
6 7
7 2
8 3
9 4
10 5
11 1
12 3
13 0
14 5
15 8
16 5

1 8
2 6
3 2
4 0
5 9
6 1
7 4
8 0
9 8
10 4
11 3
12 3
13 9
14 6
15 4
16 5

1 4
2 6
3 5
4 1
5 7
6 7
7 6
8 8
9 3
10 3
11 6
12 6
13 6
14 5
15 3
16 8

1 9
2 4
3 1
4 0
5 8
6 9
7 1
8 3
9 7
10 3
11 1
12 0
13 9
14 2
15 9
16 5

1 8
2 0
3 4
4 9
5 9
6 4
7 7
8 3
9 6
10 5
11 3
12 2
13 1
14 1
15 3
16 9

1 6
2 7
3 0
4 6
5 8
6 8
7 9
8 6
9 1
10 2
11 5
12 8
13 2
14 6
15 3
16 9

1 3
2 7
3 7
4 9
5 3
6 7
7 2
8 3
9 4
10 5
11 1
12 3
13 0
14 5
15 8
16 5

1 8
2 6
3 2
4 0
5 9
6 1
7 4
8 0
9 8
10 4
11 3
12 3
13 9
14 6
15 4
16 5

1 4
2 6
3 5
4 1
5 7
6 7
7 6
8 8
9 3
10 3
11 6
12 6
13 6
14 5
15 3
16 8

1 9
2 4
3 1
4 0
5 8
6 9
7 1
8 3
9 7
10 3
11 1
12 0
13 9
14 2
15 9
16 5

1 8
2 0
3 4
4 9
5 9
6 4
7 7
8 3
9 6
10 5
11 3
12 2
13 1
14 1
15 3
16 9

1 6
2 7
3 0
4 6
5 8
6 8
7 9
8 6
9 1
10 2
11 5
12 8
13 2
14 6
15 3
16 9

1 3
2 7
3 7
4 9
5 3
6 7
7 2
8 3
9 4
10 5
11 1
12 3
13 0
14 5
15 8
16 5

1 8
2 6
3 2
4 0
5 9
6 1
7 4
8 0
9 8
10 4
11 3
12 3
13 9
14 6
15 4
16 5

1 4
2 6
3 5
4 1
5 7
6 7
7 6
8 8
9 3
10 3
11 6
12 6
13 6
14 5
15 3
16 8

1 9
2 4
3 1
4 0
5 8
6 9
7 1
8 3
9 7
10 3
11 1
12 0
13 9
14 2
15 9
16 5

1 8
2 0
3 4
4 9
5 9
6 4
7 7
8 3
9 6
10 5
11 3
12 2
13 1
14 1
15 3
16 9

1 6
2 7
3 0
4 6
5 8
6 8
7 9
8 6
9 1
10 2
11 5
12 8
13 2
14 6
15 3
16 9

1 3
2 7
3 7
4 9
5 3
6 7
7 2
8 3
9 4
10 5
11 1
12 3
13 0
14 5
15 8
16 5

1 8
2 6
3 2
4 0
5 9
6 1
7 4
8 0
9 8
10 4
11 3
12 3
13 9
14 6
15 4
16 5

1 4
2 6
3 5
4 1
5 7
6 7
7 6
8 8
9 3
10 3
11 6
12 6
13 6
14 5
15 3
16 8

1 9
2 4
3 1
4 0
5 8
6 9
7 1
8 3
9 7
10 3
11 1
12 0
13 9
14 2
15 9
16 5

1 8
2 0
3 4
4 9
5 9
6 4
7 7
8 3
9 6
10 5
11 3
12 2
13 1
14 1
15 3
16 9

1 6
2 7
3 0
4 6
5 8
6 8
7 9
8 6
9 1
10 2
11 5
12 8
13 2
14 6
15 3
16 9

1 3
2 7
3 7
4 9
5 3
6 7
7 2
8 3
9 4
10 5
11 1
12 3
13 0
14 5
15 8
16 5

1 8
2 6
3 2
4 0
5 9
6 1
7 4
8 0
9 8
10 4
11 3
12 3
13 9
14 6
15 4
16 5

1 4
2 6
3 5
4 1
5 7
6 7
7 6
8 8
9 3
10 3
11 6
12 6
13 6
14 5
15 3
16 8

1 9
2 4
3 1
4 0
5 8
6 9
7 1
8 3
9 7
10 3
11 1
12 0
13 9
14 2
15 9
16 5

1 8
2 0
3 4
4 9
5 9
6 4
7 7
8 3
9 6
10 5
11 3
12 2
13 1
14 1
15 3
16 9

1 6
2 7
3 0
4 6
5 8
6 8
7 9
8 6
9 1
10 2
11 5
12 8
13 2
14 6
15 3
16 9

1 3
2 7
3 7
4 9
5 3
6 7
7 2
8 3
9 4
10 5
11 1
12 3
13 0
14 5
15 8
16 5

1 8
2 6
3 2
4 0
5 9
6 1
7 4
8 0
9 8
10 4
11 3
12 3
13 9
14 6
15 4
16 5

1 4
2 6
3 5
4 1
5 7
6 7
7 6
8 8
9 3
10 3
11 6
12 6
13 6
14 5
15 3
16 8

1 9
2 4
3 1
4 0
5 8
6 9
7 1
8 3
9 7
10 3
11 1
12 0
13 9
14 2
15 9
16 5

1 8
2 0
3 4
4 9
5 9
6 4
7 7
8 3
9 6
10 5
11 3
12 2
13 1
14 1
15 3
16 9

1 6
2 7
3 0
4 6
5 8
6 8
7 9
8 6
9 1
10 2
11 5
12 8
13 2
14 6
15 3
16 9

1 3
2 7
3 7
4 9
5 3
6 7
7 2
8 3
9 4
10 5
11 1
12 3
13 0
14 5
15 8
16 5

1 8
2 6
3 2
4 0
5 9
6 1
7 4
8 0
9 8
10 4
11 3
12 3
13 9
14 6
15 4
16 5

1 4
2 6
3 5
4 1
5 7
6 7
7 6
8 8
9 3
10 3
11 6
12 6
13 6
14 5
15 3
16 8

1 9
2 4
3 1
4 0
5 8
6 9
7 1
8 3
9 7
10 3
11 1
12 0
13 9
14 2
15 9
16 5

1 8
2 0
3 4
4 9
5 9
6 4
7 7
8 3
9 6
10 5
11 3
12 2
13 1
14 1
15 3
16 9

1 6
2 7
3 0
4 6
5 8
6 8
7 9
8 6
9 1
10 2
11 5
12 8
13 2
14 6
15 3
16 9

1 3
2 7
3 7
4 9
5 3
6 7
7 2
8 3
9 4
10 5
11 1
12 3
13 0
14 5
15 8
16 5

1 8
2 6
3 2
4 0
5 9
6 1
7 4
8 0
9 8
10 4
11 3
12 3
13 9
14 6
15 4
16 5

1 4
2 6
3 5
4 1
5 7
6 7
7 6
8 8
9 3
10 3
11 6
12 6
13 6
14 5
15 3
16 8