1 0
2 0
3 0
4 0

1 1
2 8
3 4
4 2

1 9
2 9
3 6
4 2

1 9
2 6
3 2
4 5

1 0
2 5
3 0
4 7

1 1
2 8
3 4
4 2

1 9
2 9
3 6
4 2

1 9
2 6
3 2
4 5

1 0
2 5
3 0
4 7

1 1
2 8
3 4
4 2

1 9
2 9
3 6
4 2

1 9
2 6
3 2
4 5

1 0
2 5
3 0
4 7

1 1
2 8
3 4
4 2

1 9
2 9
3 6
4 2

1 9
2 6
3 2
4 5

1 0
2 5
3 0
4 7

1 1
2 8
3 4
4 2

1 9
2 9
3 6
4 2

1 9
2 6
3 2
4 5

1 0
2 5
3 0
4 7

1 1
2 8
3 4
4 2

1 9
2 9
3 6
4 2

1 9
2 6
3 2
4 5

1 0
2 5
3 0
4 7

1 1
2 8
3 4
4 2

1 9
2 9
3 6
4 2

1 9
2 6
3 2
4 5

1 0
2 5
3 0
4 7

1 1
2 8
3 4
4 2

1 9
2 9
3 6
4 2

1 9
2 6
3 2
4 5

1 0
2 5
3 0
4 7

1 1
2 8
3 4
4 2

1 9
2 9
3 6
4 2

1 9
2 6
3 2
4 5

1 0
2 5
3 0
4 7

1 1
2 8
3 4
4 2

1 9
2 9
3 6
4 2

1 9
2 6
3 2
4 5

1 0
2 5
3 0
4 7

1 1
2 8
3 4
4 2

1 9
2 9
3 6
4 2

1 9
2 6
3 2
4 5

1 0
2 5
3 0
4 7

1 1
2 8
3 4
4 2

1 9
2 9
3 6
4 2

1 9
2 6
3 2
4 5

1 0
2 5
3 0
4 7

1 1
2 8
3 4
4 2

1 9
2 9
3 6
4 2

1 9
2 6
3 2
4 5

1 0
2 5
3 0
4 7

1 1
2 8
3 4
4 2

1 9
2 9
3 6
4 2

1 9
2 6
3 2
4 5

1 0
2 5
3 0
4 7

1 1
2 8
3 4
4 2

1 9
2 9
3 6
4 2

1 9
2 6
3 2
4 5

1 0
2 5
3 0
4 7