1 0
2 0
3 0
4 0
5 0
6 0
7 0
8 0
9 0
10 0
11 0
12 0
13 0
14 0
15 0
16 0

1 20
2 20
3 16
4 11
5 17
6 11
7 19
8 10
9 12
10 10
11 12
12 12
13 16
14 17
15 12
16 12

1 17
2 20
3 17
4 11
5 18
6 11
7 18
8 20
9 16
10 19
11 17
12 13
13 13
14 17
15 20
16 15

1 20
2 20
3 16
4 11
5 17
6 11
7 19
8 10
9 12
10 10
11 12
12 12
13 16
14 17
15 12
16 12

1 17
2 20
3 17
4 11
5 18
6 11
7 18
8 20
9 16
10 19
11 17
12 13
13 13
14 17
15 20
16 15

1 20
2 20
3 16
4 11
5 17
6 11
7 19
8 10
9 12
10 10
11 12
12 12
13 16
14 17
15 12
16 12

1 17
2 20
3 17
4 11
5 18
6 11
7 18
8 20
9 16
10 19
11 17
12 13
13 13
14 17
15 20
16 15

1 20
2 20
3 16
4 11
5 17
6 11
7 19
8 10
9 12
10 10
11 12
12 12
13 16
14 17
15 12
16 12

1 17
2 20
3 17
4 11
5 18
6 11
7 18
8 20
9 16
10 19
11 17
12 13
13 13
14 17
15 20
16 15

1 20
2 20
3 16
4 11
5 17
6 11
7 19
8 10
9 12
10 10
11 12
12 12
13 16
14 17
15 12
16 12

1 17
2 20
3 17
4 11
5 18
6 11
7 18
8 20
9 16
10 19
11 17
12 13
13 13
14 17
15 20
16 15

1 20
2 20
3 16
4 11
5 17
6 11
7 19
8 10
9 12
10 10
11 12
12 12
13 16
14 17
15 12
16 12

1 17
2 20
3 17
4 11
5 18
6 11
7 18
8 20
9 16
10 19
11 17
12 13
13 13
14 17
15 20
16 15

1 20
2 20
3 16
4 11
5 17
6 11
7 19
8 10
9 12
10 10
11 12
12 12
13 16
14 17
15 12
16 12

1 17
2 20
3 17
4 11
5 18
6 11
7 18
8 20
9 16
10 19
11 17
12 13
13 13
14 17
15 20
16 15

1 20
2 20
3 16
4 11
5 17
6 11
7 19
8 10
9 12
10 10
11 12
12 12
13 16
14 17
15 12
16 12

1 17
2 20
3 17
4 11
5 18
6 11
7 18
8 20
9 16
10 19
11 17
12 13
13 13
14 17
15 20
16 15

1 20
2 20
3 16
4 11
5 17
6 11
7 19
8 10
9 12
10 10
11 12
12 12
13 16
14 17
15 12
16 12

1 17
2 20
3 17
4 11
5 18
6 11
7 18
8 20
9 16
10 19
11 17
12 13
13 13
14 17
15 20
16 15

1 20
2 20
3 16
4 11
5 17
6 11
7 19
8 10
9 12
10 10
11 12
12 12
13 16
14 17
15 12
16 12

1 17
2 20
3 17
4 11
5 18
6 11
7 18
8 20
9 16
10 19
11 17
12 13
13 13
14 17
15 20
16 15

1 20
2 20
3 16
4 11
5 17
6 11
7 19
8 10
9 12
10 10
11 12
12 12
13 16
14 17
15 12
16 12

1 17
2 20
3 17
4 11
5 18
6 11
7 18
8 20
9 16
10 19
11 17
12 13
13 13
14 17
15 20
16 15

1 20
2 20
3 16
4 11
5 17
6 11
7 19
8 10
9 12
10 10
11 12
12 12
13 16
14 17
15 12
16 12

1 17
2 20
3 17
4 11
5 18
6 11
7 18
8 20
9 16
10 19
11 17
12 13
13 13
14 17
15 20
16 15

1 20
2 20
3 16
4 11
5 17
6 11
7 19
8 10
9 12
10 10
11 12
12 12
13 16
14 17
15 12
16 12

1 17
2 20
3 17
4 11
5 18
6 11
7 18
8 20
9 16
10 19
11 17
12 13
13 13
14 17
15 20
16 15

1 20
2 20
3 16
4 11
5 17
6 11
7 19
8 10
9 12
10 10
11 12
12 12
13 16
14 17
15 12
16 12

1 17
2 20
3 17
4 11
5 18
6 11
7 18
8 20
9 16
10 19
11 17
12 13
13 13
14 17
15 20
16 15

1 20
2 20
3 16
4 11
5 17
6 11
7 19
8 10
9 12
10 10
11 12
12 12
13 16
14 17
15 12
16 12

1 17
2 20
3 17
4 11
5 18
6 11
7 18
8 20
9 16
10 19
11 17
12 13
13 13
14 17
15 20
16 15

1 20
2 20
3 16
4 11
5 17
6 11
7 19
8 10
9 12
10 10
11 12
12 12
13 16
14 17
15 12
16 12

1 17
2 20
3 17
4 11
5 18
6 11
7 18
8 20
9 16
10 19
11 17
12 13
13 13
14 17
15 20
16 15

1 20
2 20
3 16
4 11
5 17
6 11
7 19
8 10
9 12
10 10
11 12
12 12
13 16
14 17
15 12
16 12

1 17
2 20
3 17
4 11
5 18
6 11
7 18
8 20
9 16
10 19
11 17
12 13
13 13
14 17
15 20
16 15

1 20
2 20
3 16
4 11
5 17
6 11
7 19
8 10
9 12
10 10
11 12
12 12
13 16
14 17
15 12
16 12

1 17
2 20
3 17
4 11
5 18
6 11
7 18
8 20
9 16
10 19
11 17
12 13
13 13
14 17
15 20
16 15

1 20
2 20
3 16
4 11
5 17
6 11
7 19
8 10
9 12
10 10
11 12
12 12
13 16
14 17
15 12
16 12

1 17
2 20
3 17
4 11
5 18
6 11
7 18
8 20
9 16
10 19
11 17
12 13
13 13
14 17
15 20
16 15

1 20
2 20
3 16
4 11
5 17
6 11
7 19
8 10
9 12
10 10
11 12
12 12
13 16
14 17
15 12
16 12

1 17
2 20
3 17
4 11
5 18
6 11
7 18
8 20
9 16
10 19
11 17
12 13
13 13
14 17
15 20
16 15