1 0
2 0
3 0
4 0
5 0
6 0
7 0
8 0
9 0
10 0
11 0
12 0
13 0
14 0
15 0
16 0

1 2
2 9
3 6
4 2
5 9
6 5
7 0
8 5
9 8
10 4
11 4
12 5
13 0
14 0
15 4
16 7

1 4
2 2
3 6
4 2
5 5
6 5
7 7
8 8
9 8
10 4
11 2
12 5
13 7
14 3
15 8
16 3

1 2
2 9
3 6
4 2
5 9
6 5
7 0
8 5
9 8
10 4
11 4
12 5
13 0
14 0
15 4
16 7

1 4
2 2
3 6
4 2
5 5
6 5
7 7
8 8
9 8
10 4
11 2
12 5
13 7
14 3
15 8
16 3

1 2
2 9
3 6
4 2
5 9
6 5
7 0
8 5
9 8
10 4
11 4
12 5
13 0
14 0
15 4
16 7

1 4
2 2
3 6
4 2
5 5
6 5
7 7
8 8
9 8
10 4
11 2
12 5
13 7
14 3
15 8
16 3

1 2
2 9
3 6
4 2
5 9
6 5
7 0
8 5
9 8
10 4
11 4
12 5
13 0
14 0
15 4
16 7

1 4
2 2
3 6
4 2
5 5
6 5
7 7
8 8
9 8
10 4
11 2
12 5
13 7
14 3
15 8
16 3

1 2
2 9
3 6
4 2
5 9
6 5
7 0
8 5
9 8
10 4
11 4
12 5
13 0
14 0
15 4
16 7

1 4
2 2
3 6
4 2
5 5
6 5
7 7
8 8
9 8
10 4
11 2
12 5
13 7
14 3
15 8
16 3

1 2
2 9
3 6
4 2
5 9
6 5
7 0
8 5
9 8
10 4
11 4
12 5
13 0
14 0
15 4
16 7

1 4
2 2
3 6
4 2
5 5
6 5
7 7
8 8
9 8
10 4
11 2
12 5
13 7
14 3
15 8
16 3

1 2
2 9
3 6
4 2
5 9
6 5
7 0
8 5
9 8
10 4
11 4
12 5
13 0
14 0
15 4
16 7

1 4
2 2
3 6
4 2
5 5
6 5
7 7
8 8
9 8
10 4
11 2
12 5
13 7
14 3
15 8
16 3

1 2
2 9
3 6
4 2
5 9
6 5
7 0
8 5
9 8
10 4
11 4
12 5
13 0
14 0
15 4
16 7

1 4
2 2
3 6
4 2
5 5
6 5
7 7
8 8
9 8
10 4
11 2
12 5
13 7
14 3
15 8
16 3

1 2
2 9
3 6
4 2
5 9
6 5
7 0
8 5
9 8
10 4
11 4
12 5
13 0
14 0
15 4
16 7

1 4
2 2
3 6
4 2
5 5
6 5
7 7
8 8
9 8
10 4
11 2
12 5
13 7
14 3
15 8
16 3

1 2
2 9
3 6
4 2
5 9
6 5
7 0
8 5
9 8
10 4
11 4
12 5
13 0
14 0
15 4
16 7

1 4
2 2
3 6
4 2
5 5
6 5
7 7
8 8
9 8
10 4
11 2
12 5
13 7
14 3
15 8
16 3

1 2
2 9
3 6
4 2
5 9
6 5
7 0
8 5
9 8
10 4
11 4
12 5
13 0
14 0
15 4
16 7

1 4
2 2
3 6
4 2
5 5
6 5
7 7
8 8
9 8
10 4
11 2
12 5
13 7
14 3
15 8
16 3

1 2
2 9
3 6
4 2
5 9
6 5
7 0
8 5
9 8
10 4
11 4
12 5
13 0
14 0
15 4
16 7

1 4
2 2
3 6
4 2
5 5
6 5
7 7
8 8
9 8
10 4
11 2
12 5
13 7
14 3
15 8
16 3

1 2
2 9
3 6
4 2
5 9
6 5
7 0
8 5
9 8
10 4
11 4
12 5
13 0
14 0
15 4
16 7

1 4
2 2
3 6
4 2
5 5
6 5
7 7
8 8
9 8
10 4
11 2
12 5
13 7
14 3
15 8
16 3

1 2
2 9
3 6
4 2
5 9
6 5
7 0
8 5
9 8
10 4
11 4
12 5
13 0
14 0
15 4
16 7

1 4
2 2
3 6
4 2
5 5
6 5
7 7
8 8
9 8
10 4
11 2
12 5
13 7
14 3
15 8
16 3

1 2
2 9
3 6
4 2
5 9
6 5
7 0
8 5
9 8
10 4
11 4
12 5
13 0
14 0
15 4
16 7

1 4
2 2
3 6
4 2
5 5
6 5
7 7
8 8
9 8
10 4
11 2
12 5
13 7
14 3
15 8
16 3

1 2
2 9
3 6
4 2
5 9
6 5
7 0
8 5
9 8
10 4
11 4
12 5
13 0
14 0
15 4
16 7

1 4
2 2
3 6
4 2
5 5
6 5
7 7
8 8
9 8
10 4
11 2
12 5
13 7
14 3
15 8
16 3

1 2
2 9
3 6
4 2
5 9
6 5
7 0
8 5
9 8
10 4
11 4
12 5
13 0
14 0
15 4
16 7

1 4
2 2
3 6
4 2
5 5
6 5
7 7
8 8
9 8
10 4
11 2
12 5
13 7
14 3
15 8
16 3

1 2
2 9
3 6
4 2
5 9
6 5
7 0
8 5
9 8
10 4
11 4
12 5
13 0
14 0
15 4
16 7

1 4
2 2
3 6
4 2
5 5
6 5
7 7
8 8
9 8
10 4
11 2
12 5
13 7
14 3
15 8
16 3

1 2
2 9
3 6
4 2
5 9
6 5
7 0
8 5
9 8
10 4
11 4
12 5
13 0
14 0
15 4
16 7

1 4
2 2
3 6
4 2
5 5
6 5
7 7
8 8
9 8
10 4
11 2
12 5
13 7
14 3
15 8
16 3

1 2
2 9
3 6
4 2
5 9
6 5
7 0
8 5
9 8
10 4
11 4
12 5
13 0
14 0
15 4
16 7

1 4
2 2
3 6
4 2
5 5
6 5
7 7
8 8
9 8
10 4
11 2
12 5
13 7
14 3
15 8
16 3