1 0
2 0
3 0
4 0

1 0
2 9
3 6
4 9

1 3
2 1
3 9
4 7

1 3
2 2
3 0
4 7

1 9
2 8
3 1
4 4

1 0
2 9
3 6
4 9

1 3
2 1
3 9
4 7

1 3
2 2
3 0
4 7

1 9
2 8
3 1
4 4

1 0
2 9
3 6
4 9

1 3
2 1
3 9
4 7

1 3
2 2
3 0
4 7

1 9
2 8
3 1
4 4

1 0
2 9
3 6
4 9

1 3
2 1
3 9
4 7

1 3
2 2
3 0
4 7

1 9
2 8
3 1
4 4

1 0
2 9
3 6
4 9

1 3
2 1
3 9
4 7

1 3
2 2
3 0
4 7

1 9
2 8
3 1
4 4

1 0
2 9
3 6
4 9

1 3
2 1
3 9
4 7

1 3
2 2
3 0
4 7

1 9
2 8
3 1
4 4

1 0
2 9
3 6
4 9

1 3
2 1
3 9
4 7

1 3
2 2
3 0
4 7

1 9
2 8
3 1
4 4

1 0
2 9
3 6
4 9

1 3
2 1
3 9
4 7

1 3
2 2
3 0
4 7

1 9
2 8
3 1
4 4

1 0
2 9
3 6
4 9

1 3
2 1
3 9
4 7

1 3
2 2
3 0
4 7

1 9
2 8
3 1
4 4

1 0
2 9
3 6
4 9

1 3
2 1
3 9
4 7

1 3
2 2
3 0
4 7

1 9
2 8
3 1
4 4

1 0
2 9
3 6
4 9

1 3
2 1
3 9
4 7

1 3
2 2
3 0
4 7

1 9
2 8
3 1
4 4

1 0
2 9
3 6
4 9

1 3
2 1
3 9
4 7

1 3
2 2
3 0
4 7

1 9
2 8
3 1
4 4

1 0
2 9
3 6
4 9

1 3
2 1
3 9
4 7

1 3
2 2
3 0
4 7

1 9
2 8
3 1
4 4

1 0
2 9
3 6
4 9

1 3
2 1
3 9
4 7

1 3
2 2
3 0
4 7

1 9
2 8
3 1
4 4

1 0
2 9
3 6
4 9

1 3
2 1
3 9
4 7

1 3
2 2
3 0
4 7

1 9
2 8
3 1
4 4