1 0
2 0
3 0
4 0

1 17
2 15
3 19
4 14

1 15
2 16
3 15
4 15

1 14
2 16
3 12
4 11

1 18
2 20
3 11
4 15

1 10
2 14
3 15
4 12

1 19
2 20
3 16
4 16

1 17
2 15
3 19
4 14

1 15
2 16
3 15
4 15

1 14
2 16
3 12
4 11

1 18
2 20
3 11
4 15

1 10
2 14
3 15
4 12

1 19
2 20
3 16
4 16

1 17
2 15
3 19
4 14

1 15
2 16
3 15
4 15

1 14
2 16
3 12
4 11

1 18
2 20
3 11
4 15

1 10
2 14
3 15
4 12

1 19
2 20
3 16
4 16

1 17
2 15
3 19
4 14

1 15
2 16
3 15
4 15

1 14
2 16
3 12
4 11

1 18
2 20
3 11
4 15

1 10
2 14
3 15
4 12

1 19
2 20
3 16
4 16

1 17
2 15
3 19
4 14

1 15
2 16
3 15
4 15

1 14
2 16
3 12
4 11

1 18
2 20
3 11
4 15

1 10
2 14
3 15
4 12

1 19
2 20
3 16
4 16

1 17
2 15
3 19
4 14

1 15
2 16
3 15
4 15

1 14
2 16
3 12
4 11

1 18
2 20
3 11
4 15

1 10
2 14
3 15
4 12

1 19
2 20
3 16
4 16

1 17
2 15
3 19
4 14

1 15
2 16
3 15
4 15

1 14
2 16
3 12
4 11

1 18
2 20
3 11
4 15

1 10
2 14
3 15
4 12

1 19
2 20
3 16
4 16

1 17
2 15
3 19
4 14

1 15
2 16
3 15
4 15

1 14
2 16
3 12
4 11

1 18
2 20
3 11
4 15

1 10
2 14
3 15
4 12

1 19
2 20
3 16
4 16

1 17
2 15
3 19
4 14

1 15
2 16
3 15
4 15

1 14
2 16
3 12
4 11

1 18
2 20
3 11
4 15

1 10
2 14
3 15
4 12

1 19
2 20
3 16
4 16

1 17
2 15
3 19
4 14

1 15
2 16
3 15
4 15

1 14
2 16
3 12
4 11

1 18
2 20
3 11
4 15

1 10
2 14
3 15
4 12

1 19
2 20
3 16
4 16

1 17
2 15
3 19
4 14

1 15
2 16
3 15
4 15

1 14
2 16
3 12
4 11

1 18
2 20
3 11
4 15

1 10
2 14
3 15
4 12

1 19
2 20
3 16
4 16

1 17
2 15
3 19
4 14

1 15
2 16
3 15
4 15

1 14
2 16
3 12
4 11

1 18
2 20
3 11
4 15

1 10
2 14
3 15
4 12

1 19
2 20
3 16
4 16

1 17
2 15
3 19
4 14

1 15
2 16
3 15
4 15

1 14
2 16
3 12
4 11

1 18
2 20
3 11
4 15

1 10
2 14
3 15
4 12

1 19
2 20
3 16
4 16

1 17
2 15
3 19
4 14

1 15
2 16
3 15
4 15

1 14
2 16
3 12
4 11

1 18
2 20
3 11
4 15

1 10
2 14
3 15
4 12

1 19
2 20
3 16
4 16

1 17
2 15
3 19
4 14

1 15
2 16
3 15
4 15

1 14
2 16
3 12
4 11

1 18
2 20
3 11
4 15

1 10
2 14
3 15
4 12

1 19
2 20
3 16
4 16

1 17
2 15
3 19
4 14

1 15
2 16
3 15
4 15

1 14
2 16
3 12
4 11

1 18
2 20
3 11
4 15

1 10
2 14
3 15
4 12

1 19
2 20
3 16
4 16

1 17
2 15
3 19
4 14

1 15
2 16
3 15
4 15

1 14
2 16
3 12
4 11

1 18
2 20
3 11
4 15

1 10
2 14
3 15
4 12

1 19
2 20
3 16
4 16

1 17
2 15
3 19
4 14

1 15
2 16
3 15
4 15

1 14
2 16
3 12
4 11

1 18
2 20
3 11
4 15

1 10
2 14
3 15
4 12

1 19
2 20
3 16
4 16

1 17
2 15
3 19
4 14

1 15
2 16
3 15
4 15

1 14
2 16
3 12
4 11

1 18
2 20
3 11
4 15

1 10
2 14
3 15
4 12

1 19
2 20
3 16
4 16

1 17
2 15
3 19
4 14

1 15
2 16
3 15
4 15

1 14
2 16
3 12
4 11

1 18
2 20
3 11
4 15

1 10
2 14
3 15
4 12

1 19
2 20
3 16
4 16