1 0
2 0
3 0
4 0

1 1
2 7
3 9
4 3

1 1
2 7
3 9
4 5

1 3
2 3
3 3
4 9

1 3
2 4
3 9
4 8

1 2
2 1
3 0
4 4

1 1
2 6
3 5
4 9

1 1
2 7
3 9
4 3

1 1
2 7
3 9
4 5

1 3
2 3
3 3
4 9

1 3
2 4
3 9
4 8

1 2
2 1
3 0
4 4

1 1
2 6
3 5
4 9

1 1
2 7
3 9
4 3

1 1
2 7
3 9
4 5

1 3
2 3
3 3
4 9

1 3
2 4
3 9
4 8

1 2
2 1
3 0
4 4

1 1
2 6
3 5
4 9

1 1
2 7
3 9
4 3

1 1
2 7
3 9
4 5

1 3
2 3
3 3
4 9

1 3
2 4
3 9
4 8

1 2
2 1
3 0
4 4

1 1
2 6
3 5
4 9

1 1
2 7
3 9
4 3

1 1
2 7
3 9
4 5

1 3
2 3
3 3
4 9

1 3
2 4
3 9
4 8

1 2
2 1
3 0
4 4

1 1
2 6
3 5
4 9

1 1
2 7
3 9
4 3

1 1
2 7
3 9
4 5

1 3
2 3
3 3
4 9

1 3
2 4
3 9
4 8

1 2
2 1
3 0
4 4

1 1
2 6
3 5
4 9

1 1
2 7
3 9
4 3

1 1
2 7
3 9
4 5

1 3
2 3
3 3
4 9

1 3
2 4
3 9
4 8

1 2
2 1
3 0
4 4

1 1
2 6
3 5
4 9

1 1
2 7
3 9
4 3

1 1
2 7
3 9
4 5

1 3
2 3
3 3
4 9

1 3
2 4
3 9
4 8

1 2
2 1
3 0
4 4

1 1
2 6
3 5
4 9

1 1
2 7
3 9
4 3

1 1
2 7
3 9
4 5

1 3
2 3
3 3
4 9

1 3
2 4
3 9
4 8

1 2
2 1
3 0
4 4

1 1
2 6
3 5
4 9

1 1
2 7
3 9
4 3

1 1
2 7
3 9
4 5

1 3
2 3
3 3
4 9

1 3
2 4
3 9
4 8

1 2
2 1
3 0
4 4

1 1
2 6
3 5
4 9

1 1
2 7
3 9
4 3

1 1
2 7
3 9
4 5

1 3
2 3
3 3
4 9

1 3
2 4
3 9
4 8

1 2
2 1
3 0
4 4

1 1
2 6
3 5
4 9

1 1
2 7
3 9
4 3

1 1
2 7
3 9
4 5

1 3
2 3
3 3
4 9

1 3
2 4
3 9
4 8

1 2
2 1
3 0
4 4

1 1
2 6
3 5
4 9

1 1
2 7
3 9
4 3

1 1
2 7
3 9
4 5

1 3
2 3
3 3
4 9

1 3
2 4
3 9
4 8

1 2
2 1
3 0
4 4

1 1
2 6
3 5
4 9

1 1
2 7
3 9
4 3

1 1
2 7
3 9
4 5

1 3
2 3
3 3
4 9

1 3
2 4
3 9
4 8

1 2
2 1
3 0
4 4

1 1
2 6
3 5
4 9

1 1
2 7
3 9
4 3

1 1
2 7
3 9
4 5

1 3
2 3
3 3
4 9

1 3
2 4
3 9
4 8

1 2
2 1
3 0
4 4

1 1
2 6
3 5
4 9