1 0
2 0
3 0
4 0
5 0
6 0
7 0
8 0

1 11
2 17
3 15
4 20
5 18
6 11
7 20
8 17

1 14
2 11
3 13
4 10
5 19
6 13
7 18
8 13

1 17
2 13
3 14
4 19
5 14
6 11
7 15
8 12

1 10
2 13
3 17
4 17
5 14
6 16
7 17
8 14

1 10
2 15
3 11
4 20
5 10
6 14
7 12
8 12

1 13
2 16
3 18
4 15
5 14
6 12
7 19
8 18

1 11
2 17
3 15
4 20
5 18
6 11
7 20
8 17

1 14
2 11
3 13
4 10
5 19
6 13
7 18
8 13

1 17
2 13
3 14
4 19
5 14
6 11
7 15
8 12

1 10
2 13
3 17
4 17
5 14
6 16
7 17
8 14

1 10
2 15
3 11
4 20
5 10
6 14
7 12
8 12

1 13
2 16
3 18
4 15
5 14
6 12
7 19
8 18

1 11
2 17
3 15
4 20
5 18
6 11
7 20
8 17

1 14
2 11
3 13
4 10
5 19
6 13
7 18
8 13

1 17
2 13
3 14
4 19
5 14
6 11
7 15
8 12

1 10
2 13
3 17
4 17
5 14
6 16
7 17
8 14

1 10
2 15
3 11
4 20
5 10
6 14
7 12
8 12

1 13
2 16
3 18
4 15
5 14
6 12
7 19
8 18

1 11
2 17
3 15
4 20
5 18
6 11
7 20
8 17

1 14
2 11
3 13
4 10
5 19
6 13
7 18
8 13

1 17
2 13
3 14
4 19
5 14
6 11
7 15
8 12

1 10
2 13
3 17
4 17
5 14
6 16
7 17
8 14

1 10
2 15
3 11
4 20
5 10
6 14
7 12
8 12

1 13
2 16
3 18
4 15
5 14
6 12
7 19
8 18

1 11
2 17
3 15
4 20
5 18
6 11
7 20
8 17

1 14
2 11
3 13
4 10
5 19
6 13
7 18
8 13

1 17
2 13
3 14
4 19
5 14
6 11
7 15
8 12

1 10
2 13
3 17
4 17
5 14
6 16
7 17
8 14

1 10
2 15
3 11
4 20
5 10
6 14
7 12
8 12

1 13
2 16
3 18
4 15
5 14
6 12
7 19
8 18

1 11
2 17
3 15
4 20
5 18
6 11
7 20
8 17

1 14
2 11
3 13
4 10
5 19
6 13
7 18
8 13

1 17
2 13
3 14
4 19
5 14
6 11
7 15
8 12

1 10
2 13
3 17
4 17
5 14
6 16
7 17
8 14

1 10
2 15
3 11
4 20
5 10
6 14
7 12
8 12

1 13
2 16
3 18
4 15
5 14
6 12
7 19
8 18

1 11
2 17
3 15
4 20
5 18
6 11
7 20
8 17

1 14
2 11
3 13
4 10
5 19
6 13
7 18
8 13

1 17
2 13
3 14
4 19
5 14
6 11
7 15
8 12

1 10
2 13
3 17
4 17
5 14
6 16
7 17
8 14

1 10
2 15
3 11
4 20
5 10
6 14
7 12
8 12

1 13
2 16
3 18
4 15
5 14
6 12
7 19
8 18

1 11
2 17
3 15
4 20
5 18
6 11
7 20
8 17

1 14
2 11
3 13
4 10
5 19
6 13
7 18
8 13

1 17
2 13
3 14
4 19
5 14
6 11
7 15
8 12

1 10
2 13
3 17
4 17
5 14
6 16
7 17
8 14

1 10
2 15
3 11
4 20
5 10
6 14
7 12
8 12

1 13
2 16
3 18
4 15
5 14
6 12
7 19
8 18

1 11
2 17
3 15
4 20
5 18
6 11
7 20
8 17

1 14
2 11
3 13
4 10
5 19
6 13
7 18
8 13

1 17
2 13
3 14
4 19
5 14
6 11
7 15
8 12

1 10
2 13
3 17
4 17
5 14
6 16
7 17
8 14

1 10
2 15
3 11
4 20
5 10
6 14
7 12
8 12

1 13
2 16
3 18
4 15
5 14
6 12
7 19
8 18

1 11
2 17
3 15
4 20
5 18
6 11
7 20
8 17

1 14
2 11
3 13
4 10
5 19
6 13
7 18
8 13

1 17
2 13
3 14
4 19
5 14
6 11
7 15
8 12

1 10
2 13
3 17
4 17
5 14
6 16
7 17
8 14

1 10
2 15
3 11
4 20
5 10
6 14
7 12
8 12

1 13
2 16
3 18
4 15
5 14
6 12
7 19
8 18

1 11
2 17
3 15
4 20
5 18
6 11
7 20
8 17

1 14
2 11
3 13
4 10
5 19
6 13
7 18
8 13

1 17
2 13
3 14
4 19
5 14
6 11
7 15
8 12

1 10
2 13
3 17
4 17
5 14
6 16
7 17
8 14

1 10
2 15
3 11
4 20
5 10
6 14
7 12
8 12

1 13
2 16
3 18
4 15
5 14
6 12
7 19
8 18

1 11
2 17
3 15
4 20
5 18
6 11
7 20
8 17

1 14
2 11
3 13
4 10
5 19
6 13
7 18
8 13

1 17
2 13
3 14
4 19
5 14
6 11
7 15
8 12

1 10
2 13
3 17
4 17
5 14
6 16
7 17
8 14

1 10
2 15
3 11
4 20
5 10
6 14
7 12
8 12

1 13
2 16
3 18
4 15
5 14
6 12
7 19
8 18

1 11
2 17
3 15
4 20
5 18
6 11
7 20
8 17

1 14
2 11
3 13
4 10
5 19
6 13
7 18
8 13

1 17
2 13
3 14
4 19
5 14
6 11
7 15
8 12

1 10
2 13
3 17
4 17
5 14
6 16
7 17
8 14

1 10
2 15
3 11
4 20
5 10
6 14
7 12
8 12

1 13
2 16
3 18
4 15
5 14
6 12
7 19
8 18

1 11
2 17
3 15
4 20
5 18
6 11
7 20
8 17

1 14
2 11
3 13
4 10
5 19
6 13
7 18
8 13

1 17
2 13
3 14
4 19
5 14
6 11
7 15
8 12

1 10
2 13
3 17
4 17
5 14
6 16
7 17
8 14

1 10
2 15
3 11
4 20
5 10
6 14
7 12
8 12

1 13
2 16
3 18
4 15
5 14
6 12
7 19
8 18

1 11
2 17
3 15
4 20
5 18
6 11
7 20
8 17

1 14
2 11
3 13
4 10
5 19
6 13
7 18
8 13

1 17
2 13
3 14
4 19
5 14
6 11
7 15
8 12

1 10
2 13
3 17
4 17
5 14
6 16
7 17
8 14

1 10
2 15
3 11
4 20
5 10
6 14
7 12
8 12

1 13
2 16
3 18
4 15
5 14
6 12
7 19
8 18