1 0
2 0
3 0
4 0

1 10
2 16
3 13
4 14

1 15
2 11
3 17
4 19

1 11
2 11
3 20
4 18

1 18
2 19
3 11
4 17

1 17
2 10
3 11
4 14

1 15
2 14
3 20
4 19

1 10
2 16
3 13
4 14

1 15
2 11
3 17
4 19

1 11
2 11
3 20
4 18

1 18
2 19
3 11
4 17

1 17
2 10
3 11
4 14

1 15
2 14
3 20
4 19

1 10
2 16
3 13
4 14

1 15
2 11
3 17
4 19

1 11
2 11
3 20
4 18

1 18
2 19
3 11
4 17

1 17
2 10
3 11
4 14

1 15
2 14
3 20
4 19

1 10
2 16
3 13
4 14

1 15
2 11
3 17
4 19

1 11
2 11
3 20
4 18

1 18
2 19
3 11
4 17

1 17
2 10
3 11
4 14

1 15
2 14
3 20
4 19

1 10
2 16
3 13
4 14

1 15
2 11
3 17
4 19

1 11
2 11
3 20
4 18

1 18
2 19
3 11
4 17

1 17
2 10
3 11
4 14

1 15
2 14
3 20
4 19

1 10
2 16
3 13
4 14

1 15
2 11
3 17
4 19

1 11
2 11
3 20
4 18

1 18
2 19
3 11
4 17

1 17
2 10
3 11
4 14

1 15
2 14
3 20
4 19

1 10
2 16
3 13
4 14

1 15
2 11
3 17
4 19

1 11
2 11
3 20
4 18

1 18
2 19
3 11
4 17

1 17
2 10
3 11
4 14

1 15
2 14
3 20
4 19

1 10
2 16
3 13
4 14

1 15
2 11
3 17
4 19

1 11
2 11
3 20
4 18

1 18
2 19
3 11
4 17

1 17
2 10
3 11
4 14

1 15
2 14
3 20
4 19

1 10
2 16
3 13
4 14

1 15
2 11
3 17
4 19

1 11
2 11
3 20
4 18

1 18
2 19
3 11
4 17

1 17
2 10
3 11
4 14

1 15
2 14
3 20
4 19

1 10
2 16
3 13
4 14

1 15
2 11
3 17
4 19

1 11
2 11
3 20
4 18

1 18
2 19
3 11
4 17

1 17
2 10
3 11
4 14

1 15
2 14
3 20
4 19

1 10
2 16
3 13
4 14

1 15
2 11
3 17
4 19

1 11
2 11
3 20
4 18

1 18
2 19
3 11
4 17

1 17
2 10
3 11
4 14

1 15
2 14
3 20
4 19

1 10
2 16
3 13
4 14

1 15
2 11
3 17
4 19

1 11
2 11
3 20
4 18

1 18
2 19
3 11
4 17

1 17
2 10
3 11
4 14

1 15
2 14
3 20
4 19

1 10
2 16
3 13
4 14

1 15
2 11
3 17
4 19

1 11
2 11
3 20
4 18

1 18
2 19
3 11
4 17

1 17
2 10
3 11
4 14

1 15
2 14
3 20
4 19

1 10
2 16
3 13
4 14

1 15
2 11
3 17
4 19

1 11
2 11
3 20
4 18

1 18
2 19
3 11
4 17

1 17
2 10
3 11
4 14

1 15
2 14
3 20
4 19

1 10
2 16
3 13
4 14

1 15
2 11
3 17
4 19

1 11
2 11
3 20
4 18

1 18
2 19
3 11
4 17

1 17
2 10
3 11
4 14

1 15
2 14
3 20
4 19

1 10
2 16
3 13
4 14

1 15
2 11
3 17
4 19

1 11
2 11
3 20
4 18

1 18
2 19
3 11
4 17

1 17
2 10
3 11
4 14

1 15
2 14
3 20
4 19

1 10
2 16
3 13
4 14

1 15
2 11
3 17
4 19

1 11
2 11
3 20
4 18

1 18
2 19
3 11
4 17

1 17
2 10
3 11
4 14

1 15
2 14
3 20
4 19

1 10
2 16
3 13
4 14

1 15
2 11
3 17
4 19

1 11
2 11
3 20
4 18

1 18
2 19
3 11
4 17

1 17
2 10
3 11
4 14

1 15
2 14
3 20
4 19

1 10
2 16
3 13
4 14

1 15
2 11
3 17
4 19

1 11
2 11
3 20
4 18

1 18
2 19
3 11
4 17

1 17
2 10
3 11
4 14

1 15
2 14
3 20
4 19

1 10
2 16
3 13
4 14

1 15
2 11
3 17
4 19

1 11
2 11
3 20
4 18

1 18
2 19
3 11
4 17

1 17
2 10
3 11
4 14

1 15
2 14
3 20
4 19