1 0
2 0
3 0
4 0
5 0
6 0
7 0
8 0
9 0
10 0
11 0
12 0
13 0
14 0
15 0
16 0

1 20
2 16
3 13
4 11
5 12
6 12
7 13
8 17
9 16
10 11
11 16
12 17
13 18
14 16
15 15
16 11

1 11
2 13
3 20
4 10
5 18
6 16
7 11
8 14
9 20
10 17
11 15
12 15
13 19
14 17
15 11
16 18

1 14
2 20
3 18
4 18
5 17
6 11
7 18
8 17
9 14
10 18
11 20
12 17
13 12
14 15
15 15
16 19

1 16
2 15
3 10
4 16
5 16
6 12
7 15
8 13
9 17
10 16
11 17
12 19
13 19
14 15
15 19
16 20

1 20
2 16
3 13
4 11
5 12
6 12
7 13
8 17
9 16
10 11
11 16
12 17
13 18
14 16
15 15
16 11

1 11
2 13
3 20
4 10
5 18
6 16
7 11
8 14
9 20
10 17
11 15
12 15
13 19
14 17
15 11
16 18

1 14
2 20
3 18
4 18
5 17
6 11
7 18
8 17
9 14
10 18
11 20
12 17
13 12
14 15
15 15
16 19

1 16
2 15
3 10
4 16
5 16
6 12
7 15
8 13
9 17
10 16
11 17
12 19
13 19
14 15
15 19
16 20

1 20
2 16
3 13
4 11
5 12
6 12
7 13
8 17
9 16
10 11
11 16
12 17
13 18
14 16
15 15
16 11

1 11
2 13
3 20
4 10
5 18
6 16
7 11
8 14
9 20
10 17
11 15
12 15
13 19
14 17
15 11
16 18

1 14
2 20
3 18
4 18
5 17
6 11
7 18
8 17
9 14
10 18
11 20
12 17
13 12
14 15
15 15
16 19

1 16
2 15
3 10
4 16
5 16
6 12
7 15
8 13
9 17
10 16
11 17
12 19
13 19
14 15
15 19
16 20

1 20
2 16
3 13
4 11
5 12
6 12
7 13
8 17
9 16
10 11
11 16
12 17
13 18
14 16
15 15
16 11

1 11
2 13
3 20
4 10
5 18
6 16
7 11
8 14
9 20
10 17
11 15
12 15
13 19
14 17
15 11
16 18

1 14
2 20
3 18
4 18
5 17
6 11
7 18
8 17
9 14
10 18
11 20
12 17
13 12
14 15
15 15
16 19

1 16
2 15
3 10
4 16
5 16
6 12
7 15
8 13
9 17
10 16
11 17
12 19
13 19
14 15
15 19
16 20

1 20
2 16
3 13
4 11
5 12
6 12
7 13
8 17
9 16
10 11
11 16
12 17
13 18
14 16
15 15
16 11

1 11
2 13
3 20
4 10
5 18
6 16
7 11
8 14
9 20
10 17
11 15
12 15
13 19
14 17
15 11
16 18

1 14
2 20
3 18
4 18
5 17
6 11
7 18
8 17
9 14
10 18
11 20
12 17
13 12
14 15
15 15
16 19

1 16
2 15
3 10
4 16
5 16
6 12
7 15
8 13
9 17
10 16
11 17
12 19
13 19
14 15
15 19
16 20

1 20
2 16
3 13
4 11
5 12
6 12
7 13
8 17
9 16
10 11
11 16
12 17
13 18
14 16
15 15
16 11

1 11
2 13
3 20
4 10
5 18
6 16
7 11
8 14
9 20
10 17
11 15
12 15
13 19
14 17
15 11
16 18

1 14
2 20
3 18
4 18
5 17
6 11
7 18
8 17
9 14
10 18
11 20
12 17
13 12
14 15
15 15
16 19

1 16
2 15
3 10
4 16
5 16
6 12
7 15
8 13
9 17
10 16
11 17
12 19
13 19
14 15
15 19
16 20

1 20
2 16
3 13
4 11
5 12
6 12
7 13
8 17
9 16
10 11
11 16
12 17
13 18
14 16
15 15
16 11

1 11
2 13
3 20
4 10
5 18
6 16
7 11
8 14
9 20
10 17
11 15
12 15
13 19
14 17
15 11
16 18

1 14
2 20
3 18
4 18
5 17
6 11
7 18
8 17
9 14
10 18
11 20
12 17
13 12
14 15
15 15
16 19

1 16
2 15
3 10
4 16
5 16
6 12
7 15
8 13
9 17
10 16
11 17
12 19
13 19
14 15
15 19
16 20

1 20
2 16
3 13
4 11
5 12
6 12
7 13
8 17
9 16
10 11
11 16
12 17
13 18
14 16
15 15
16 11

1 11
2 13
3 20
4 10
5 18
6 16
7 11
8 14
9 20
10 17
11 15
12 15
13 19
14 17
15 11
16 18

1 14
2 20
3 18
4 18
5 17
6 11
7 18
8 17
9 14
10 18
11 20
12 17
13 12
14 15
15 15
16 19

1 16
2 15
3 10
4 16
5 16
6 12
7 15
8 13
9 17
10 16
11 17
12 19
13 19
14 15
15 19
16 20

1 20
2 16
3 13
4 11
5 12
6 12
7 13
8 17
9 16
10 11
11 16
12 17
13 18
14 16
15 15
16 11

1 11
2 13
3 20
4 10
5 18
6 16
7 11
8 14
9 20
10 17
11 15
12 15
13 19
14 17
15 11
16 18

1 14
2 20
3 18
4 18
5 17
6 11
7 18
8 17
9 14
10 18
11 20
12 17
13 12
14 15
15 15
16 19

1 16
2 15
3 10
4 16
5 16
6 12
7 15
8 13
9 17
10 16
11 17
12 19
13 19
14 15
15 19
16 20

1 20
2 16
3 13
4 11
5 12
6 12
7 13
8 17
9 16
10 11
11 16
12 17
13 18
14 16
15 15
16 11

1 11
2 13
3 20
4 10
5 18
6 16
7 11
8 14
9 20
10 17
11 15
12 15
13 19
14 17
15 11
16 18

1 14
2 20
3 18
4 18
5 17
6 11
7 18
8 17
9 14
10 18
11 20
12 17
13 12
14 15
15 15
16 19

1 16
2 15
3 10
4 16
5 16
6 12
7 15
8 13
9 17
10 16
11 17
12 19
13 19
14 15
15 19
16 20

1 20
2 16
3 13
4 11
5 12
6 12
7 13
8 17
9 16
10 11
11 16
12 17
13 18
14 16
15 15
16 11

1 11
2 13
3 20
4 10
5 18
6 16
7 11
8 14
9 20
10 17
11 15
12 15
13 19
14 17
15 11
16 18

1 14
2 20
3 18
4 18
5 17
6 11
7 18
8 17
9 14
10 18
11 20
12 17
13 12
14 15
15 15
16 19

1 16
2 15
3 10
4 16
5 16
6 12
7 15
8 13
9 17
10 16
11 17
12 19
13 19
14 15
15 19
16 20

1 20
2 16
3 13
4 11
5 12
6 12
7 13
8 17
9 16
10 11
11 16
12 17
13 18
14 16
15 15
16 11

1 11
2 13
3 20
4 10
5 18
6 16
7 11
8 14
9 20
10 17
11 15
12 15
13 19
14 17
15 11
16 18

1 14
2 20
3 18
4 18
5 17
6 11
7 18
8 17
9 14
10 18
11 20
12 17
13 12
14 15
15 15
16 19

1 16
2 15
3 10
4 16
5 16
6 12
7 15
8 13
9 17
10 16
11 17
12 19
13 19
14 15
15 19
16 20

1 20
2 16
3 13
4 11
5 12
6 12
7 13
8 17
9 16
10 11
11 16
12 17
13 18
14 16
15 15
16 11

1 11
2 13
3 20
4 10
5 18
6 16
7 11
8 14
9 20
10 17
11 15
12 15
13 19
14 17
15 11
16 18

1 14
2 20
3 18
4 18
5 17
6 11
7 18
8 17
9 14
10 18
11 20
12 17
13 12
14 15
15 15
16 19

1 16
2 15
3 10
4 16
5 16
6 12
7 15
8 13
9 17
10 16
11 17
12 19
13 19
14 15
15 19
16 20

1 20
2 16
3 13
4 11
5 12
6 12
7 13
8 17
9 16
10 11
11 16
12 17
13 18
14 16
15 15
16 11

1 11
2 13
3 20
4 10
5 18
6 16
7 11
8 14
9 20
10 17
11 15
12 15
13 19
14 17
15 11
16 18

1 14
2 20
3 18
4 18
5 17
6 11
7 18
8 17
9 14
10 18
11 20
12 17
13 12
14 15
15 15
16 19

1 16
2 15
3 10
4 16
5 16
6 12
7 15
8 13
9 17
10 16
11 17
12 19
13 19
14 15
15 19
16 20

1 20
2 16
3 13
4 11
5 12
6 12
7 13
8 17
9 16
10 11
11 16
12 17
13 18
14 16
15 15
16 11

1 11
2 13
3 20
4 10
5 18
6 16
7 11
8 14
9 20
10 17
11 15
12 15
13 19
14 17
15 11
16 18

1 14
2 20
3 18
4 18
5 17
6 11
7 18
8 17
9 14
10 18
11 20
12 17
13 12
14 15
15 15
16 19

1 16
2 15
3 10
4 16
5 16
6 12
7 15
8 13
9 17
10 16
11 17
12 19
13 19
14 15
15 19
16 20

1 20
2 16
3 13
4 11
5 12
6 12
7 13
8 17
9 16
10 11
11 16
12 17
13 18
14 16
15 15
16 11

1 11
2 13
3 20
4 10
5 18
6 16
7 11
8 14
9 20
10 17
11 15
12 15
13 19
14 17
15 11
16 18

1 14
2 20
3 18
4 18
5 17
6 11
7 18
8 17
9 14
10 18
11 20
12 17
13 12
14 15
15 15
16 19

1 16
2 15
3 10
4 16
5 16
6 12
7 15
8 13
9 17
10 16
11 17
12 19
13 19
14 15
15 19
16 20

1 20
2 16
3 13
4 11
5 12
6 12
7 13
8 17
9 16
10 11
11 16
12 17
13 18
14 16
15 15
16 11

1 11
2 13
3 20
4 10
5 18
6 16
7 11
8 14
9 20
10 17
11 15
12 15
13 19
14 17
15 11
16 18

1 14
2 20
3 18
4 18
5 17
6 11
7 18
8 17
9 14
10 18
11 20
12 17
13 12
14 15
15 15
16 19

1 16
2 15
3 10
4 16
5 16
6 12
7 15
8 13
9 17
10 16
11 17
12 19
13 19
14 15
15 19
16 20

1 20
2 16
3 13
4 11
5 12
6 12
7 13
8 17
9 16
10 11
11 16
12 17
13 18
14 16
15 15
16 11

1 11
2 13
3 20
4 10
5 18
6 16
7 11
8 14
9 20
10 17
11 15
12 15
13 19
14 17
15 11
16 18

1 14
2 20
3 18
4 18
5 17
6 11
7 18
8 17
9 14
10 18
11 20
12 17
13 12
14 15
15 15
16 19

1 16
2 15
3 10
4 16
5 16
6 12
7 15
8 13
9 17
10 16
11 17
12 19
13 19
14 15
15 19
16 20

1 20
2 16
3 13
4 11
5 12
6 12
7 13
8 17
9 16
10 11
11 16
12 17
13 18
14 16
15 15
16 11

1 11
2 13
3 20
4 10
5 18
6 16
7 11
8 14
9 20
10 17
11 15
12 15
13 19
14 17
15 11
16 18

1 14
2 20
3 18
4 18
5 17
6 11
7 18
8 17
9 14
10 18
11 20
12 17
13 12
14 15
15 15
16 19

1 16
2 15
3 10
4 16
5 16
6 12
7 15
8 13
9 17
10 16
11 17
12 19
13 19
14 15
15 19
16 20

1 20
2 16
3 13
4 11
5 12
6 12
7 13
8 17
9 16
10 11
11 16
12 17
13 18
14 16
15 15
16 11

1 11
2 13
3 20
4 10
5 18
6 16
7 11
8 14
9 20
10 17
11 15
12 15
13 19
14 17
15 11
16 18

1 14
2 20
3 18
4 18
5 17
6 11
7 18
8 17
9 14
10 18
11 20
12 17
13 12
14 15
15 15
16 19

1 16
2 15
3 10
4 16
5 16
6 12
7 15
8 13
9 17
10 16
11 17
12 19
13 19
14 15
15 19
16 20