1 0
2 0
3 0
4 0

1 10
2 14
3 19
4 13

1 19
2 17
3 20
4 10

1 14
2 16
3 14
4 14

1 14
2 17
3 12
4 20

1 10
2 14
3 19
4 13

1 19
2 17
3 20
4 10

1 14
2 16
3 14
4 14

1 14
2 17
3 12
4 20

1 10
2 14
3 19
4 13

1 19
2 17
3 20
4 10

1 14
2 16
3 14
4 14

1 14
2 17
3 12
4 20

1 10
2 14
3 19
4 13

1 19
2 17
3 20
4 10

1 14
2 16
3 14
4 14

1 14
2 17
3 12
4 20

1 10
2 14
3 19
4 13

1 19
2 17
3 20
4 10

1 14
2 16
3 14
4 14

1 14
2 17
3 12
4 20

1 10
2 14
3 19
4 13

1 19
2 17
3 20
4 10

1 14
2 16
3 14
4 14

1 14
2 17
3 12
4 20

1 10
2 14
3 19
4 13

1 19
2 17
3 20
4 10

1 14
2 16
3 14
4 14

1 14
2 17
3 12
4 20

1 10
2 14
3 19
4 13

1 19
2 17
3 20
4 10

1 14
2 16
3 14
4 14

1 14
2 17
3 12
4 20

1 10
2 14
3 19
4 13

1 19
2 17
3 20
4 10

1 14
2 16
3 14
4 14

1 14
2 17
3 12
4 20

1 10
2 14
3 19
4 13

1 19
2 17
3 20
4 10

1 14
2 16
3 14
4 14

1 14
2 17
3 12
4 20