1 0
2 0
3 0
4 0
5 0
6 0
7 0
8 0
9 0
10 0
11 0
12 0
13 0
14 0
15 0
16 0

1 12
2 11
3 12
4 16
5 20
6 11
7 17
8 13
9 16
10 11
11 12
12 17
13 11
14 17
15 16
16 10

1 12
2 10
3 12
4 20
5 20
6 18
7 17
8 11
9 10
10 19
11 13
12 15
13 17
14 16
15 10
16 13

1 12
2 11
3 12
4 16
5 20
6 11
7 17
8 13
9 16
10 11
11 12
12 17
13 11
14 17
15 16
16 10

1 12
2 10
3 12
4 20
5 20
6 18
7 17
8 11
9 10
10 19
11 13
12 15
13 17
14 16
15 10
16 13

1 12
2 11
3 12
4 16
5 20
6 11
7 17
8 13
9 16
10 11
11 12
12 17
13 11
14 17
15 16
16 10

1 12
2 10
3 12
4 20
5 20
6 18
7 17
8 11
9 10
10 19
11 13
12 15
13 17
14 16
15 10
16 13

1 12
2 11
3 12
4 16
5 20
6 11
7 17
8 13
9 16
10 11
11 12
12 17
13 11
14 17
15 16
16 10

1 12
2 10
3 12
4 20
5 20
6 18
7 17
8 11
9 10
10 19
11 13
12 15
13 17
14 16
15 10
16 13

1 12
2 11
3 12
4 16
5 20
6 11
7 17
8 13
9 16
10 11
11 12
12 17
13 11
14 17
15 16
16 10

1 12
2 10
3 12
4 20
5 20
6 18
7 17
8 11
9 10
10 19
11 13
12 15
13 17
14 16
15 10
16 13

1 12
2 11
3 12
4 16
5 20
6 11
7 17
8 13
9 16
10 11
11 12
12 17
13 11
14 17
15 16
16 10

1 12
2 10
3 12
4 20
5 20
6 18
7 17
8 11
9 10
10 19
11 13
12 15
13 17
14 16
15 10
16 13

1 12
2 11
3 12
4 16
5 20
6 11
7 17
8 13
9 16
10 11
11 12
12 17
13 11
14 17
15 16
16 10

1 12
2 10
3 12
4 20
5 20
6 18
7 17
8 11
9 10
10 19
11 13
12 15
13 17
14 16
15 10
16 13

1 12
2 11
3 12
4 16
5 20
6 11
7 17
8 13
9 16
10 11
11 12
12 17
13 11
14 17
15 16
16 10

1 12
2 10
3 12
4 20
5 20
6 18
7 17
8 11
9 10
10 19
11 13
12 15
13 17
14 16
15 10
16 13

1 12
2 11
3 12
4 16
5 20
6 11
7 17
8 13
9 16
10 11
11 12
12 17
13 11
14 17
15 16
16 10

1 12
2 10
3 12
4 20
5 20
6 18
7 17
8 11
9 10
10 19
11 13
12 15
13 17
14 16
15 10
16 13

1 12
2 11
3 12
4 16
5 20
6 11
7 17
8 13
9 16
10 11
11 12
12 17
13 11
14 17
15 16
16 10

1 12
2 10
3 12
4 20
5 20
6 18
7 17
8 11
9 10
10 19
11 13
12 15
13 17
14 16
15 10
16 13

1 12
2 11
3 12
4 16
5 20
6 11
7 17
8 13
9 16
10 11
11 12
12 17
13 11
14 17
15 16
16 10

1 12
2 10
3 12
4 20
5 20
6 18
7 17
8 11
9 10
10 19
11 13
12 15
13 17
14 16
15 10
16 13

1 12
2 11
3 12
4 16
5 20
6 11
7 17
8 13
9 16
10 11
11 12
12 17
13 11
14 17
15 16
16 10

1 12
2 10
3 12
4 20
5 20
6 18
7 17
8 11
9 10
10 19
11 13
12 15
13 17
14 16
15 10
16 13

1 12
2 11
3 12
4 16
5 20
6 11
7 17
8 13
9 16
10 11
11 12
12 17
13 11
14 17
15 16
16 10

1 12
2 10
3 12
4 20
5 20
6 18
7 17
8 11
9 10
10 19
11 13
12 15
13 17
14 16
15 10
16 13

1 12
2 11
3 12
4 16
5 20
6 11
7 17
8 13
9 16
10 11
11 12
12 17
13 11
14 17
15 16
16 10

1 12
2 10
3 12
4 20
5 20
6 18
7 17
8 11
9 10
10 19
11 13
12 15
13 17
14 16
15 10
16 13

1 12
2 11
3 12
4 16
5 20
6 11
7 17
8 13
9 16
10 11
11 12
12 17
13 11
14 17
15 16
16 10

1 12
2 10
3 12
4 20
5 20
6 18
7 17
8 11
9 10
10 19
11 13
12 15
13 17
14 16
15 10
16 13