1 0
2 0
3 0
4 0
5 0
6 0
7 0
8 0

1 11
2 18
3 18
4 20
5 19
6 13
7 12
8 17

1 19
2 10
3 20
4 20
5 12
6 19
7 13
8 15

1 11
2 18
3 18
4 20
5 19
6 13
7 12
8 17

1 19
2 10
3 20
4 20
5 12
6 19
7 13
8 15

1 11
2 18
3 18
4 20
5 19
6 13
7 12
8 17

1 19
2 10
3 20
4 20
5 12
6 19
7 13
8 15

1 11
2 18
3 18
4 20
5 19
6 13
7 12
8 17

1 19
2 10
3 20
4 20
5 12
6 19
7 13
8 15

1 11
2 18
3 18
4 20
5 19
6 13
7 12
8 17

1 19
2 10
3 20
4 20
5 12
6 19
7 13
8 15

1 11
2 18
3 18
4 20
5 19
6 13
7 12
8 17

1 19
2 10
3 20
4 20
5 12
6 19
7 13
8 15

1 11
2 18
3 18
4 20
5 19
6 13
7 12
8 17

1 19
2 10
3 20
4 20
5 12
6 19
7 13
8 15

1 11
2 18
3 18
4 20
5 19
6 13
7 12
8 17

1 19
2 10
3 20
4 20
5 12
6 19
7 13
8 15

1 11
2 18
3 18
4 20
5 19
6 13
7 12
8 17

1 19
2 10
3 20
4 20
5 12
6 19
7 13
8 15

1 11
2 18
3 18
4 20
5 19
6 13
7 12
8 17

1 19
2 10
3 20
4 20
5 12
6 19
7 13
8 15

1 11
2 18
3 18
4 20
5 19
6 13
7 12
8 17

1 19
2 10
3 20
4 20
5 12
6 19
7 13
8 15

1 11
2 18
3 18
4 20
5 19
6 13
7 12
8 17

1 19
2 10
3 20
4 20
5 12
6 19
7 13
8 15

1 11
2 18
3 18
4 20
5 19
6 13
7 12
8 17

1 19
2 10
3 20
4 20
5 12
6 19
7 13
8 15

1 11
2 18
3 18
4 20
5 19
6 13
7 12
8 17

1 19
2 10
3 20
4 20
5 12
6 19
7 13
8 15

1 11
2 18
3 18
4 20
5 19
6 13
7 12
8 17

1 19
2 10
3 20
4 20
5 12
6 19
7 13
8 15