1 0
2 0
3 0
4 0
5 0
6 0
7 0
8 0

1 11
2 16
3 18
4 17
5 11
6 18
7 17
8 16

1 19
2 19
3 12
4 17
5 16
6 10
7 14
8 14

1 11
2 16
3 18
4 17
5 11
6 18
7 17
8 16

1 19
2 19
3 12
4 17
5 16
6 10
7 14
8 14

1 11
2 16
3 18
4 17
5 11
6 18
7 17
8 16

1 19
2 19
3 12
4 17
5 16
6 10
7 14
8 14

1 11
2 16
3 18
4 17
5 11
6 18
7 17
8 16

1 19
2 19
3 12
4 17
5 16
6 10
7 14
8 14

1 11
2 16
3 18
4 17
5 11
6 18
7 17
8 16

1 19
2 19
3 12
4 17
5 16
6 10
7 14
8 14

1 11
2 16
3 18
4 17
5 11
6 18
7 17
8 16

1 19
2 19
3 12
4 17
5 16
6 10
7 14
8 14

1 11
2 16
3 18
4 17
5 11
6 18
7 17
8 16

1 19
2 19
3 12
4 17
5 16
6 10
7 14
8 14

1 11
2 16
3 18
4 17
5 11
6 18
7 17
8 16

1 19
2 19
3 12
4 17
5 16
6 10
7 14
8 14

1 11
2 16
3 18
4 17
5 11
6 18
7 17
8 16

1 19
2 19
3 12
4 17
5 16
6 10
7 14
8 14

1 11
2 16
3 18
4 17
5 11
6 18
7 17
8 16

1 19
2 19
3 12
4 17
5 16
6 10
7 14
8 14