1 0
2 0
3 0
4 0
5 0
6 0
7 0
8 0
9 0
10 0
11 0
12 0
13 0
14 0
15 0
16 0

1 7
2 7
3 5
4 3
5 9
6 6
7 2
8 9
9 2
10 9
11 7
12 4
13 5
14 1
15 7
16 1

1 0
2 8
3 2
4 6
5 3
6 0
7 9
8 1
9 2
10 1
11 7
12 6
13 3
14 8
15 7
16 5

1 7
2 7
3 5
4 3
5 9
6 6
7 2
8 9
9 2
10 9
11 7
12 4
13 5
14 1
15 7
16 1

1 0
2 8
3 2
4 6
5 3
6 0
7 9
8 1
9 2
10 1
11 7
12 6
13 3
14 8
15 7
16 5

1 7
2 7
3 5
4 3
5 9
6 6
7 2
8 9
9 2
10 9
11 7
12 4
13 5
14 1
15 7
16 1

1 0
2 8
3 2
4 6
5 3
6 0
7 9
8 1
9 2
10 1
11 7
12 6
13 3
14 8
15 7
16 5

1 7
2 7
3 5
4 3
5 9
6 6
7 2
8 9
9 2
10 9
11 7
12 4
13 5
14 1
15 7
16 1

1 0
2 8
3 2
4 6
5 3
6 0
7 9
8 1
9 2
10 1
11 7
12 6
13 3
14 8
15 7
16 5

1 7
2 7
3 5
4 3
5 9
6 6
7 2
8 9
9 2
10 9
11 7
12 4
13 5
14 1
15 7
16 1

1 0
2 8
3 2
4 6
5 3
6 0
7 9
8 1
9 2
10 1
11 7
12 6
13 3
14 8
15 7
16 5

1 7
2 7
3 5
4 3
5 9
6 6
7 2
8 9
9 2
10 9
11 7
12 4
13 5
14 1
15 7
16 1

1 0
2 8
3 2
4 6
5 3
6 0
7 9
8 1
9 2
10 1
11 7
12 6
13 3
14 8
15 7
16 5

1 7
2 7
3 5
4 3
5 9
6 6
7 2
8 9
9 2
10 9
11 7
12 4
13 5
14 1
15 7
16 1

1 0
2 8
3 2
4 6
5 3
6 0
7 9
8 1
9 2
10 1
11 7
12 6
13 3
14 8
15 7
16 5

1 7
2 7
3 5
4 3
5 9
6 6
7 2
8 9
9 2
10 9
11 7
12 4
13 5
14 1
15 7
16 1

1 0
2 8
3 2
4 6
5 3
6 0
7 9
8 1
9 2
10 1
11 7
12 6
13 3
14 8
15 7
16 5

1 7
2 7
3 5
4 3
5 9
6 6
7 2
8 9
9 2
10 9
11 7
12 4
13 5
14 1
15 7
16 1

1 0
2 8
3 2
4 6
5 3
6 0
7 9
8 1
9 2
10 1
11 7
12 6
13 3
14 8
15 7
16 5

1 7
2 7
3 5
4 3
5 9
6 6
7 2
8 9
9 2
10 9
11 7
12 4
13 5
14 1
15 7
16 1

1 0
2 8
3 2
4 6
5 3
6 0
7 9
8 1
9 2
10 1
11 7
12 6
13 3
14 8
15 7
16 5

1 7
2 7
3 5
4 3
5 9
6 6
7 2
8 9
9 2
10 9
11 7
12 4
13 5
14 1
15 7
16 1

1 0
2 8
3 2
4 6
5 3
6 0
7 9
8 1
9 2
10 1
11 7
12 6
13 3
14 8
15 7
16 5

1 7
2 7
3 5
4 3
5 9
6 6
7 2
8 9
9 2
10 9
11 7
12 4
13 5
14 1
15 7
16 1

1 0
2 8
3 2
4 6
5 3
6 0
7 9
8 1
9 2
10 1
11 7
12 6
13 3
14 8
15 7
16 5

1 7
2 7
3 5
4 3
5 9
6 6
7 2
8 9
9 2
10 9
11 7
12 4
13 5
14 1
15 7
16 1

1 0
2 8
3 2
4 6
5 3
6 0
7 9
8 1
9 2
10 1
11 7
12 6
13 3
14 8
15 7
16 5

1 7
2 7
3 5
4 3
5 9
6 6
7 2
8 9
9 2
10 9
11 7
12 4
13 5
14 1
15 7
16 1

1 0
2 8
3 2
4 6
5 3
6 0
7 9
8 1
9 2
10 1
11 7
12 6
13 3
14 8
15 7
16 5

1 7
2 7
3 5
4 3
5 9
6 6
7 2
8 9
9 2
10 9
11 7
12 4
13 5
14 1
15 7
16 1

1 0
2 8
3 2
4 6
5 3
6 0
7 9
8 1
9 2
10 1
11 7
12 6
13 3
14 8
15 7
16 5

1 7
2 7
3 5
4 3
5 9
6 6
7 2
8 9
9 2
10 9
11 7
12 4
13 5
14 1
15 7
16 1

1 0
2 8
3 2
4 6
5 3
6 0
7 9
8 1
9 2
10 1
11 7
12 6
13 3
14 8
15 7
16 5

1 7
2 7
3 5
4 3
5 9
6 6
7 2
8 9
9 2
10 9
11 7
12 4
13 5
14 1
15 7
16 1

1 0
2 8
3 2
4 6
5 3
6 0
7 9
8 1
9 2
10 1
11 7
12 6
13 3
14 8
15 7
16 5

1 7
2 7
3 5
4 3
5 9
6 6
7 2
8 9
9 2
10 9
11 7
12 4
13 5
14 1
15 7
16 1

1 0
2 8
3 2
4 6
5 3
6 0
7 9
8 1
9 2
10 1
11 7
12 6
13 3
14 8
15 7
16 5

1 7
2 7
3 5
4 3
5 9
6 6
7 2
8 9
9 2
10 9
11 7
12 4
13 5
14 1
15 7
16 1

1 0
2 8
3 2
4 6
5 3
6 0
7 9
8 1
9 2
10 1
11 7
12 6
13 3
14 8
15 7
16 5

1 7
2 7
3 5
4 3
5 9
6 6
7 2
8 9
9 2
10 9
11 7
12 4
13 5
14 1
15 7
16 1

1 0
2 8
3 2
4 6
5 3
6 0
7 9
8 1
9 2
10 1
11 7
12 6
13 3
14 8
15 7
16 5