1 0
2 0
3 0
4 0
5 0
6 0
7 0
8 0
9 0
10 0
11 0
12 0
13 0
14 0
15 0
16 0

1 4
2 3
3 5
4 0
5 9
6 7
7 3
8 1
9 5
10 6
11 9
12 1
13 4
14 7
15 4
16 9

1 0
2 7
3 7
4 0
5 4
6 8
7 4
8 3
9 3
10 4
11 4
12 6
13 9
14 8
15 4
16 9

1 4
2 3
3 5
4 0
5 9
6 7
7 3
8 1
9 5
10 6
11 9
12 1
13 4
14 7
15 4
16 9

1 0
2 7
3 7
4 0
5 4
6 8
7 4
8 3
9 3
10 4
11 4
12 6
13 9
14 8
15 4
16 9

1 4
2 3
3 5
4 0
5 9
6 7
7 3
8 1
9 5
10 6
11 9
12 1
13 4
14 7
15 4
16 9

1 0
2 7
3 7
4 0
5 4
6 8
7 4
8 3
9 3
10 4
11 4
12 6
13 9
14 8
15 4
16 9

1 4
2 3
3 5
4 0
5 9
6 7
7 3
8 1
9 5
10 6
11 9
12 1
13 4
14 7
15 4
16 9

1 0
2 7
3 7
4 0
5 4
6 8
7 4
8 3
9 3
10 4
11 4
12 6
13 9
14 8
15 4
16 9

1 4
2 3
3 5
4 0
5 9
6 7
7 3
8 1
9 5
10 6
11 9
12 1
13 4
14 7
15 4
16 9

1 0
2 7
3 7
4 0
5 4
6 8
7 4
8 3
9 3
10 4
11 4
12 6
13 9
14 8
15 4
16 9

1 4
2 3
3 5
4 0
5 9
6 7
7 3
8 1
9 5
10 6
11 9
12 1
13 4
14 7
15 4
16 9

1 0
2 7
3 7
4 0
5 4
6 8
7 4
8 3
9 3
10 4
11 4
12 6
13 9
14 8
15 4
16 9

1 4
2 3
3 5
4 0
5 9
6 7
7 3
8 1
9 5
10 6
11 9
12 1
13 4
14 7
15 4
16 9

1 0
2 7
3 7
4 0
5 4
6 8
7 4
8 3
9 3
10 4
11 4
12 6
13 9
14 8
15 4
16 9

1 4
2 3
3 5
4 0
5 9
6 7
7 3
8 1
9 5
10 6
11 9
12 1
13 4
14 7
15 4
16 9

1 0
2 7
3 7
4 0
5 4
6 8
7 4
8 3
9 3
10 4
11 4
12 6
13 9
14 8
15 4
16 9

1 4
2 3
3 5
4 0
5 9
6 7
7 3
8 1
9 5
10 6
11 9
12 1
13 4
14 7
15 4
16 9

1 0
2 7
3 7
4 0
5 4
6 8
7 4
8 3
9 3
10 4
11 4
12 6
13 9
14 8
15 4
16 9

1 4
2 3
3 5
4 0
5 9
6 7
7 3
8 1
9 5
10 6
11 9
12 1
13 4
14 7
15 4
16 9

1 0
2 7
3 7
4 0
5 4
6 8
7 4
8 3
9 3
10 4
11 4
12 6
13 9
14 8
15 4
16 9

1 4
2 3
3 5
4 0
5 9
6 7
7 3
8 1
9 5
10 6
11 9
12 1
13 4
14 7
15 4
16 9

1 0
2 7
3 7
4 0
5 4
6 8
7 4
8 3
9 3
10 4
11 4
12 6
13 9
14 8
15 4
16 9

1 4
2 3
3 5
4 0
5 9
6 7
7 3
8 1
9 5
10 6
11 9
12 1
13 4
14 7
15 4
16 9

1 0
2 7
3 7
4 0
5 4
6 8
7 4
8 3
9 3
10 4
11 4
12 6
13 9
14 8
15 4
16 9

1 4
2 3
3 5
4 0
5 9
6 7
7 3
8 1
9 5
10 6
11 9
12 1
13 4
14 7
15 4
16 9

1 0
2 7
3 7
4 0
5 4
6 8
7 4
8 3
9 3
10 4
11 4
12 6
13 9
14 8
15 4
16 9

1 4
2 3
3 5
4 0
5 9
6 7
7 3
8 1
9 5
10 6
11 9
12 1
13 4
14 7
15 4
16 9

1 0
2 7
3 7
4 0
5 4
6 8
7 4
8 3
9 3
10 4
11 4
12 6
13 9
14 8
15 4
16 9

1 4
2 3
3 5
4 0
5 9
6 7
7 3
8 1
9 5
10 6
11 9
12 1
13 4
14 7
15 4
16 9

1 0
2 7
3 7
4 0
5 4
6 8
7 4
8 3
9 3
10 4
11 4
12 6
13 9
14 8
15 4
16 9

1 4
2 3
3 5
4 0
5 9
6 7
7 3
8 1
9 5
10 6
11 9
12 1
13 4
14 7
15 4
16 9

1 0
2 7
3 7
4 0
5 4
6 8
7 4
8 3
9 3
10 4
11 4
12 6
13 9
14 8
15 4
16 9

1 4
2 3
3 5
4 0
5 9
6 7
7 3
8 1
9 5
10 6
11 9
12 1
13 4
14 7
15 4
16 9

1 0
2 7
3 7
4 0
5 4
6 8
7 4
8 3
9 3
10 4
11 4
12 6
13 9
14 8
15 4
16 9

1 4
2 3
3 5
4 0
5 9
6 7
7 3
8 1
9 5
10 6
11 9
12 1
13 4
14 7
15 4
16 9

1 0
2 7
3 7
4 0
5 4
6 8
7 4
8 3
9 3
10 4
11 4
12 6
13 9
14 8
15 4
16 9

1 4
2 3
3 5
4 0
5 9
6 7
7 3
8 1
9 5
10 6
11 9
12 1
13 4
14 7
15 4
16 9

1 0
2 7
3 7
4 0
5 4
6 8
7 4
8 3
9 3
10 4
11 4
12 6
13 9
14 8
15 4
16 9

1 4
2 3
3 5
4 0
5 9
6 7
7 3
8 1
9 5
10 6
11 9
12 1
13 4
14 7
15 4
16 9

1 0
2 7
3 7
4 0
5 4
6 8
7 4
8 3
9 3
10 4
11 4
12 6
13 9
14 8
15 4
16 9