1 0
2 0
3 0
4 0
5 0
6 0
7 0
8 0

1 7
2 5
3 9
4 2
5 8
6 8
7 2
8 9

1 2
2 9
3 9
4 6
5 7
6 0
7 2
8 8

1 7
2 5
3 9
4 2
5 8
6 8
7 2
8 9

1 2
2 9
3 9
4 6
5 7
6 0
7 2
8 8

1 7
2 5
3 9
4 2
5 8
6 8
7 2
8 9

1 2
2 9
3 9
4 6
5 7
6 0
7 2
8 8

1 7
2 5
3 9
4 2
5 8
6 8
7 2
8 9

1 2
2 9
3 9
4 6
5 7
6 0
7 2
8 8

1 7
2 5
3 9
4 2
5 8
6 8
7 2
8 9

1 2
2 9
3 9
4 6
5 7
6 0
7 2
8 8

1 7
2 5
3 9
4 2
5 8
6 8
7 2
8 9

1 2
2 9
3 9
4 6
5 7
6 0
7 2
8 8

1 7
2 5
3 9
4 2
5 8
6 8
7 2
8 9

1 2
2 9
3 9
4 6
5 7
6 0
7 2
8 8

1 7
2 5
3 9
4 2
5 8
6 8
7 2
8 9

1 2
2 9
3 9
4 6
5 7
6 0
7 2
8 8

1 7
2 5
3 9
4 2
5 8
6 8
7 2
8 9

1 2
2 9
3 9
4 6
5 7
6 0
7 2
8 8

1 7
2 5
3 9
4 2
5 8
6 8
7 2
8 9

1 2
2 9
3 9
4 6
5 7
6 0
7 2
8 8