1 0
2 0
3 0
4 0
5 0
6 0
7 0
8 0
9 0
10 0
11 0
12 0
13 0
14 0
15 0
16 0

1 20
2 17
3 15
4 20
5 20
6 10
7 16
8 18
9 15
10 14
11 18
12 11
13 14
14 14
15 12
16 16

1 17
2 17
3 13
4 11
5 20
6 10
7 10
8 12
9 16
10 19
11 18
12 20
13 12
14 19
15 11
16 11

1 20
2 17
3 15
4 20
5 20
6 10
7 16
8 18
9 15
10 14
11 18
12 11
13 14
14 14
15 12
16 16

1 17
2 17
3 13
4 11
5 20
6 10
7 10
8 12
9 16
10 19
11 18
12 20
13 12
14 19
15 11
16 11

1 20
2 17
3 15
4 20
5 20
6 10
7 16
8 18
9 15
10 14
11 18
12 11
13 14
14 14
15 12
16 16

1 17
2 17
3 13
4 11
5 20
6 10
7 10
8 12
9 16
10 19
11 18
12 20
13 12
14 19
15 11
16 11

1 20
2 17
3 15
4 20
5 20
6 10
7 16
8 18
9 15
10 14
11 18
12 11
13 14
14 14
15 12
16 16

1 17
2 17
3 13
4 11
5 20
6 10
7 10
8 12
9 16
10 19
11 18
12 20
13 12
14 19
15 11
16 11

1 20
2 17
3 15
4 20
5 20
6 10
7 16
8 18
9 15
10 14
11 18
12 11
13 14
14 14
15 12
16 16

1 17
2 17
3 13
4 11
5 20
6 10
7 10
8 12
9 16
10 19
11 18
12 20
13 12
14 19
15 11
16 11

1 20
2 17
3 15
4 20
5 20
6 10
7 16
8 18
9 15
10 14
11 18
12 11
13 14
14 14
15 12
16 16

1 17
2 17
3 13
4 11
5 20
6 10
7 10
8 12
9 16
10 19
11 18
12 20
13 12
14 19
15 11
16 11

1 20
2 17
3 15
4 20
5 20
6 10
7 16
8 18
9 15
10 14
11 18
12 11
13 14
14 14
15 12
16 16

1 17
2 17
3 13
4 11
5 20
6 10
7 10
8 12
9 16
10 19
11 18
12 20
13 12
14 19
15 11
16 11

1 20
2 17
3 15
4 20
5 20
6 10
7 16
8 18
9 15
10 14
11 18
12 11
13 14
14 14
15 12
16 16

1 17
2 17
3 13
4 11
5 20
6 10
7 10
8 12
9 16
10 19
11 18
12 20
13 12
14 19
15 11
16 11

1 20
2 17
3 15
4 20
5 20
6 10
7 16
8 18
9 15
10 14
11 18
12 11
13 14
14 14
15 12
16 16

1 17
2 17
3 13
4 11
5 20
6 10
7 10
8 12
9 16
10 19
11 18
12 20
13 12
14 19
15 11
16 11

1 20
2 17
3 15
4 20
5 20
6 10
7 16
8 18
9 15
10 14
11 18
12 11
13 14
14 14
15 12
16 16

1 17
2 17
3 13
4 11
5 20
6 10
7 10
8 12
9 16
10 19
11 18
12 20
13 12
14 19
15 11
16 11