1 0
2 0
3 0
4 0

1 1
2 2
3 5
4 6

1 4
2 9
3 7
4 7

1 1
2 2
3 5
4 6

1 4
2 9
3 7
4 7

1 1
2 2
3 5
4 6

1 4
2 9
3 7
4 7

1 1
2 2
3 5
4 6

1 4
2 9
3 7
4 7

1 1
2 2
3 5
4 6

1 4
2 9
3 7
4 7

1 1
2 2
3 5
4 6

1 4
2 9
3 7
4 7

1 1
2 2
3 5
4 6

1 4
2 9
3 7
4 7

1 1
2 2
3 5
4 6

1 4
2 9
3 7
4 7

1 1
2 2
3 5
4 6

1 4
2 9
3 7
4 7

1 1
2 2
3 5
4 6

1 4
2 9
3 7
4 7

1 1
2 2
3 5
4 6

1 4
2 9
3 7
4 7

1 1
2 2
3 5
4 6

1 4
2 9
3 7
4 7

1 1
2 2
3 5
4 6

1 4
2 9
3 7
4 7

1 1
2 2
3 5
4 6

1 4
2 9
3 7
4 7

1 1
2 2
3 5
4 6

1 4
2 9
3 7
4 7