1 0
2 0
3 0
4 0

1 2
2 8
3 3
4 8

1 5
2 9
3 9
4 4

1 3
2 5
3 2
4 0

1 6
2 6
3 4
4 4

1 2
2 8
3 3
4 8

1 5
2 9
3 9
4 4

1 3
2 5
3 2
4 0

1 6
2 6
3 4
4 4

1 2
2 8
3 3
4 8

1 5
2 9
3 9
4 4

1 3
2 5
3 2
4 0

1 6
2 6
3 4
4 4

1 2
2 8
3 3
4 8

1 5
2 9
3 9
4 4

1 3
2 5
3 2
4 0

1 6
2 6
3 4
4 4

1 2
2 8
3 3
4 8

1 5
2 9
3 9
4 4

1 3
2 5
3 2
4 0

1 6
2 6
3 4
4 4

1 2
2 8
3 3
4 8

1 5
2 9
3 9
4 4

1 3
2 5
3 2
4 0

1 6
2 6
3 4
4 4

1 2
2 8
3 3
4 8

1 5
2 9
3 9
4 4

1 3
2 5
3 2
4 0

1 6
2 6
3 4
4 4

1 2
2 8
3 3
4 8

1 5
2 9
3 9
4 4

1 3
2 5
3 2
4 0

1 6
2 6
3 4
4 4

1 2
2 8
3 3
4 8

1 5
2 9
3 9
4 4

1 3
2 5
3 2
4 0

1 6
2 6
3 4
4 4

1 2
2 8
3 3
4 8

1 5
2 9
3 9
4 4

1 3
2 5
3 2
4 0

1 6
2 6
3 4
4 4

1 2
2 8
3 3
4 8

1 5
2 9
3 9
4 4

1 3
2 5
3 2
4 0

1 6
2 6
3 4
4 4

1 2
2 8
3 3
4 8

1 5
2 9
3 9
4 4

1 3
2 5
3 2
4 0

1 6
2 6
3 4
4 4

1 2
2 8
3 3
4 8

1 5
2 9
3 9
4 4

1 3
2 5
3 2
4 0

1 6
2 6
3 4
4 4

1 2
2 8
3 3
4 8

1 5
2 9
3 9
4 4

1 3
2 5
3 2
4 0

1 6
2 6
3 4
4 4

1 2
2 8
3 3
4 8

1 5
2 9
3 9
4 4

1 3
2 5
3 2
4 0

1 6
2 6
3 4
4 4