1 0
2 0
3 0
4 0

1 18
2 20
3 16
4 11

1 18
2 17
3 17
4 12

1 12
2 12
3 12
4 14

1 16
2 15
3 15
4 10

1 20
2 10
3 17
4 20

1 18
2 10
3 18
4 14

1 18
2 20
3 16
4 11

1 18
2 17
3 17
4 12

1 12
2 12
3 12
4 14

1 16
2 15
3 15
4 10

1 20
2 10
3 17
4 20

1 18
2 10
3 18
4 14

1 18
2 20
3 16
4 11

1 18
2 17
3 17
4 12

1 12
2 12
3 12
4 14

1 16
2 15
3 15
4 10

1 20
2 10
3 17
4 20

1 18
2 10
3 18
4 14

1 18
2 20
3 16
4 11

1 18
2 17
3 17
4 12

1 12
2 12
3 12
4 14

1 16
2 15
3 15
4 10

1 20
2 10
3 17
4 20

1 18
2 10
3 18
4 14

1 18
2 20
3 16
4 11

1 18
2 17
3 17
4 12

1 12
2 12
3 12
4 14

1 16
2 15
3 15
4 10

1 20
2 10
3 17
4 20

1 18
2 10
3 18
4 14

1 18
2 20
3 16
4 11

1 18
2 17
3 17
4 12

1 12
2 12
3 12
4 14

1 16
2 15
3 15
4 10

1 20
2 10
3 17
4 20

1 18
2 10
3 18
4 14

1 18
2 20
3 16
4 11

1 18
2 17
3 17
4 12

1 12
2 12
3 12
4 14

1 16
2 15
3 15
4 10

1 20
2 10
3 17
4 20

1 18
2 10
3 18
4 14

1 18
2 20
3 16
4 11

1 18
2 17
3 17
4 12

1 12
2 12
3 12
4 14

1 16
2 15
3 15
4 10

1 20
2 10
3 17
4 20

1 18
2 10
3 18
4 14

1 18
2 20
3 16
4 11

1 18
2 17
3 17
4 12

1 12
2 12
3 12
4 14

1 16
2 15
3 15
4 10

1 20
2 10
3 17
4 20

1 18
2 10
3 18
4 14

1 18
2 20
3 16
4 11

1 18
2 17
3 17
4 12

1 12
2 12
3 12
4 14

1 16
2 15
3 15
4 10

1 20
2 10
3 17
4 20

1 18
2 10
3 18
4 14