1 0
2 0
3 0
4 0

1 16
2 17
3 18
4 20

1 19
2 12
3 14
4 16

1 15
2 14
3 10
4 18

1 16
2 18
3 20
4 12

1 13
2 12
3 13
4 18

1 20
2 11
3 19
4 10

1 16
2 17
3 18
4 20

1 19
2 12
3 14
4 16

1 15
2 14
3 10
4 18

1 16
2 18
3 20
4 12

1 13
2 12
3 13
4 18

1 20
2 11
3 19
4 10

1 16
2 17
3 18
4 20

1 19
2 12
3 14
4 16

1 15
2 14
3 10
4 18

1 16
2 18
3 20
4 12

1 13
2 12
3 13
4 18

1 20
2 11
3 19
4 10

1 16
2 17
3 18
4 20

1 19
2 12
3 14
4 16

1 15
2 14
3 10
4 18

1 16
2 18
3 20
4 12

1 13
2 12
3 13
4 18

1 20
2 11
3 19
4 10

1 16
2 17
3 18
4 20

1 19
2 12
3 14
4 16

1 15
2 14
3 10
4 18

1 16
2 18
3 20
4 12

1 13
2 12
3 13
4 18

1 20
2 11
3 19
4 10

1 16
2 17
3 18
4 20

1 19
2 12
3 14
4 16

1 15
2 14
3 10
4 18

1 16
2 18
3 20
4 12

1 13
2 12
3 13
4 18

1 20
2 11
3 19
4 10

1 16
2 17
3 18
4 20

1 19
2 12
3 14
4 16

1 15
2 14
3 10
4 18

1 16
2 18
3 20
4 12

1 13
2 12
3 13
4 18

1 20
2 11
3 19
4 10

1 16
2 17
3 18
4 20

1 19
2 12
3 14
4 16

1 15
2 14
3 10
4 18

1 16
2 18
3 20
4 12

1 13
2 12
3 13
4 18

1 20
2 11
3 19
4 10

1 16
2 17
3 18
4 20

1 19
2 12
3 14
4 16

1 15
2 14
3 10
4 18

1 16
2 18
3 20
4 12

1 13
2 12
3 13
4 18

1 20
2 11
3 19
4 10

1 16
2 17
3 18
4 20

1 19
2 12
3 14
4 16

1 15
2 14
3 10
4 18

1 16
2 18
3 20
4 12

1 13
2 12
3 13
4 18

1 20
2 11
3 19
4 10

1 16
2 17
3 18
4 20

1 19
2 12
3 14
4 16

1 15
2 14
3 10
4 18

1 16
2 18
3 20
4 12

1 13
2 12
3 13
4 18

1 20
2 11
3 19
4 10

1 16
2 17
3 18
4 20

1 19
2 12
3 14
4 16

1 15
2 14
3 10
4 18

1 16
2 18
3 20
4 12

1 13
2 12
3 13
4 18

1 20
2 11
3 19
4 10

1 16
2 17
3 18
4 20

1 19
2 12
3 14
4 16

1 15
2 14
3 10
4 18

1 16
2 18
3 20
4 12

1 13
2 12
3 13
4 18

1 20
2 11
3 19
4 10

1 16
2 17
3 18
4 20

1 19
2 12
3 14
4 16

1 15
2 14
3 10
4 18

1 16
2 18
3 20
4 12

1 13
2 12
3 13
4 18

1 20
2 11
3 19
4 10

1 16
2 17
3 18
4 20

1 19
2 12
3 14
4 16

1 15
2 14
3 10
4 18

1 16
2 18
3 20
4 12

1 13
2 12
3 13
4 18

1 20
2 11
3 19
4 10