1 0
2 0
3 0
4 0
5 0
6 0
7 0
8 0

1 9
2 4
3 2
4 8
5 4
6 7
7 1
8 3

1 5
2 6
3 7
4 3
5 0
6 5
7 4
8 3

1 3
2 4
3 1
4 0
5 1
6 8
7 9
8 4

1 2
2 2
3 0
4 3
5 6
6 3
7 6
8 6

1 5
2 3
3 3
4 3
5 7
6 0
7 2
8 6

1 6
2 1
3 9
4 5
5 9
6 0
7 7
8 7

1 9
2 4
3 2
4 8
5 4
6 7
7 1
8 3

1 5
2 6
3 7
4 3
5 0
6 5
7 4
8 3

1 3
2 4
3 1
4 0
5 1
6 8
7 9
8 4

1 2
2 2
3 0
4 3
5 6
6 3
7 6
8 6

1 5
2 3
3 3
4 3
5 7
6 0
7 2
8 6

1 6
2 1
3 9
4 5
5 9
6 0
7 7
8 7

1 9
2 4
3 2
4 8
5 4
6 7
7 1
8 3

1 5
2 6
3 7
4 3
5 0
6 5
7 4
8 3

1 3
2 4
3 1
4 0
5 1
6 8
7 9
8 4

1 2
2 2
3 0
4 3
5 6
6 3
7 6
8 6

1 5
2 3
3 3
4 3
5 7
6 0
7 2
8 6

1 6
2 1
3 9
4 5
5 9
6 0
7 7
8 7

1 9
2 4
3 2
4 8
5 4
6 7
7 1
8 3

1 5
2 6
3 7
4 3
5 0
6 5
7 4
8 3

1 3
2 4
3 1
4 0
5 1
6 8
7 9
8 4

1 2
2 2
3 0
4 3
5 6
6 3
7 6
8 6

1 5
2 3
3 3
4 3
5 7
6 0
7 2
8 6

1 6
2 1
3 9
4 5
5 9
6 0
7 7
8 7

1 9
2 4
3 2
4 8
5 4
6 7
7 1
8 3

1 5
2 6
3 7
4 3
5 0
6 5
7 4
8 3

1 3
2 4
3 1
4 0
5 1
6 8
7 9
8 4

1 2
2 2
3 0
4 3
5 6
6 3
7 6
8 6

1 5
2 3
3 3
4 3
5 7
6 0
7 2
8 6

1 6
2 1
3 9
4 5
5 9
6 0
7 7
8 7

1 9
2 4
3 2
4 8
5 4
6 7
7 1
8 3

1 5
2 6
3 7
4 3
5 0
6 5
7 4
8 3

1 3
2 4
3 1
4 0
5 1
6 8
7 9
8 4

1 2
2 2
3 0
4 3
5 6
6 3
7 6
8 6

1 5
2 3
3 3
4 3
5 7
6 0
7 2
8 6

1 6
2 1
3 9
4 5
5 9
6 0
7 7
8 7

1 9
2 4
3 2
4 8
5 4
6 7
7 1
8 3

1 5
2 6
3 7
4 3
5 0
6 5
7 4
8 3

1 3
2 4
3 1
4 0
5 1
6 8
7 9
8 4

1 2
2 2
3 0
4 3
5 6
6 3
7 6
8 6

1 5
2 3
3 3
4 3
5 7
6 0
7 2
8 6

1 6
2 1
3 9
4 5
5 9
6 0
7 7
8 7

1 9
2 4
3 2
4 8
5 4
6 7
7 1
8 3

1 5
2 6
3 7
4 3
5 0
6 5
7 4
8 3

1 3
2 4
3 1
4 0
5 1
6 8
7 9
8 4

1 2
2 2
3 0
4 3
5 6
6 3
7 6
8 6

1 5
2 3
3 3
4 3
5 7
6 0
7 2
8 6

1 6
2 1
3 9
4 5
5 9
6 0
7 7
8 7

1 9
2 4
3 2
4 8
5 4
6 7
7 1
8 3

1 5
2 6
3 7
4 3
5 0
6 5
7 4
8 3

1 3
2 4
3 1
4 0
5 1
6 8
7 9
8 4

1 2
2 2
3 0
4 3
5 6
6 3
7 6
8 6

1 5
2 3
3 3
4 3
5 7
6 0
7 2
8 6

1 6
2 1
3 9
4 5
5 9
6 0
7 7
8 7

1 9
2 4
3 2
4 8
5 4
6 7
7 1
8 3

1 5
2 6
3 7
4 3
5 0
6 5
7 4
8 3

1 3
2 4
3 1
4 0
5 1
6 8
7 9
8 4

1 2
2 2
3 0
4 3
5 6
6 3
7 6
8 6

1 5
2 3
3 3
4 3
5 7
6 0
7 2
8 6

1 6
2 1
3 9
4 5
5 9
6 0
7 7
8 7

1 9
2 4
3 2
4 8
5 4
6 7
7 1
8 3

1 5
2 6
3 7
4 3
5 0
6 5
7 4
8 3

1 3
2 4
3 1
4 0
5 1
6 8
7 9
8 4

1 2
2 2
3 0
4 3
5 6
6 3
7 6
8 6

1 5
2 3
3 3
4 3
5 7
6 0
7 2
8 6

1 6
2 1
3 9
4 5
5 9
6 0
7 7
8 7

1 9
2 4
3 2
4 8
5 4
6 7
7 1
8 3

1 5
2 6
3 7
4 3
5 0
6 5
7 4
8 3

1 3
2 4
3 1
4 0
5 1
6 8
7 9
8 4

1 2
2 2
3 0
4 3
5 6
6 3
7 6
8 6

1 5
2 3
3 3
4 3
5 7
6 0
7 2
8 6

1 6
2 1
3 9
4 5
5 9
6 0
7 7
8 7

1 9
2 4
3 2
4 8
5 4
6 7
7 1
8 3

1 5
2 6
3 7
4 3
5 0
6 5
7 4
8 3

1 3
2 4
3 1
4 0
5 1
6 8
7 9
8 4

1 2
2 2
3 0
4 3
5 6
6 3
7 6
8 6

1 5
2 3
3 3
4 3
5 7
6 0
7 2
8 6

1 6
2 1
3 9
4 5
5 9
6 0
7 7
8 7

1 9
2 4
3 2
4 8
5 4
6 7
7 1
8 3

1 5
2 6
3 7
4 3
5 0
6 5
7 4
8 3

1 3
2 4
3 1
4 0
5 1
6 8
7 9
8 4

1 2
2 2
3 0
4 3
5 6
6 3
7 6
8 6

1 5
2 3
3 3
4 3
5 7
6 0
7 2
8 6

1 6
2 1
3 9
4 5
5 9
6 0
7 7
8 7

1 9
2 4
3 2
4 8
5 4
6 7
7 1
8 3

1 5
2 6
3 7
4 3
5 0
6 5
7 4
8 3

1 3
2 4
3 1
4 0
5 1
6 8
7 9
8 4

1 2
2 2
3 0
4 3
5 6
6 3
7 6
8 6

1 5
2 3
3 3
4 3
5 7
6 0
7 2
8 6

1 6
2 1
3 9
4 5
5 9
6 0
7 7
8 7