1 0
2 0
3 0
4 0
5 0
6 0
7 0
8 0
9 0
10 0
11 0
12 0
13 0
14 0
15 0
16 0

1 6
2 1
3 0
4 8
5 0
6 6
7 7
8 4
9 4
10 4
11 9
12 6
13 3
14 9
15 5
16 1

1 6
2 9
3 5
4 9
5 9
6 4
7 7
8 4
9 3
10 1
11 1
12 1
13 7
14 0
15 8
16 0

1 7
2 0
3 5
4 9
5 7
6 6
7 7
8 5
9 8
10 6
11 8
12 7
13 0
14 9
15 4
16 7

1 0
2 1
3 6
4 0
5 6
6 9
7 4
8 4
9 1
10 7
11 2
12 6
13 9
14 3
15 4
16 5

1 6
2 1
3 0
4 8
5 0
6 6
7 7
8 4
9 4
10 4
11 9
12 6
13 3
14 9
15 5
16 1

1 6
2 9
3 5
4 9
5 9
6 4
7 7
8 4
9 3
10 1
11 1
12 1
13 7
14 0
15 8
16 0

1 7
2 0
3 5
4 9
5 7
6 6
7 7
8 5
9 8
10 6
11 8
12 7
13 0
14 9
15 4
16 7

1 0
2 1
3 6
4 0
5 6
6 9
7 4
8 4
9 1
10 7
11 2
12 6
13 9
14 3
15 4
16 5

1 6
2 1
3 0
4 8
5 0
6 6
7 7
8 4
9 4
10 4
11 9
12 6
13 3
14 9
15 5
16 1

1 6
2 9
3 5
4 9
5 9
6 4
7 7
8 4
9 3
10 1
11 1
12 1
13 7
14 0
15 8
16 0

1 7
2 0
3 5
4 9
5 7
6 6
7 7
8 5
9 8
10 6
11 8
12 7
13 0
14 9
15 4
16 7

1 0
2 1
3 6
4 0
5 6
6 9
7 4
8 4
9 1
10 7
11 2
12 6
13 9
14 3
15 4
16 5

1 6
2 1
3 0
4 8
5 0
6 6
7 7
8 4
9 4
10 4
11 9
12 6
13 3
14 9
15 5
16 1

1 6
2 9
3 5
4 9
5 9
6 4
7 7
8 4
9 3
10 1
11 1
12 1
13 7
14 0
15 8
16 0

1 7
2 0
3 5
4 9
5 7
6 6
7 7
8 5
9 8
10 6
11 8
12 7
13 0
14 9
15 4
16 7

1 0
2 1
3 6
4 0
5 6
6 9
7 4
8 4
9 1
10 7
11 2
12 6
13 9
14 3
15 4
16 5

1 6
2 1
3 0
4 8
5 0
6 6
7 7
8 4
9 4
10 4
11 9
12 6
13 3
14 9
15 5
16 1

1 6
2 9
3 5
4 9
5 9
6 4
7 7
8 4
9 3
10 1
11 1
12 1
13 7
14 0
15 8
16 0

1 7
2 0
3 5
4 9
5 7
6 6
7 7
8 5
9 8
10 6
11 8
12 7
13 0
14 9
15 4
16 7

1 0
2 1
3 6
4 0
5 6
6 9
7 4
8 4
9 1
10 7
11 2
12 6
13 9
14 3
15 4
16 5

1 6
2 1
3 0
4 8
5 0
6 6
7 7
8 4
9 4
10 4
11 9
12 6
13 3
14 9
15 5
16 1

1 6
2 9
3 5
4 9
5 9
6 4
7 7
8 4
9 3
10 1
11 1
12 1
13 7
14 0
15 8
16 0

1 7
2 0
3 5
4 9
5 7
6 6
7 7
8 5
9 8
10 6
11 8
12 7
13 0
14 9
15 4
16 7

1 0
2 1
3 6
4 0
5 6
6 9
7 4
8 4
9 1
10 7
11 2
12 6
13 9
14 3
15 4
16 5

1 6
2 1
3 0
4 8
5 0
6 6
7 7
8 4
9 4
10 4
11 9
12 6
13 3
14 9
15 5
16 1

1 6
2 9
3 5
4 9
5 9
6 4
7 7
8 4
9 3
10 1
11 1
12 1
13 7
14 0
15 8
16 0

1 7
2 0
3 5
4 9
5 7
6 6
7 7
8 5
9 8
10 6
11 8
12 7
13 0
14 9
15 4
16 7

1 0
2 1
3 6
4 0
5 6
6 9
7 4
8 4
9 1
10 7
11 2
12 6
13 9
14 3
15 4
16 5

1 6
2 1
3 0
4 8
5 0
6 6
7 7
8 4
9 4
10 4
11 9
12 6
13 3
14 9
15 5
16 1

1 6
2 9
3 5
4 9
5 9
6 4
7 7
8 4
9 3
10 1
11 1
12 1
13 7
14 0
15 8
16 0

1 7
2 0
3 5
4 9
5 7
6 6
7 7
8 5
9 8
10 6
11 8
12 7
13 0
14 9
15 4
16 7

1 0
2 1
3 6
4 0
5 6
6 9
7 4
8 4
9 1
10 7
11 2
12 6
13 9
14 3
15 4
16 5

1 6
2 1
3 0
4 8
5 0
6 6
7 7
8 4
9 4
10 4
11 9
12 6
13 3
14 9
15 5
16 1

1 6
2 9
3 5
4 9
5 9
6 4
7 7
8 4
9 3
10 1
11 1
12 1
13 7
14 0
15 8
16 0

1 7
2 0
3 5
4 9
5 7
6 6
7 7
8 5
9 8
10 6
11 8
12 7
13 0
14 9
15 4
16 7

1 0
2 1
3 6
4 0
5 6
6 9
7 4
8 4
9 1
10 7
11 2
12 6
13 9
14 3
15 4
16 5

1 6
2 1
3 0
4 8
5 0
6 6
7 7
8 4
9 4
10 4
11 9
12 6
13 3
14 9
15 5
16 1

1 6
2 9
3 5
4 9
5 9
6 4
7 7
8 4
9 3
10 1
11 1
12 1
13 7
14 0
15 8
16 0

1 7
2 0
3 5
4 9
5 7
6 6
7 7
8 5
9 8
10 6
11 8
12 7
13 0
14 9
15 4
16 7

1 0
2 1
3 6
4 0
5 6
6 9
7 4
8 4
9 1
10 7
11 2
12 6
13 9
14 3
15 4
16 5

1 6
2 1
3 0
4 8
5 0
6 6
7 7
8 4
9 4
10 4
11 9
12 6
13 3
14 9
15 5
16 1

1 6
2 9
3 5
4 9
5 9
6 4
7 7
8 4
9 3
10 1
11 1
12 1
13 7
14 0
15 8
16 0

1 7
2 0
3 5
4 9
5 7
6 6
7 7
8 5
9 8
10 6
11 8
12 7
13 0
14 9
15 4
16 7

1 0
2 1
3 6
4 0
5 6
6 9
7 4
8 4
9 1
10 7
11 2
12 6
13 9
14 3
15 4
16 5

1 6
2 1
3 0
4 8
5 0
6 6
7 7
8 4
9 4
10 4
11 9
12 6
13 3
14 9
15 5
16 1

1 6
2 9
3 5
4 9
5 9
6 4
7 7
8 4
9 3
10 1
11 1
12 1
13 7
14 0
15 8
16 0

1 7
2 0
3 5
4 9
5 7
6 6
7 7
8 5
9 8
10 6
11 8
12 7
13 0
14 9
15 4
16 7

1 0
2 1
3 6
4 0
5 6
6 9
7 4
8 4
9 1
10 7
11 2
12 6
13 9
14 3
15 4
16 5

1 6
2 1
3 0
4 8
5 0
6 6
7 7
8 4
9 4
10 4
11 9
12 6
13 3
14 9
15 5
16 1

1 6
2 9
3 5
4 9
5 9
6 4
7 7
8 4
9 3
10 1
11 1
12 1
13 7
14 0
15 8
16 0

1 7
2 0
3 5
4 9
5 7
6 6
7 7
8 5
9 8
10 6
11 8
12 7
13 0
14 9
15 4
16 7

1 0
2 1
3 6
4 0
5 6
6 9
7 4
8 4
9 1
10 7
11 2
12 6
13 9
14 3
15 4
16 5

1 6
2 1
3 0
4 8
5 0
6 6
7 7
8 4
9 4
10 4
11 9
12 6
13 3
14 9
15 5
16 1

1 6
2 9
3 5
4 9
5 9
6 4
7 7
8 4
9 3
10 1
11 1
12 1
13 7
14 0
15 8
16 0

1 7
2 0
3 5
4 9
5 7
6 6
7 7
8 5
9 8
10 6
11 8
12 7
13 0
14 9
15 4
16 7

1 0
2 1
3 6
4 0
5 6
6 9
7 4
8 4
9 1
10 7
11 2
12 6
13 9
14 3
15 4
16 5

1 6
2 1
3 0
4 8
5 0
6 6
7 7
8 4
9 4
10 4
11 9
12 6
13 3
14 9
15 5
16 1

1 6
2 9
3 5
4 9
5 9
6 4
7 7
8 4
9 3
10 1
11 1
12 1
13 7
14 0
15 8
16 0

1 7
2 0
3 5
4 9
5 7
6 6
7 7
8 5
9 8
10 6
11 8
12 7
13 0
14 9
15 4
16 7

1 0
2 1
3 6
4 0
5 6
6 9
7 4
8 4
9 1
10 7
11 2
12 6
13 9
14 3
15 4
16 5