1 0
2 0
3 0
4 0
5 0
6 0
7 0
8 0

1 14
2 12
3 20
4 11
5 11
6 16
7 19
8 14

1 14
2 18
3 15
4 11
5 20
6 15
7 11
8 12

1 14
2 12
3 20
4 11
5 11
6 16
7 19
8 14

1 14
2 18
3 15
4 11
5 20
6 15
7 11
8 12

1 14
2 12
3 20
4 11
5 11
6 16
7 19
8 14

1 14
2 18
3 15
4 11
5 20
6 15
7 11
8 12

1 14
2 12
3 20
4 11
5 11
6 16
7 19
8 14

1 14
2 18
3 15
4 11
5 20
6 15
7 11
8 12

1 14
2 12
3 20
4 11
5 11
6 16
7 19
8 14

1 14
2 18
3 15
4 11
5 20
6 15
7 11
8 12

1 14
2 12
3 20
4 11
5 11
6 16
7 19
8 14

1 14
2 18
3 15
4 11
5 20
6 15
7 11
8 12

1 14
2 12
3 20
4 11
5 11
6 16
7 19
8 14

1 14
2 18
3 15
4 11
5 20
6 15
7 11
8 12

1 14
2 12
3 20
4 11
5 11
6 16
7 19
8 14

1 14
2 18
3 15
4 11
5 20
6 15
7 11
8 12

1 14
2 12
3 20
4 11
5 11
6 16
7 19
8 14

1 14
2 18
3 15
4 11
5 20
6 15
7 11
8 12

1 14
2 12
3 20
4 11
5 11
6 16
7 19
8 14

1 14
2 18
3 15
4 11
5 20
6 15
7 11
8 12

1 14
2 12
3 20
4 11
5 11
6 16
7 19
8 14

1 14
2 18
3 15
4 11
5 20
6 15
7 11
8 12

1 14
2 12
3 20
4 11
5 11
6 16
7 19
8 14

1 14
2 18
3 15
4 11
5 20
6 15
7 11
8 12

1 14
2 12
3 20
4 11
5 11
6 16
7 19
8 14

1 14
2 18
3 15
4 11
5 20
6 15
7 11
8 12

1 14
2 12
3 20
4 11
5 11
6 16
7 19
8 14

1 14
2 18
3 15
4 11
5 20
6 15
7 11
8 12

1 14
2 12
3 20
4 11
5 11
6 16
7 19
8 14

1 14
2 18
3 15
4 11
5 20
6 15
7 11
8 12

1 14
2 12
3 20
4 11
5 11
6 16
7 19
8 14

1 14
2 18
3 15
4 11
5 20
6 15
7 11
8 12

1 14
2 12
3 20
4 11
5 11
6 16
7 19
8 14

1 14
2 18
3 15
4 11
5 20
6 15
7 11
8 12

1 14
2 12
3 20
4 11
5 11
6 16
7 19
8 14

1 14
2 18
3 15
4 11
5 20
6 15
7 11
8 12

1 14
2 12
3 20
4 11
5 11
6 16
7 19
8 14

1 14
2 18
3 15
4 11
5 20
6 15
7 11
8 12

1 14
2 12
3 20
4 11
5 11
6 16
7 19
8 14

1 14
2 18
3 15
4 11
5 20
6 15
7 11
8 12