1 0
2 0
3 0
4 0
5 0
6 0
7 0
8 0

1 8
2 9
3 4
4 7
5 2
6 5
7 3
8 6

1 7
2 1
3 0
4 0
5 3
6 2
7 0
8 6

1 7
2 5
3 0
4 0
5 6
6 4
7 5
8 3

1 6
2 7
3 8
4 8
5 2
6 2
7 4
8 2

1 8
2 9
3 4
4 7
5 2
6 5
7 3
8 6

1 7
2 1
3 0
4 0
5 3
6 2
7 0
8 6

1 7
2 5
3 0
4 0
5 6
6 4
7 5
8 3

1 6
2 7
3 8
4 8
5 2
6 2
7 4
8 2

1 8
2 9
3 4
4 7
5 2
6 5
7 3
8 6

1 7
2 1
3 0
4 0
5 3
6 2
7 0
8 6

1 7
2 5
3 0
4 0
5 6
6 4
7 5
8 3

1 6
2 7
3 8
4 8
5 2
6 2
7 4
8 2

1 8
2 9
3 4
4 7
5 2
6 5
7 3
8 6

1 7
2 1
3 0
4 0
5 3
6 2
7 0
8 6

1 7
2 5
3 0
4 0
5 6
6 4
7 5
8 3

1 6
2 7
3 8
4 8
5 2
6 2
7 4
8 2

1 8
2 9
3 4
4 7
5 2
6 5
7 3
8 6

1 7
2 1
3 0
4 0
5 3
6 2
7 0
8 6

1 7
2 5
3 0
4 0
5 6
6 4
7 5
8 3

1 6
2 7
3 8
4 8
5 2
6 2
7 4
8 2

1 8
2 9
3 4
4 7
5 2
6 5
7 3
8 6

1 7
2 1
3 0
4 0
5 3
6 2
7 0
8 6

1 7
2 5
3 0
4 0
5 6
6 4
7 5
8 3

1 6
2 7
3 8
4 8
5 2
6 2
7 4
8 2

1 8
2 9
3 4
4 7
5 2
6 5
7 3
8 6

1 7
2 1
3 0
4 0
5 3
6 2
7 0
8 6

1 7
2 5
3 0
4 0
5 6
6 4
7 5
8 3

1 6
2 7
3 8
4 8
5 2
6 2
7 4
8 2

1 8
2 9
3 4
4 7
5 2
6 5
7 3
8 6

1 7
2 1
3 0
4 0
5 3
6 2
7 0
8 6

1 7
2 5
3 0
4 0
5 6
6 4
7 5
8 3

1 6
2 7
3 8
4 8
5 2
6 2
7 4
8 2

1 8
2 9
3 4
4 7
5 2
6 5
7 3
8 6

1 7
2 1
3 0
4 0
5 3
6 2
7 0
8 6

1 7
2 5
3 0
4 0
5 6
6 4
7 5
8 3

1 6
2 7
3 8
4 8
5 2
6 2
7 4
8 2

1 8
2 9
3 4
4 7
5 2
6 5
7 3
8 6

1 7
2 1
3 0
4 0
5 3
6 2
7 0
8 6

1 7
2 5
3 0
4 0
5 6
6 4
7 5
8 3

1 6
2 7
3 8
4 8
5 2
6 2
7 4
8 2

1 8
2 9
3 4
4 7
5 2
6 5
7 3
8 6

1 7
2 1
3 0
4 0
5 3
6 2
7 0
8 6

1 7
2 5
3 0
4 0
5 6
6 4
7 5
8 3

1 6
2 7
3 8
4 8
5 2
6 2
7 4
8 2

1 8
2 9
3 4
4 7
5 2
6 5
7 3
8 6

1 7
2 1
3 0
4 0
5 3
6 2
7 0
8 6

1 7
2 5
3 0
4 0
5 6
6 4
7 5
8 3

1 6
2 7
3 8
4 8
5 2
6 2
7 4
8 2

1 8
2 9
3 4
4 7
5 2
6 5
7 3
8 6

1 7
2 1
3 0
4 0
5 3
6 2
7 0
8 6

1 7
2 5
3 0
4 0
5 6
6 4
7 5
8 3

1 6
2 7
3 8
4 8
5 2
6 2
7 4
8 2

1 8
2 9
3 4
4 7
5 2
6 5
7 3
8 6

1 7
2 1
3 0
4 0
5 3
6 2
7 0
8 6

1 7
2 5
3 0
4 0
5 6
6 4
7 5
8 3

1 6
2 7
3 8
4 8
5 2
6 2
7 4
8 2

1 8
2 9
3 4
4 7
5 2
6 5
7 3
8 6

1 7
2 1
3 0
4 0
5 3
6 2
7 0
8 6

1 7
2 5
3 0
4 0
5 6
6 4
7 5
8 3

1 6
2 7
3 8
4 8
5 2
6 2
7 4
8 2