1 0
2 0
3 0
4 0
5 0
6 0
7 0
8 0
9 0
10 0
11 0
12 0
13 0
14 0
15 0
16 0

1 12
2 13
3 20
4 10
5 11
6 13
7 15
8 10
9 12
10 10
11 14
12 19
13 17
14 18
15 12
16 11

1 18
2 14
3 14
4 11
5 16
6 15
7 20
8 17
9 12
10 14
11 16
12 17
13 15
14 15
15 20
16 20

1 18
2 17
3 10
4 14
5 14
6 15
7 12
8 17
9 18
10 10
11 18
12 14
13 11
14 18
15 19
16 11

1 12
2 15
3 13
4 17
5 15
6 18
7 12
8 13
9 12
10 12
11 17
12 15
13 14
14 19
15 10
16 17

1 10
2 17
3 13
4 10
5 14
6 18
7 15
8 20
9 14
10 13
11 18
12 10
13 18
14 19
15 15
16 14

1 11
2 13
3 12
4 19
5 18
6 15
7 10
8 16
9 11
10 20
11 19
12 16
13 19
14 12
15 14
16 15

1 12
2 13
3 20
4 10
5 11
6 13
7 15
8 10
9 12
10 10
11 14
12 19
13 17
14 18
15 12
16 11

1 18
2 14
3 14
4 11
5 16
6 15
7 20
8 17
9 12
10 14
11 16
12 17
13 15
14 15
15 20
16 20

1 18
2 17
3 10
4 14
5 14
6 15
7 12
8 17
9 18
10 10
11 18
12 14
13 11
14 18
15 19
16 11

1 12
2 15
3 13
4 17
5 15
6 18
7 12
8 13
9 12
10 12
11 17
12 15
13 14
14 19
15 10
16 17

1 10
2 17
3 13
4 10
5 14
6 18
7 15
8 20
9 14
10 13
11 18
12 10
13 18
14 19
15 15
16 14

1 11
2 13
3 12
4 19
5 18
6 15
7 10
8 16
9 11
10 20
11 19
12 16
13 19
14 12
15 14
16 15

1 12
2 13
3 20
4 10
5 11
6 13
7 15
8 10
9 12
10 10
11 14
12 19
13 17
14 18
15 12
16 11

1 18
2 14
3 14
4 11
5 16
6 15
7 20
8 17
9 12
10 14
11 16
12 17
13 15
14 15
15 20
16 20

1 18
2 17
3 10
4 14
5 14
6 15
7 12
8 17
9 18
10 10
11 18
12 14
13 11
14 18
15 19
16 11

1 12
2 15
3 13
4 17
5 15
6 18
7 12
8 13
9 12
10 12
11 17
12 15
13 14
14 19
15 10
16 17

1 10
2 17
3 13
4 10
5 14
6 18
7 15
8 20
9 14
10 13
11 18
12 10
13 18
14 19
15 15
16 14

1 11
2 13
3 12
4 19
5 18
6 15
7 10
8 16
9 11
10 20
11 19
12 16
13 19
14 12
15 14
16 15

1 12
2 13
3 20
4 10
5 11
6 13
7 15
8 10
9 12
10 10
11 14
12 19
13 17
14 18
15 12
16 11

1 18
2 14
3 14
4 11
5 16
6 15
7 20
8 17
9 12
10 14
11 16
12 17
13 15
14 15
15 20
16 20

1 18
2 17
3 10
4 14
5 14
6 15
7 12
8 17
9 18
10 10
11 18
12 14
13 11
14 18
15 19
16 11

1 12
2 15
3 13
4 17
5 15
6 18
7 12
8 13
9 12
10 12
11 17
12 15
13 14
14 19
15 10
16 17

1 10
2 17
3 13
4 10
5 14
6 18
7 15
8 20
9 14
10 13
11 18
12 10
13 18
14 19
15 15
16 14

1 11
2 13
3 12
4 19
5 18
6 15
7 10
8 16
9 11
10 20
11 19
12 16
13 19
14 12
15 14
16 15

1 12
2 13
3 20
4 10
5 11
6 13
7 15
8 10
9 12
10 10
11 14
12 19
13 17
14 18
15 12
16 11

1 18
2 14
3 14
4 11
5 16
6 15
7 20
8 17
9 12
10 14
11 16
12 17
13 15
14 15
15 20
16 20

1 18
2 17
3 10
4 14
5 14
6 15
7 12
8 17
9 18
10 10
11 18
12 14
13 11
14 18
15 19
16 11

1 12
2 15
3 13
4 17
5 15
6 18
7 12
8 13
9 12
10 12
11 17
12 15
13 14
14 19
15 10
16 17

1 10
2 17
3 13
4 10
5 14
6 18
7 15
8 20
9 14
10 13
11 18
12 10
13 18
14 19
15 15
16 14

1 11
2 13
3 12
4 19
5 18
6 15
7 10
8 16
9 11
10 20
11 19
12 16
13 19
14 12
15 14
16 15

1 12
2 13
3 20
4 10
5 11
6 13
7 15
8 10
9 12
10 10
11 14
12 19
13 17
14 18
15 12
16 11

1 18
2 14
3 14
4 11
5 16
6 15
7 20
8 17
9 12
10 14
11 16
12 17
13 15
14 15
15 20
16 20

1 18
2 17
3 10
4 14
5 14
6 15
7 12
8 17
9 18
10 10
11 18
12 14
13 11
14 18
15 19
16 11

1 12
2 15
3 13
4 17
5 15
6 18
7 12
8 13
9 12
10 12
11 17
12 15
13 14
14 19
15 10
16 17

1 10
2 17
3 13
4 10
5 14
6 18
7 15
8 20
9 14
10 13
11 18
12 10
13 18
14 19
15 15
16 14

1 11
2 13
3 12
4 19
5 18
6 15
7 10
8 16
9 11
10 20
11 19
12 16
13 19
14 12
15 14
16 15

1 12
2 13
3 20
4 10
5 11
6 13
7 15
8 10
9 12
10 10
11 14
12 19
13 17
14 18
15 12
16 11

1 18
2 14
3 14
4 11
5 16
6 15
7 20
8 17
9 12
10 14
11 16
12 17
13 15
14 15
15 20
16 20

1 18
2 17
3 10
4 14
5 14
6 15
7 12
8 17
9 18
10 10
11 18
12 14
13 11
14 18
15 19
16 11

1 12
2 15
3 13
4 17
5 15
6 18
7 12
8 13
9 12
10 12
11 17
12 15
13 14
14 19
15 10
16 17

1 10
2 17
3 13
4 10
5 14
6 18
7 15
8 20
9 14
10 13
11 18
12 10
13 18
14 19
15 15
16 14

1 11
2 13
3 12
4 19
5 18
6 15
7 10
8 16
9 11
10 20
11 19
12 16
13 19
14 12
15 14
16 15

1 12
2 13
3 20
4 10
5 11
6 13
7 15
8 10
9 12
10 10
11 14
12 19
13 17
14 18
15 12
16 11

1 18
2 14
3 14
4 11
5 16
6 15
7 20
8 17
9 12
10 14
11 16
12 17
13 15
14 15
15 20
16 20

1 18
2 17
3 10
4 14
5 14
6 15
7 12
8 17
9 18
10 10
11 18
12 14
13 11
14 18
15 19
16 11

1 12
2 15
3 13
4 17
5 15
6 18
7 12
8 13
9 12
10 12
11 17
12 15
13 14
14 19
15 10
16 17

1 10
2 17
3 13
4 10
5 14
6 18
7 15
8 20
9 14
10 13
11 18
12 10
13 18
14 19
15 15
16 14

1 11
2 13
3 12
4 19
5 18
6 15
7 10
8 16
9 11
10 20
11 19
12 16
13 19
14 12
15 14
16 15

1 12
2 13
3 20
4 10
5 11
6 13
7 15
8 10
9 12
10 10
11 14
12 19
13 17
14 18
15 12
16 11

1 18
2 14
3 14
4 11
5 16
6 15
7 20
8 17
9 12
10 14
11 16
12 17
13 15
14 15
15 20
16 20

1 18
2 17
3 10
4 14
5 14
6 15
7 12
8 17
9 18
10 10
11 18
12 14
13 11
14 18
15 19
16 11

1 12
2 15
3 13
4 17
5 15
6 18
7 12
8 13
9 12
10 12
11 17
12 15
13 14
14 19
15 10
16 17

1 10
2 17
3 13
4 10
5 14
6 18
7 15
8 20
9 14
10 13
11 18
12 10
13 18
14 19
15 15
16 14

1 11
2 13
3 12
4 19
5 18
6 15
7 10
8 16
9 11
10 20
11 19
12 16
13 19
14 12
15 14
16 15

1 12
2 13
3 20
4 10
5 11
6 13
7 15
8 10
9 12
10 10
11 14
12 19
13 17
14 18
15 12
16 11

1 18
2 14
3 14
4 11
5 16
6 15
7 20
8 17
9 12
10 14
11 16
12 17
13 15
14 15
15 20
16 20

1 18
2 17
3 10
4 14
5 14
6 15
7 12
8 17
9 18
10 10
11 18
12 14
13 11
14 18
15 19
16 11

1 12
2 15
3 13
4 17
5 15
6 18
7 12
8 13
9 12
10 12
11 17
12 15
13 14
14 19
15 10
16 17

1 10
2 17
3 13
4 10
5 14
6 18
7 15
8 20
9 14
10 13
11 18
12 10
13 18
14 19
15 15
16 14

1 11
2 13
3 12
4 19
5 18
6 15
7 10
8 16
9 11
10 20
11 19
12 16
13 19
14 12
15 14
16 15

1 12
2 13
3 20
4 10
5 11
6 13
7 15
8 10
9 12
10 10
11 14
12 19
13 17
14 18
15 12
16 11

1 18
2 14
3 14
4 11
5 16
6 15
7 20
8 17
9 12
10 14
11 16
12 17
13 15
14 15
15 20
16 20

1 18
2 17
3 10
4 14
5 14
6 15
7 12
8 17
9 18
10 10
11 18
12 14
13 11
14 18
15 19
16 11

1 12
2 15
3 13
4 17
5 15
6 18
7 12
8 13
9 12
10 12
11 17
12 15
13 14
14 19
15 10
16 17

1 10
2 17
3 13
4 10
5 14
6 18
7 15
8 20
9 14
10 13
11 18
12 10
13 18
14 19
15 15
16 14

1 11
2 13
3 12
4 19
5 18
6 15
7 10
8 16
9 11
10 20
11 19
12 16
13 19
14 12
15 14
16 15

1 12
2 13
3 20
4 10
5 11
6 13
7 15
8 10
9 12
10 10
11 14
12 19
13 17
14 18
15 12
16 11

1 18
2 14
3 14
4 11
5 16
6 15
7 20
8 17
9 12
10 14
11 16
12 17
13 15
14 15
15 20
16 20

1 18
2 17
3 10
4 14
5 14
6 15
7 12
8 17
9 18
10 10
11 18
12 14
13 11
14 18
15 19
16 11

1 12
2 15
3 13
4 17
5 15
6 18
7 12
8 13
9 12
10 12
11 17
12 15
13 14
14 19
15 10
16 17

1 10
2 17
3 13
4 10
5 14
6 18
7 15
8 20
9 14
10 13
11 18
12 10
13 18
14 19
15 15
16 14

1 11
2 13
3 12
4 19
5 18
6 15
7 10
8 16
9 11
10 20
11 19
12 16
13 19
14 12
15 14
16 15

1 12
2 13
3 20
4 10
5 11
6 13
7 15
8 10
9 12
10 10
11 14
12 19
13 17
14 18
15 12
16 11

1 18
2 14
3 14
4 11
5 16
6 15
7 20
8 17
9 12
10 14
11 16
12 17
13 15
14 15
15 20
16 20

1 18
2 17
3 10
4 14
5 14
6 15
7 12
8 17
9 18
10 10
11 18
12 14
13 11
14 18
15 19
16 11

1 12
2 15
3 13
4 17
5 15
6 18
7 12
8 13
9 12
10 12
11 17
12 15
13 14
14 19
15 10
16 17

1 10
2 17
3 13
4 10
5 14
6 18
7 15
8 20
9 14
10 13
11 18
12 10
13 18
14 19
15 15
16 14

1 11
2 13
3 12
4 19
5 18
6 15
7 10
8 16
9 11
10 20
11 19
12 16
13 19
14 12
15 14
16 15

1 12
2 13
3 20
4 10
5 11
6 13
7 15
8 10
9 12
10 10
11 14
12 19
13 17
14 18
15 12
16 11

1 18
2 14
3 14
4 11
5 16
6 15
7 20
8 17
9 12
10 14
11 16
12 17
13 15
14 15
15 20
16 20

1 18
2 17
3 10
4 14
5 14
6 15
7 12
8 17
9 18
10 10
11 18
12 14
13 11
14 18
15 19
16 11

1 12
2 15
3 13
4 17
5 15
6 18
7 12
8 13
9 12
10 12
11 17
12 15
13 14
14 19
15 10
16 17

1 10
2 17
3 13
4 10
5 14
6 18
7 15
8 20
9 14
10 13
11 18
12 10
13 18
14 19
15 15
16 14

1 11
2 13
3 12
4 19
5 18
6 15
7 10
8 16
9 11
10 20
11 19
12 16
13 19
14 12
15 14
16 15

1 12
2 13
3 20
4 10
5 11
6 13
7 15
8 10
9 12
10 10
11 14
12 19
13 17
14 18
15 12
16 11

1 18
2 14
3 14
4 11
5 16
6 15
7 20
8 17
9 12
10 14
11 16
12 17
13 15
14 15
15 20
16 20

1 18
2 17
3 10
4 14
5 14
6 15
7 12
8 17
9 18
10 10
11 18
12 14
13 11
14 18
15 19
16 11

1 12
2 15
3 13
4 17
5 15
6 18
7 12
8 13
9 12
10 12
11 17
12 15
13 14
14 19
15 10
16 17

1 10
2 17
3 13
4 10
5 14
6 18
7 15
8 20
9 14
10 13
11 18
12 10
13 18
14 19
15 15
16 14

1 11
2 13
3 12
4 19
5 18
6 15
7 10
8 16
9 11
10 20
11 19
12 16
13 19
14 12
15 14
16 15

1 12
2 13
3 20
4 10
5 11
6 13
7 15
8 10
9 12
10 10
11 14
12 19
13 17
14 18
15 12
16 11

1 18
2 14
3 14
4 11
5 16
6 15
7 20
8 17
9 12
10 14
11 16
12 17
13 15
14 15
15 20
16 20

1 18
2 17
3 10
4 14
5 14
6 15
7 12
8 17
9 18
10 10
11 18
12 14
13 11
14 18
15 19
16 11

1 12
2 15
3 13
4 17
5 15
6 18
7 12
8 13
9 12
10 12
11 17
12 15
13 14
14 19
15 10
16 17

1 10
2 17
3 13
4 10
5 14
6 18
7 15
8 20
9 14
10 13
11 18
12 10
13 18
14 19
15 15
16 14

1 11
2 13
3 12
4 19
5 18
6 15
7 10
8 16
9 11
10 20
11 19
12 16
13 19
14 12
15 14
16 15

1 12
2 13
3 20
4 10
5 11
6 13
7 15
8 10
9 12
10 10
11 14
12 19
13 17
14 18
15 12
16 11

1 18
2 14
3 14
4 11
5 16
6 15
7 20
8 17
9 12
10 14
11 16
12 17
13 15
14 15
15 20
16 20

1 18
2 17
3 10
4 14
5 14
6 15
7 12
8 17
9 18
10 10
11 18
12 14
13 11
14 18
15 19
16 11

1 12
2 15
3 13
4 17
5 15
6 18
7 12
8 13
9 12
10 12
11 17
12 15
13 14
14 19
15 10
16 17

1 10
2 17
3 13
4 10
5 14
6 18
7 15
8 20
9 14
10 13
11 18
12 10
13 18
14 19
15 15
16 14

1 11
2 13
3 12
4 19
5 18
6 15
7 10
8 16
9 11
10 20
11 19
12 16
13 19
14 12
15 14
16 15

1 12
2 13
3 20
4 10
5 11
6 13
7 15
8 10
9 12
10 10
11 14
12 19
13 17
14 18
15 12
16 11

1 18
2 14
3 14
4 11
5 16
6 15
7 20
8 17
9 12
10 14
11 16
12 17
13 15
14 15
15 20
16 20

1 18
2 17
3 10
4 14
5 14
6 15
7 12
8 17
9 18
10 10
11 18
12 14
13 11
14 18
15 19
16 11

1 12
2 15
3 13
4 17
5 15
6 18
7 12
8 13
9 12
10 12
11 17
12 15
13 14
14 19
15 10
16 17

1 10
2 17
3 13
4 10
5 14
6 18
7 15
8 20
9 14
10 13
11 18
12 10
13 18
14 19
15 15
16 14

1 11
2 13
3 12
4 19
5 18
6 15
7 10
8 16
9 11
10 20
11 19
12 16
13 19
14 12
15 14
16 15

1 12
2 13
3 20
4 10
5 11
6 13
7 15
8 10
9 12
10 10
11 14
12 19
13 17
14 18
15 12
16 11

1 18
2 14
3 14
4 11
5 16
6 15
7 20
8 17
9 12
10 14
11 16
12 17
13 15
14 15
15 20
16 20

1 18
2 17
3 10
4 14
5 14
6 15
7 12
8 17
9 18
10 10
11 18
12 14
13 11
14 18
15 19
16 11

1 12
2 15
3 13
4 17
5 15
6 18
7 12
8 13
9 12
10 12
11 17
12 15
13 14
14 19
15 10
16 17

1 10
2 17
3 13
4 10
5 14
6 18
7 15
8 20
9 14
10 13
11 18
12 10
13 18
14 19
15 15
16 14

1 11
2 13
3 12
4 19
5 18
6 15
7 10
8 16
9 11
10 20
11 19
12 16
13 19
14 12
15 14
16 15

1 12
2 13
3 20
4 10
5 11
6 13
7 15
8 10
9 12
10 10
11 14
12 19
13 17
14 18
15 12
16 11

1 18
2 14
3 14
4 11
5 16
6 15
7 20
8 17
9 12
10 14
11 16
12 17
13 15
14 15
15 20
16 20

1 18
2 17
3 10
4 14
5 14
6 15
7 12
8 17
9 18
10 10
11 18
12 14
13 11
14 18
15 19
16 11

1 12
2 15
3 13
4 17
5 15
6 18
7 12
8 13
9 12
10 12
11 17
12 15
13 14
14 19
15 10
16 17

1 10
2 17
3 13
4 10
5 14
6 18
7 15
8 20
9 14
10 13
11 18
12 10
13 18
14 19
15 15
16 14

1 11
2 13
3 12
4 19
5 18
6 15
7 10
8 16
9 11
10 20
11 19
12 16
13 19
14 12
15 14
16 15