1 0
2 0
3 0
4 0
5 0
6 0
7 0
8 0
9 0
10 0
11 0
12 0
13 0
14 0
15 0
16 0

1 18
2 14
3 14
4 14
5 10
6 18
7 13
8 11
9 20
10 10
11 11
12 14
13 14
14 11
15 20
16 16

1 16
2 12
3 17
4 15
5 12
6 18
7 19
8 16
9 10
10 14
11 18
12 20
13 16
14 13
15 11
16 20

1 13
2 17
3 11
4 16
5 19
6 20
7 14
8 14
9 14
10 16
11 12
12 10
13 13
14 18
15 14
16 18

1 12
2 18
3 17
4 10
5 11
6 18
7 13
8 18
9 17
10 15
11 12
12 15
13 18
14 20
15 11
16 11

1 16
2 14
3 15
4 12
5 18
6 13
7 16
8 13
9 18
10 18
11 13
12 16
13 15
14 12
15 10
16 12

1 20
2 20
3 14
4 18
5 17
6 14
7 14
8 18
9 19
10 13
11 11
12 13
13 14
14 10
15 10
16 11

1 18
2 14
3 14
4 14
5 10
6 18
7 13
8 11
9 20
10 10
11 11
12 14
13 14
14 11
15 20
16 16

1 16
2 12
3 17
4 15
5 12
6 18
7 19
8 16
9 10
10 14
11 18
12 20
13 16
14 13
15 11
16 20

1 13
2 17
3 11
4 16
5 19
6 20
7 14
8 14
9 14
10 16
11 12
12 10
13 13
14 18
15 14
16 18

1 12
2 18
3 17
4 10
5 11
6 18
7 13
8 18
9 17
10 15
11 12
12 15
13 18
14 20
15 11
16 11

1 16
2 14
3 15
4 12
5 18
6 13
7 16
8 13
9 18
10 18
11 13
12 16
13 15
14 12
15 10
16 12

1 20
2 20
3 14
4 18
5 17
6 14
7 14
8 18
9 19
10 13
11 11
12 13
13 14
14 10
15 10
16 11

1 18
2 14
3 14
4 14
5 10
6 18
7 13
8 11
9 20
10 10
11 11
12 14
13 14
14 11
15 20
16 16

1 16
2 12
3 17
4 15
5 12
6 18
7 19
8 16
9 10
10 14
11 18
12 20
13 16
14 13
15 11
16 20

1 13
2 17
3 11
4 16
5 19
6 20
7 14
8 14
9 14
10 16
11 12
12 10
13 13
14 18
15 14
16 18

1 12
2 18
3 17
4 10
5 11
6 18
7 13
8 18
9 17
10 15
11 12
12 15
13 18
14 20
15 11
16 11

1 16
2 14
3 15
4 12
5 18
6 13
7 16
8 13
9 18
10 18
11 13
12 16
13 15
14 12
15 10
16 12

1 20
2 20
3 14
4 18
5 17
6 14
7 14
8 18
9 19
10 13
11 11
12 13
13 14
14 10
15 10
16 11

1 18
2 14
3 14
4 14
5 10
6 18
7 13
8 11
9 20
10 10
11 11
12 14
13 14
14 11
15 20
16 16

1 16
2 12
3 17
4 15
5 12
6 18
7 19
8 16
9 10
10 14
11 18
12 20
13 16
14 13
15 11
16 20

1 13
2 17
3 11
4 16
5 19
6 20
7 14
8 14
9 14
10 16
11 12
12 10
13 13
14 18
15 14
16 18

1 12
2 18
3 17
4 10
5 11
6 18
7 13
8 18
9 17
10 15
11 12
12 15
13 18
14 20
15 11
16 11

1 16
2 14
3 15
4 12
5 18
6 13
7 16
8 13
9 18
10 18
11 13
12 16
13 15
14 12
15 10
16 12

1 20
2 20
3 14
4 18
5 17
6 14
7 14
8 18
9 19
10 13
11 11
12 13
13 14
14 10
15 10
16 11

1 18
2 14
3 14
4 14
5 10
6 18
7 13
8 11
9 20
10 10
11 11
12 14
13 14
14 11
15 20
16 16

1 16
2 12
3 17
4 15
5 12
6 18
7 19
8 16
9 10
10 14
11 18
12 20
13 16
14 13
15 11
16 20

1 13
2 17
3 11
4 16
5 19
6 20
7 14
8 14
9 14
10 16
11 12
12 10
13 13
14 18
15 14
16 18

1 12
2 18
3 17
4 10
5 11
6 18
7 13
8 18
9 17
10 15
11 12
12 15
13 18
14 20
15 11
16 11

1 16
2 14
3 15
4 12
5 18
6 13
7 16
8 13
9 18
10 18
11 13
12 16
13 15
14 12
15 10
16 12

1 20
2 20
3 14
4 18
5 17
6 14
7 14
8 18
9 19
10 13
11 11
12 13
13 14
14 10
15 10
16 11

1 18
2 14
3 14
4 14
5 10
6 18
7 13
8 11
9 20
10 10
11 11
12 14
13 14
14 11
15 20
16 16

1 16
2 12
3 17
4 15
5 12
6 18
7 19
8 16
9 10
10 14
11 18
12 20
13 16
14 13
15 11
16 20

1 13
2 17
3 11
4 16
5 19
6 20
7 14
8 14
9 14
10 16
11 12
12 10
13 13
14 18
15 14
16 18

1 12
2 18
3 17
4 10
5 11
6 18
7 13
8 18
9 17
10 15
11 12
12 15
13 18
14 20
15 11
16 11

1 16
2 14
3 15
4 12
5 18
6 13
7 16
8 13
9 18
10 18
11 13
12 16
13 15
14 12
15 10
16 12

1 20
2 20
3 14
4 18
5 17
6 14
7 14
8 18
9 19
10 13
11 11
12 13
13 14
14 10
15 10
16 11

1 18
2 14
3 14
4 14
5 10
6 18
7 13
8 11
9 20
10 10
11 11
12 14
13 14
14 11
15 20
16 16

1 16
2 12
3 17
4 15
5 12
6 18
7 19
8 16
9 10
10 14
11 18
12 20
13 16
14 13
15 11
16 20

1 13
2 17
3 11
4 16
5 19
6 20
7 14
8 14
9 14
10 16
11 12
12 10
13 13
14 18
15 14
16 18

1 12
2 18
3 17
4 10
5 11
6 18
7 13
8 18
9 17
10 15
11 12
12 15
13 18
14 20
15 11
16 11

1 16
2 14
3 15
4 12
5 18
6 13
7 16
8 13
9 18
10 18
11 13
12 16
13 15
14 12
15 10
16 12

1 20
2 20
3 14
4 18
5 17
6 14
7 14
8 18
9 19
10 13
11 11
12 13
13 14
14 10
15 10
16 11

1 18
2 14
3 14
4 14
5 10
6 18
7 13
8 11
9 20
10 10
11 11
12 14
13 14
14 11
15 20
16 16

1 16
2 12
3 17
4 15
5 12
6 18
7 19
8 16
9 10
10 14
11 18
12 20
13 16
14 13
15 11
16 20

1 13
2 17
3 11
4 16
5 19
6 20
7 14
8 14
9 14
10 16
11 12
12 10
13 13
14 18
15 14
16 18

1 12
2 18
3 17
4 10
5 11
6 18
7 13
8 18
9 17
10 15
11 12
12 15
13 18
14 20
15 11
16 11

1 16
2 14
3 15
4 12
5 18
6 13
7 16
8 13
9 18
10 18
11 13
12 16
13 15
14 12
15 10
16 12

1 20
2 20
3 14
4 18
5 17
6 14
7 14
8 18
9 19
10 13
11 11
12 13
13 14
14 10
15 10
16 11

1 18
2 14
3 14
4 14
5 10
6 18
7 13
8 11
9 20
10 10
11 11
12 14
13 14
14 11
15 20
16 16

1 16
2 12
3 17
4 15
5 12
6 18
7 19
8 16
9 10
10 14
11 18
12 20
13 16
14 13
15 11
16 20

1 13
2 17
3 11
4 16
5 19
6 20
7 14
8 14
9 14
10 16
11 12
12 10
13 13
14 18
15 14
16 18

1 12
2 18
3 17
4 10
5 11
6 18
7 13
8 18
9 17
10 15
11 12
12 15
13 18
14 20
15 11
16 11

1 16
2 14
3 15
4 12
5 18
6 13
7 16
8 13
9 18
10 18
11 13
12 16
13 15
14 12
15 10
16 12

1 20
2 20
3 14
4 18
5 17
6 14
7 14
8 18
9 19
10 13
11 11
12 13
13 14
14 10
15 10
16 11

1 18
2 14
3 14
4 14
5 10
6 18
7 13
8 11
9 20
10 10
11 11
12 14
13 14
14 11
15 20
16 16

1 16
2 12
3 17
4 15
5 12
6 18
7 19
8 16
9 10
10 14
11 18
12 20
13 16
14 13
15 11
16 20

1 13
2 17
3 11
4 16
5 19
6 20
7 14
8 14
9 14
10 16
11 12
12 10
13 13
14 18
15 14
16 18

1 12
2 18
3 17
4 10
5 11
6 18
7 13
8 18
9 17
10 15
11 12
12 15
13 18
14 20
15 11
16 11

1 16
2 14
3 15
4 12
5 18
6 13
7 16
8 13
9 18
10 18
11 13
12 16
13 15
14 12
15 10
16 12

1 20
2 20
3 14
4 18
5 17
6 14
7 14
8 18
9 19
10 13
11 11
12 13
13 14
14 10
15 10
16 11

1 18
2 14
3 14
4 14
5 10
6 18
7 13
8 11
9 20
10 10
11 11
12 14
13 14
14 11
15 20
16 16

1 16
2 12
3 17
4 15
5 12
6 18
7 19
8 16
9 10
10 14
11 18
12 20
13 16
14 13
15 11
16 20

1 13
2 17
3 11
4 16
5 19
6 20
7 14
8 14
9 14
10 16
11 12
12 10
13 13
14 18
15 14
16 18

1 12
2 18
3 17
4 10
5 11
6 18
7 13
8 18
9 17
10 15
11 12
12 15
13 18
14 20
15 11
16 11

1 16
2 14
3 15
4 12
5 18
6 13
7 16
8 13
9 18
10 18
11 13
12 16
13 15
14 12
15 10
16 12

1 20
2 20
3 14
4 18
5 17
6 14
7 14
8 18
9 19
10 13
11 11
12 13
13 14
14 10
15 10
16 11

1 18
2 14
3 14
4 14
5 10
6 18
7 13
8 11
9 20
10 10
11 11
12 14
13 14
14 11
15 20
16 16

1 16
2 12
3 17
4 15
5 12
6 18
7 19
8 16
9 10
10 14
11 18
12 20
13 16
14 13
15 11
16 20

1 13
2 17
3 11
4 16
5 19
6 20
7 14
8 14
9 14
10 16
11 12
12 10
13 13
14 18
15 14
16 18

1 12
2 18
3 17
4 10
5 11
6 18
7 13
8 18
9 17
10 15
11 12
12 15
13 18
14 20
15 11
16 11

1 16
2 14
3 15
4 12
5 18
6 13
7 16
8 13
9 18
10 18
11 13
12 16
13 15
14 12
15 10
16 12

1 20
2 20
3 14
4 18
5 17
6 14
7 14
8 18
9 19
10 13
11 11
12 13
13 14
14 10
15 10
16 11

1 18
2 14
3 14
4 14
5 10
6 18
7 13
8 11
9 20
10 10
11 11
12 14
13 14
14 11
15 20
16 16

1 16
2 12
3 17
4 15
5 12
6 18
7 19
8 16
9 10
10 14
11 18
12 20
13 16
14 13
15 11
16 20

1 13
2 17
3 11
4 16
5 19
6 20
7 14
8 14
9 14
10 16
11 12
12 10
13 13
14 18
15 14
16 18

1 12
2 18
3 17
4 10
5 11
6 18
7 13
8 18
9 17
10 15
11 12
12 15
13 18
14 20
15 11
16 11

1 16
2 14
3 15
4 12
5 18
6 13
7 16
8 13
9 18
10 18
11 13
12 16
13 15
14 12
15 10
16 12

1 20
2 20
3 14
4 18
5 17
6 14
7 14
8 18
9 19
10 13
11 11
12 13
13 14
14 10
15 10
16 11

1 18
2 14
3 14
4 14
5 10
6 18
7 13
8 11
9 20
10 10
11 11
12 14
13 14
14 11
15 20
16 16

1 16
2 12
3 17
4 15
5 12
6 18
7 19
8 16
9 10
10 14
11 18
12 20
13 16
14 13
15 11
16 20

1 13
2 17
3 11
4 16
5 19
6 20
7 14
8 14
9 14
10 16
11 12
12 10
13 13
14 18
15 14
16 18

1 12
2 18
3 17
4 10
5 11
6 18
7 13
8 18
9 17
10 15
11 12
12 15
13 18
14 20
15 11
16 11

1 16
2 14
3 15
4 12
5 18
6 13
7 16
8 13
9 18
10 18
11 13
12 16
13 15
14 12
15 10
16 12

1 20
2 20
3 14
4 18
5 17
6 14
7 14
8 18
9 19
10 13
11 11
12 13
13 14
14 10
15 10
16 11

1 18
2 14
3 14
4 14
5 10
6 18
7 13
8 11
9 20
10 10
11 11
12 14
13 14
14 11
15 20
16 16

1 16
2 12
3 17
4 15
5 12
6 18
7 19
8 16
9 10
10 14
11 18
12 20
13 16
14 13
15 11
16 20

1 13
2 17
3 11
4 16
5 19
6 20
7 14
8 14
9 14
10 16
11 12
12 10
13 13
14 18
15 14
16 18

1 12
2 18
3 17
4 10
5 11
6 18
7 13
8 18
9 17
10 15
11 12
12 15
13 18
14 20
15 11
16 11

1 16
2 14
3 15
4 12
5 18
6 13
7 16
8 13
9 18
10 18
11 13
12 16
13 15
14 12
15 10
16 12

1 20
2 20
3 14
4 18
5 17
6 14
7 14
8 18
9 19
10 13
11 11
12 13
13 14
14 10
15 10
16 11

1 18
2 14
3 14
4 14
5 10
6 18
7 13
8 11
9 20
10 10
11 11
12 14
13 14
14 11
15 20
16 16

1 16
2 12
3 17
4 15
5 12
6 18
7 19
8 16
9 10
10 14
11 18
12 20
13 16
14 13
15 11
16 20

1 13
2 17
3 11
4 16
5 19
6 20
7 14
8 14
9 14
10 16
11 12
12 10
13 13
14 18
15 14
16 18

1 12
2 18
3 17
4 10
5 11
6 18
7 13
8 18
9 17
10 15
11 12
12 15
13 18
14 20
15 11
16 11

1 16
2 14
3 15
4 12
5 18
6 13
7 16
8 13
9 18
10 18
11 13
12 16
13 15
14 12
15 10
16 12

1 20
2 20
3 14
4 18
5 17
6 14
7 14
8 18
9 19
10 13
11 11
12 13
13 14
14 10
15 10
16 11

1 18
2 14
3 14
4 14
5 10
6 18
7 13
8 11
9 20
10 10
11 11
12 14
13 14
14 11
15 20
16 16

1 16
2 12
3 17
4 15
5 12
6 18
7 19
8 16
9 10
10 14
11 18
12 20
13 16
14 13
15 11
16 20

1 13
2 17
3 11
4 16
5 19
6 20
7 14
8 14
9 14
10 16
11 12
12 10
13 13
14 18
15 14
16 18

1 12
2 18
3 17
4 10
5 11
6 18
7 13
8 18
9 17
10 15
11 12
12 15
13 18
14 20
15 11
16 11

1 16
2 14
3 15
4 12
5 18
6 13
7 16
8 13
9 18
10 18
11 13
12 16
13 15
14 12
15 10
16 12

1 20
2 20
3 14
4 18
5 17
6 14
7 14
8 18
9 19
10 13
11 11
12 13
13 14
14 10
15 10
16 11

1 18
2 14
3 14
4 14
5 10
6 18
7 13
8 11
9 20
10 10
11 11
12 14
13 14
14 11
15 20
16 16

1 16
2 12
3 17
4 15
5 12
6 18
7 19
8 16
9 10
10 14
11 18
12 20
13 16
14 13
15 11
16 20

1 13
2 17
3 11
4 16
5 19
6 20
7 14
8 14
9 14
10 16
11 12
12 10
13 13
14 18
15 14
16 18

1 12
2 18
3 17
4 10
5 11
6 18
7 13
8 18
9 17
10 15
11 12
12 15
13 18
14 20
15 11
16 11

1 16
2 14
3 15
4 12
5 18
6 13
7 16
8 13
9 18
10 18
11 13
12 16
13 15
14 12
15 10
16 12

1 20
2 20
3 14
4 18
5 17
6 14
7 14
8 18
9 19
10 13
11 11
12 13
13 14
14 10
15 10
16 11

1 18
2 14
3 14
4 14
5 10
6 18
7 13
8 11
9 20
10 10
11 11
12 14
13 14
14 11
15 20
16 16

1 16
2 12
3 17
4 15
5 12
6 18
7 19
8 16
9 10
10 14
11 18
12 20
13 16
14 13
15 11
16 20

1 13
2 17
3 11
4 16
5 19
6 20
7 14
8 14
9 14
10 16
11 12
12 10
13 13
14 18
15 14
16 18

1 12
2 18
3 17
4 10
5 11
6 18
7 13
8 18
9 17
10 15
11 12
12 15
13 18
14 20
15 11
16 11

1 16
2 14
3 15
4 12
5 18
6 13
7 16
8 13
9 18
10 18
11 13
12 16
13 15
14 12
15 10
16 12

1 20
2 20
3 14
4 18
5 17
6 14
7 14
8 18
9 19
10 13
11 11
12 13
13 14
14 10
15 10
16 11

1 18
2 14
3 14
4 14
5 10
6 18
7 13
8 11
9 20
10 10
11 11
12 14
13 14
14 11
15 20
16 16

1 16
2 12
3 17
4 15
5 12
6 18
7 19
8 16
9 10
10 14
11 18
12 20
13 16
14 13
15 11
16 20

1 13
2 17
3 11
4 16
5 19
6 20
7 14
8 14
9 14
10 16
11 12
12 10
13 13
14 18
15 14
16 18

1 12
2 18
3 17
4 10
5 11
6 18
7 13
8 18
9 17
10 15
11 12
12 15
13 18
14 20
15 11
16 11

1 16
2 14
3 15
4 12
5 18
6 13
7 16
8 13
9 18
10 18
11 13
12 16
13 15
14 12
15 10
16 12

1 20
2 20
3 14
4 18
5 17
6 14
7 14
8 18
9 19
10 13
11 11
12 13
13 14
14 10
15 10
16 11