1 0
2 0
3 0
4 0
5 0
6 0
7 0
8 0

1 20
2 13
3 11
4 16
5 11
6 10
7 19
8 11

1 15
2 10
3 10
4 20
5 17
6 19
7 10
8 20

1 20
2 13
3 11
4 16
5 11
6 10
7 19
8 11

1 15
2 10
3 10
4 20
5 17
6 19
7 10
8 20

1 20
2 13
3 11
4 16
5 11
6 10
7 19
8 11

1 15
2 10
3 10
4 20
5 17
6 19
7 10
8 20

1 20
2 13
3 11
4 16
5 11
6 10
7 19
8 11

1 15
2 10
3 10
4 20
5 17
6 19
7 10
8 20

1 20
2 13
3 11
4 16
5 11
6 10
7 19
8 11

1 15
2 10
3 10
4 20
5 17
6 19
7 10
8 20

1 20
2 13
3 11
4 16
5 11
6 10
7 19
8 11

1 15
2 10
3 10
4 20
5 17
6 19
7 10
8 20

1 20
2 13
3 11
4 16
5 11
6 10
7 19
8 11

1 15
2 10
3 10
4 20
5 17
6 19
7 10
8 20

1 20
2 13
3 11
4 16
5 11
6 10
7 19
8 11

1 15
2 10
3 10
4 20
5 17
6 19
7 10
8 20

1 20
2 13
3 11
4 16
5 11
6 10
7 19
8 11

1 15
2 10
3 10
4 20
5 17
6 19
7 10
8 20

1 20
2 13
3 11
4 16
5 11
6 10
7 19
8 11

1 15
2 10
3 10
4 20
5 17
6 19
7 10
8 20

1 20
2 13
3 11
4 16
5 11
6 10
7 19
8 11

1 15
2 10
3 10
4 20
5 17
6 19
7 10
8 20

1 20
2 13
3 11
4 16
5 11
6 10
7 19
8 11

1 15
2 10
3 10
4 20
5 17
6 19
7 10
8 20

1 20
2 13
3 11
4 16
5 11
6 10
7 19
8 11

1 15
2 10
3 10
4 20
5 17
6 19
7 10
8 20

1 20
2 13
3 11
4 16
5 11
6 10
7 19
8 11

1 15
2 10
3 10
4 20
5 17
6 19
7 10
8 20

1 20
2 13
3 11
4 16
5 11
6 10
7 19
8 11

1 15
2 10
3 10
4 20
5 17
6 19
7 10
8 20