1 0
2 0
3 0
4 0
5 0
6 0
7 0
8 0

1 16
2 17
3 11
4 16
5 18
6 17
7 16
8 12

1 19
2 12
3 15
4 15
5 10
6 19
7 12
8 16

1 16
2 10
3 14
4 18
5 20
6 13
7 18
8 19

1 10
2 10
3 15
4 11
5 13
6 10
7 11
8 20

1 16
2 17
3 11
4 16
5 18
6 17
7 16
8 12

1 19
2 12
3 15
4 15
5 10
6 19
7 12
8 16

1 16
2 10
3 14
4 18
5 20
6 13
7 18
8 19

1 10
2 10
3 15
4 11
5 13
6 10
7 11
8 20

1 16
2 17
3 11
4 16
5 18
6 17
7 16
8 12

1 19
2 12
3 15
4 15
5 10
6 19
7 12
8 16

1 16
2 10
3 14
4 18
5 20
6 13
7 18
8 19

1 10
2 10
3 15
4 11
5 13
6 10
7 11
8 20

1 16
2 17
3 11
4 16
5 18
6 17
7 16
8 12

1 19
2 12
3 15
4 15
5 10
6 19
7 12
8 16

1 16
2 10
3 14
4 18
5 20
6 13
7 18
8 19

1 10
2 10
3 15
4 11
5 13
6 10
7 11
8 20

1 16
2 17
3 11
4 16
5 18
6 17
7 16
8 12

1 19
2 12
3 15
4 15
5 10
6 19
7 12
8 16

1 16
2 10
3 14
4 18
5 20
6 13
7 18
8 19

1 10
2 10
3 15
4 11
5 13
6 10
7 11
8 20

1 16
2 17
3 11
4 16
5 18
6 17
7 16
8 12

1 19
2 12
3 15
4 15
5 10
6 19
7 12
8 16

1 16
2 10
3 14
4 18
5 20
6 13
7 18
8 19

1 10
2 10
3 15
4 11
5 13
6 10
7 11
8 20

1 16
2 17
3 11
4 16
5 18
6 17
7 16
8 12

1 19
2 12
3 15
4 15
5 10
6 19
7 12
8 16

1 16
2 10
3 14
4 18
5 20
6 13
7 18
8 19

1 10
2 10
3 15
4 11
5 13
6 10
7 11
8 20

1 16
2 17
3 11
4 16
5 18
6 17
7 16
8 12

1 19
2 12
3 15
4 15
5 10
6 19
7 12
8 16

1 16
2 10
3 14
4 18
5 20
6 13
7 18
8 19

1 10
2 10
3 15
4 11
5 13
6 10
7 11
8 20

1 16
2 17
3 11
4 16
5 18
6 17
7 16
8 12

1 19
2 12
3 15
4 15
5 10
6 19
7 12
8 16

1 16
2 10
3 14
4 18
5 20
6 13
7 18
8 19

1 10
2 10
3 15
4 11
5 13
6 10
7 11
8 20

1 16
2 17
3 11
4 16
5 18
6 17
7 16
8 12

1 19
2 12
3 15
4 15
5 10
6 19
7 12
8 16

1 16
2 10
3 14
4 18
5 20
6 13
7 18
8 19

1 10
2 10
3 15
4 11
5 13
6 10
7 11
8 20