1 0
2 0
3 0
4 0
5 0
6 0
7 0
8 0

1 7
2 5
3 4
4 0
5 4
6 9
7 8
8 4

1 2
2 9
3 5
4 4
5 3
6 4
7 1
8 8

1 7
2 5
3 4
4 0
5 4
6 9
7 8
8 4

1 2
2 9
3 5
4 4
5 3
6 4
7 1
8 8

1 7
2 5
3 4
4 0
5 4
6 9
7 8
8 4

1 2
2 9
3 5
4 4
5 3
6 4
7 1
8 8

1 7
2 5
3 4
4 0
5 4
6 9
7 8
8 4

1 2
2 9
3 5
4 4
5 3
6 4
7 1
8 8

1 7
2 5
3 4
4 0
5 4
6 9
7 8
8 4

1 2
2 9
3 5
4 4
5 3
6 4
7 1
8 8

1 7
2 5
3 4
4 0
5 4
6 9
7 8
8 4

1 2
2 9
3 5
4 4
5 3
6 4
7 1
8 8

1 7
2 5
3 4
4 0
5 4
6 9
7 8
8 4

1 2
2 9
3 5
4 4
5 3
6 4
7 1
8 8

1 7
2 5
3 4
4 0
5 4
6 9
7 8
8 4

1 2
2 9
3 5
4 4
5 3
6 4
7 1
8 8

1 7
2 5
3 4
4 0
5 4
6 9
7 8
8 4

1 2
2 9
3 5
4 4
5 3
6 4
7 1
8 8

1 7
2 5
3 4
4 0
5 4
6 9
7 8
8 4

1 2
2 9
3 5
4 4
5 3
6 4
7 1
8 8