1 0
2 0
3 0
4 0
5 0
6 0
7 0
8 0
9 0
10 0
11 0
12 0
13 0
14 0
15 0
16 0

1 6
2 0
3 3
4 4
5 2
6 0
7 1
8 3
9 8
10 9
11 8
12 9
13 5
14 4
15 1
16 5

1 5
2 8
3 6
4 8
5 5
6 1
7 9
8 9
9 6
10 0
11 1
12 6
13 4
14 8
15 1
16 6

1 5
2 9
3 5
4 8
5 4
6 0
7 7
8 2
9 2
10 3
11 2
12 6
13 8
14 6
15 2
16 6

1 4
2 9
3 9
4 0
5 9
6 8
7 0
8 5
9 6
10 1
11 4
12 9
13 3
14 5
15 4
16 4

1 8
2 3
3 8
4 8
5 4
6 8
7 3
8 6
9 7
10 7
11 7
12 5
13 1
14 5
15 4
16 9

1 4
2 7
3 2
4 4
5 6
6 7
7 1
8 5
9 9
10 9
11 9
12 0
13 7
14 8
15 0
16 2

1 6
2 0
3 3
4 4
5 2
6 0
7 1
8 3
9 8
10 9
11 8
12 9
13 5
14 4
15 1
16 5

1 5
2 8
3 6
4 8
5 5
6 1
7 9
8 9
9 6
10 0
11 1
12 6
13 4
14 8
15 1
16 6

1 5
2 9
3 5
4 8
5 4
6 0
7 7
8 2
9 2
10 3
11 2
12 6
13 8
14 6
15 2
16 6

1 4
2 9
3 9
4 0
5 9
6 8
7 0
8 5
9 6
10 1
11 4
12 9
13 3
14 5
15 4
16 4

1 8
2 3
3 8
4 8
5 4
6 8
7 3
8 6
9 7
10 7
11 7
12 5
13 1
14 5
15 4
16 9

1 4
2 7
3 2
4 4
5 6
6 7
7 1
8 5
9 9
10 9
11 9
12 0
13 7
14 8
15 0
16 2

1 6
2 0
3 3
4 4
5 2
6 0
7 1
8 3
9 8
10 9
11 8
12 9
13 5
14 4
15 1
16 5

1 5
2 8
3 6
4 8
5 5
6 1
7 9
8 9
9 6
10 0
11 1
12 6
13 4
14 8
15 1
16 6

1 5
2 9
3 5
4 8
5 4
6 0
7 7
8 2
9 2
10 3
11 2
12 6
13 8
14 6
15 2
16 6

1 4
2 9
3 9
4 0
5 9
6 8
7 0
8 5
9 6
10 1
11 4
12 9
13 3
14 5
15 4
16 4

1 8
2 3
3 8
4 8
5 4
6 8
7 3
8 6
9 7
10 7
11 7
12 5
13 1
14 5
15 4
16 9

1 4
2 7
3 2
4 4
5 6
6 7
7 1
8 5
9 9
10 9
11 9
12 0
13 7
14 8
15 0
16 2

1 6
2 0
3 3
4 4
5 2
6 0
7 1
8 3
9 8
10 9
11 8
12 9
13 5
14 4
15 1
16 5

1 5
2 8
3 6
4 8
5 5
6 1
7 9
8 9
9 6
10 0
11 1
12 6
13 4
14 8
15 1
16 6

1 5
2 9
3 5
4 8
5 4
6 0
7 7
8 2
9 2
10 3
11 2
12 6
13 8
14 6
15 2
16 6

1 4
2 9
3 9
4 0
5 9
6 8
7 0
8 5
9 6
10 1
11 4
12 9
13 3
14 5
15 4
16 4

1 8
2 3
3 8
4 8
5 4
6 8
7 3
8 6
9 7
10 7
11 7
12 5
13 1
14 5
15 4
16 9

1 4
2 7
3 2
4 4
5 6
6 7
7 1
8 5
9 9
10 9
11 9
12 0
13 7
14 8
15 0
16 2

1 6
2 0
3 3
4 4
5 2
6 0
7 1
8 3
9 8
10 9
11 8
12 9
13 5
14 4
15 1
16 5

1 5
2 8
3 6
4 8
5 5
6 1
7 9
8 9
9 6
10 0
11 1
12 6
13 4
14 8
15 1
16 6

1 5
2 9
3 5
4 8
5 4
6 0
7 7
8 2
9 2
10 3
11 2
12 6
13 8
14 6
15 2
16 6

1 4
2 9
3 9
4 0
5 9
6 8
7 0
8 5
9 6
10 1
11 4
12 9
13 3
14 5
15 4
16 4

1 8
2 3
3 8
4 8
5 4
6 8
7 3
8 6
9 7
10 7
11 7
12 5
13 1
14 5
15 4
16 9

1 4
2 7
3 2
4 4
5 6
6 7
7 1
8 5
9 9
10 9
11 9
12 0
13 7
14 8
15 0
16 2

1 6
2 0
3 3
4 4
5 2
6 0
7 1
8 3
9 8
10 9
11 8
12 9
13 5
14 4
15 1
16 5

1 5
2 8
3 6
4 8
5 5
6 1
7 9
8 9
9 6
10 0
11 1
12 6
13 4
14 8
15 1
16 6

1 5
2 9
3 5
4 8
5 4
6 0
7 7
8 2
9 2
10 3
11 2
12 6
13 8
14 6
15 2
16 6

1 4
2 9
3 9
4 0
5 9
6 8
7 0
8 5
9 6
10 1
11 4
12 9
13 3
14 5
15 4
16 4

1 8
2 3
3 8
4 8
5 4
6 8
7 3
8 6
9 7
10 7
11 7
12 5
13 1
14 5
15 4
16 9

1 4
2 7
3 2
4 4
5 6
6 7
7 1
8 5
9 9
10 9
11 9
12 0
13 7
14 8
15 0
16 2

1 6
2 0
3 3
4 4
5 2
6 0
7 1
8 3
9 8
10 9
11 8
12 9
13 5
14 4
15 1
16 5

1 5
2 8
3 6
4 8
5 5
6 1
7 9
8 9
9 6
10 0
11 1
12 6
13 4
14 8
15 1
16 6

1 5
2 9
3 5
4 8
5 4
6 0
7 7
8 2
9 2
10 3
11 2
12 6
13 8
14 6
15 2
16 6

1 4
2 9
3 9
4 0
5 9
6 8
7 0
8 5
9 6
10 1
11 4
12 9
13 3
14 5
15 4
16 4

1 8
2 3
3 8
4 8
5 4
6 8
7 3
8 6
9 7
10 7
11 7
12 5
13 1
14 5
15 4
16 9

1 4
2 7
3 2
4 4
5 6
6 7
7 1
8 5
9 9
10 9
11 9
12 0
13 7
14 8
15 0
16 2

1 6
2 0
3 3
4 4
5 2
6 0
7 1
8 3
9 8
10 9
11 8
12 9
13 5
14 4
15 1
16 5

1 5
2 8
3 6
4 8
5 5
6 1
7 9
8 9
9 6
10 0
11 1
12 6
13 4
14 8
15 1
16 6

1 5
2 9
3 5
4 8
5 4
6 0
7 7
8 2
9 2
10 3
11 2
12 6
13 8
14 6
15 2
16 6

1 4
2 9
3 9
4 0
5 9
6 8
7 0
8 5
9 6
10 1
11 4
12 9
13 3
14 5
15 4
16 4

1 8
2 3
3 8
4 8
5 4
6 8
7 3
8 6
9 7
10 7
11 7
12 5
13 1
14 5
15 4
16 9

1 4
2 7
3 2
4 4
5 6
6 7
7 1
8 5
9 9
10 9
11 9
12 0
13 7
14 8
15 0
16 2

1 6
2 0
3 3
4 4
5 2
6 0
7 1
8 3
9 8
10 9
11 8
12 9
13 5
14 4
15 1
16 5

1 5
2 8
3 6
4 8
5 5
6 1
7 9
8 9
9 6
10 0
11 1
12 6
13 4
14 8
15 1
16 6

1 5
2 9
3 5
4 8
5 4
6 0
7 7
8 2
9 2
10 3
11 2
12 6
13 8
14 6
15 2
16 6

1 4
2 9
3 9
4 0
5 9
6 8
7 0
8 5
9 6
10 1
11 4
12 9
13 3
14 5
15 4
16 4

1 8
2 3
3 8
4 8
5 4
6 8
7 3
8 6
9 7
10 7
11 7
12 5
13 1
14 5
15 4
16 9

1 4
2 7
3 2
4 4
5 6
6 7
7 1
8 5
9 9
10 9
11 9
12 0
13 7
14 8
15 0
16 2

1 6
2 0
3 3
4 4
5 2
6 0
7 1
8 3
9 8
10 9
11 8
12 9
13 5
14 4
15 1
16 5

1 5
2 8
3 6
4 8
5 5
6 1
7 9
8 9
9 6
10 0
11 1
12 6
13 4
14 8
15 1
16 6

1 5
2 9
3 5
4 8
5 4
6 0
7 7
8 2
9 2
10 3
11 2
12 6
13 8
14 6
15 2
16 6

1 4
2 9
3 9
4 0
5 9
6 8
7 0
8 5
9 6
10 1
11 4
12 9
13 3
14 5
15 4
16 4

1 8
2 3
3 8
4 8
5 4
6 8
7 3
8 6
9 7
10 7
11 7
12 5
13 1
14 5
15 4
16 9

1 4
2 7
3 2
4 4
5 6
6 7
7 1
8 5
9 9
10 9
11 9
12 0
13 7
14 8
15 0
16 2

1 6
2 0
3 3
4 4
5 2
6 0
7 1
8 3
9 8
10 9
11 8
12 9
13 5
14 4
15 1
16 5

1 5
2 8
3 6
4 8
5 5
6 1
7 9
8 9
9 6
10 0
11 1
12 6
13 4
14 8
15 1
16 6

1 5
2 9
3 5
4 8
5 4
6 0
7 7
8 2
9 2
10 3
11 2
12 6
13 8
14 6
15 2
16 6

1 4
2 9
3 9
4 0
5 9
6 8
7 0
8 5
9 6
10 1
11 4
12 9
13 3
14 5
15 4
16 4

1 8
2 3
3 8
4 8
5 4
6 8
7 3
8 6
9 7
10 7
11 7
12 5
13 1
14 5
15 4
16 9

1 4
2 7
3 2
4 4
5 6
6 7
7 1
8 5
9 9
10 9
11 9
12 0
13 7
14 8
15 0
16 2

1 6
2 0
3 3
4 4
5 2
6 0
7 1
8 3
9 8
10 9
11 8
12 9
13 5
14 4
15 1
16 5

1 5
2 8
3 6
4 8
5 5
6 1
7 9
8 9
9 6
10 0
11 1
12 6
13 4
14 8
15 1
16 6

1 5
2 9
3 5
4 8
5 4
6 0
7 7
8 2
9 2
10 3
11 2
12 6
13 8
14 6
15 2
16 6

1 4
2 9
3 9
4 0
5 9
6 8
7 0
8 5
9 6
10 1
11 4
12 9
13 3
14 5
15 4
16 4

1 8
2 3
3 8
4 8
5 4
6 8
7 3
8 6
9 7
10 7
11 7
12 5
13 1
14 5
15 4
16 9

1 4
2 7
3 2
4 4
5 6
6 7
7 1
8 5
9 9
10 9
11 9
12 0
13 7
14 8
15 0
16 2

1 6
2 0
3 3
4 4
5 2
6 0
7 1
8 3
9 8
10 9
11 8
12 9
13 5
14 4
15 1
16 5

1 5
2 8
3 6
4 8
5 5
6 1
7 9
8 9
9 6
10 0
11 1
12 6
13 4
14 8
15 1
16 6

1 5
2 9
3 5
4 8
5 4
6 0
7 7
8 2
9 2
10 3
11 2
12 6
13 8
14 6
15 2
16 6

1 4
2 9
3 9
4 0
5 9
6 8
7 0
8 5
9 6
10 1
11 4
12 9
13 3
14 5
15 4
16 4

1 8
2 3
3 8
4 8
5 4
6 8
7 3
8 6
9 7
10 7
11 7
12 5
13 1
14 5
15 4
16 9

1 4
2 7
3 2
4 4
5 6
6 7
7 1
8 5
9 9
10 9
11 9
12 0
13 7
14 8
15 0
16 2

1 6
2 0
3 3
4 4
5 2
6 0
7 1
8 3
9 8
10 9
11 8
12 9
13 5
14 4
15 1
16 5

1 5
2 8
3 6
4 8
5 5
6 1
7 9
8 9
9 6
10 0
11 1
12 6
13 4
14 8
15 1
16 6

1 5
2 9
3 5
4 8
5 4
6 0
7 7
8 2
9 2
10 3
11 2
12 6
13 8
14 6
15 2
16 6

1 4
2 9
3 9
4 0
5 9
6 8
7 0
8 5
9 6
10 1
11 4
12 9
13 3
14 5
15 4
16 4

1 8
2 3
3 8
4 8
5 4
6 8
7 3
8 6
9 7
10 7
11 7
12 5
13 1
14 5
15 4
16 9

1 4
2 7
3 2
4 4
5 6
6 7
7 1
8 5
9 9
10 9
11 9
12 0
13 7
14 8
15 0
16 2

1 6
2 0
3 3
4 4
5 2
6 0
7 1
8 3
9 8
10 9
11 8
12 9
13 5
14 4
15 1
16 5

1 5
2 8
3 6
4 8
5 5
6 1
7 9
8 9
9 6
10 0
11 1
12 6
13 4
14 8
15 1
16 6

1 5
2 9
3 5
4 8
5 4
6 0
7 7
8 2
9 2
10 3
11 2
12 6
13 8
14 6
15 2
16 6

1 4
2 9
3 9
4 0
5 9
6 8
7 0
8 5
9 6
10 1
11 4
12 9
13 3
14 5
15 4
16 4

1 8
2 3
3 8
4 8
5 4
6 8
7 3
8 6
9 7
10 7
11 7
12 5
13 1
14 5
15 4
16 9

1 4
2 7
3 2
4 4
5 6
6 7
7 1
8 5
9 9
10 9
11 9
12 0
13 7
14 8
15 0
16 2