1 0
2 0
3 0
4 0

1 11
2 19
3 15
4 14

1 19
2 19
3 13
4 17

1 11
2 19
3 15
4 14

1 19
2 19
3 13
4 17

1 11
2 19
3 15
4 14

1 19
2 19
3 13
4 17

1 11
2 19
3 15
4 14

1 19
2 19
3 13
4 17

1 11
2 19
3 15
4 14

1 19
2 19
3 13
4 17

1 11
2 19
3 15
4 14

1 19
2 19
3 13
4 17

1 11
2 19
3 15
4 14

1 19
2 19
3 13
4 17

1 11
2 19
3 15
4 14

1 19
2 19
3 13
4 17

1 11
2 19
3 15
4 14

1 19
2 19
3 13
4 17

1 11
2 19
3 15
4 14

1 19
2 19
3 13
4 17

1 11
2 19
3 15
4 14

1 19
2 19
3 13
4 17

1 11
2 19
3 15
4 14

1 19
2 19
3 13
4 17

1 11
2 19
3 15
4 14

1 19
2 19
3 13
4 17

1 11
2 19
3 15
4 14

1 19
2 19
3 13
4 17

1 11
2 19
3 15
4 14

1 19
2 19
3 13
4 17

1 11
2 19
3 15
4 14

1 19
2 19
3 13
4 17

1 11
2 19
3 15
4 14

1 19
2 19
3 13
4 17

1 11
2 19
3 15
4 14

1 19
2 19
3 13
4 17

1 11
2 19
3 15
4 14

1 19
2 19
3 13
4 17

1 11
2 19
3 15
4 14

1 19
2 19
3 13
4 17