1 0
2 0
3 0
4 0
5 0
6 0
7 0
8 0
9 0
10 0
11 0
12 0
13 0
14 0
15 0
16 0

1 11
2 18
3 15
4 19
5 17
6 16
7 19
8 16
9 15
10 10
11 16
12 14
13 17
14 16
15 15
16 19

1 10
2 14
3 16
4 18
5 16
6 17
7 20
8 11
9 16
10 14
11 17
12 11
13 15
14 10
15 10
16 11

1 11
2 18
3 15
4 19
5 17
6 16
7 19
8 16
9 15
10 10
11 16
12 14
13 17
14 16
15 15
16 19

1 10
2 14
3 16
4 18
5 16
6 17
7 20
8 11
9 16
10 14
11 17
12 11
13 15
14 10
15 10
16 11

1 11
2 18
3 15
4 19
5 17
6 16
7 19
8 16
9 15
10 10
11 16
12 14
13 17
14 16
15 15
16 19

1 10
2 14
3 16
4 18
5 16
6 17
7 20
8 11
9 16
10 14
11 17
12 11
13 15
14 10
15 10
16 11

1 11
2 18
3 15
4 19
5 17
6 16
7 19
8 16
9 15
10 10
11 16
12 14
13 17
14 16
15 15
16 19

1 10
2 14
3 16
4 18
5 16
6 17
7 20
8 11
9 16
10 14
11 17
12 11
13 15
14 10
15 10
16 11

1 11
2 18
3 15
4 19
5 17
6 16
7 19
8 16
9 15
10 10
11 16
12 14
13 17
14 16
15 15
16 19

1 10
2 14
3 16
4 18
5 16
6 17
7 20
8 11
9 16
10 14
11 17
12 11
13 15
14 10
15 10
16 11

1 11
2 18
3 15
4 19
5 17
6 16
7 19
8 16
9 15
10 10
11 16
12 14
13 17
14 16
15 15
16 19

1 10
2 14
3 16
4 18
5 16
6 17
7 20
8 11
9 16
10 14
11 17
12 11
13 15
14 10
15 10
16 11

1 11
2 18
3 15
4 19
5 17
6 16
7 19
8 16
9 15
10 10
11 16
12 14
13 17
14 16
15 15
16 19

1 10
2 14
3 16
4 18
5 16
6 17
7 20
8 11
9 16
10 14
11 17
12 11
13 15
14 10
15 10
16 11

1 11
2 18
3 15
4 19
5 17
6 16
7 19
8 16
9 15
10 10
11 16
12 14
13 17
14 16
15 15
16 19

1 10
2 14
3 16
4 18
5 16
6 17
7 20
8 11
9 16
10 14
11 17
12 11
13 15
14 10
15 10
16 11

1 11
2 18
3 15
4 19
5 17
6 16
7 19
8 16
9 15
10 10
11 16
12 14
13 17
14 16
15 15
16 19

1 10
2 14
3 16
4 18
5 16
6 17
7 20
8 11
9 16
10 14
11 17
12 11
13 15
14 10
15 10
16 11

1 11
2 18
3 15
4 19
5 17
6 16
7 19
8 16
9 15
10 10
11 16
12 14
13 17
14 16
15 15
16 19

1 10
2 14
3 16
4 18
5 16
6 17
7 20
8 11
9 16
10 14
11 17
12 11
13 15
14 10
15 10
16 11

1 11
2 18
3 15
4 19
5 17
6 16
7 19
8 16
9 15
10 10
11 16
12 14
13 17
14 16
15 15
16 19

1 10
2 14
3 16
4 18
5 16
6 17
7 20
8 11
9 16
10 14
11 17
12 11
13 15
14 10
15 10
16 11

1 11
2 18
3 15
4 19
5 17
6 16
7 19
8 16
9 15
10 10
11 16
12 14
13 17
14 16
15 15
16 19

1 10
2 14
3 16
4 18
5 16
6 17
7 20
8 11
9 16
10 14
11 17
12 11
13 15
14 10
15 10
16 11

1 11
2 18
3 15
4 19
5 17
6 16
7 19
8 16
9 15
10 10
11 16
12 14
13 17
14 16
15 15
16 19

1 10
2 14
3 16
4 18
5 16
6 17
7 20
8 11
9 16
10 14
11 17
12 11
13 15
14 10
15 10
16 11

1 11
2 18
3 15
4 19
5 17
6 16
7 19
8 16
9 15
10 10
11 16
12 14
13 17
14 16
15 15
16 19

1 10
2 14
3 16
4 18
5 16
6 17
7 20
8 11
9 16
10 14
11 17
12 11
13 15
14 10
15 10
16 11

1 11
2 18
3 15
4 19
5 17
6 16
7 19
8 16
9 15
10 10
11 16
12 14
13 17
14 16
15 15
16 19

1 10
2 14
3 16
4 18
5 16
6 17
7 20
8 11
9 16
10 14
11 17
12 11
13 15
14 10
15 10
16 11

1 11
2 18
3 15
4 19
5 17
6 16
7 19
8 16
9 15
10 10
11 16
12 14
13 17
14 16
15 15
16 19

1 10
2 14
3 16
4 18
5 16
6 17
7 20
8 11
9 16
10 14
11 17
12 11
13 15
14 10
15 10
16 11

1 11
2 18
3 15
4 19
5 17
6 16
7 19
8 16
9 15
10 10
11 16
12 14
13 17
14 16
15 15
16 19

1 10
2 14
3 16
4 18
5 16
6 17
7 20
8 11
9 16
10 14
11 17
12 11
13 15
14 10
15 10
16 11

1 11
2 18
3 15
4 19
5 17
6 16
7 19
8 16
9 15
10 10
11 16
12 14
13 17
14 16
15 15
16 19

1 10
2 14
3 16
4 18
5 16
6 17
7 20
8 11
9 16
10 14
11 17
12 11
13 15
14 10
15 10
16 11

1 11
2 18
3 15
4 19
5 17
6 16
7 19
8 16
9 15
10 10
11 16
12 14
13 17
14 16
15 15
16 19

1 10
2 14
3 16
4 18
5 16
6 17
7 20
8 11
9 16
10 14
11 17
12 11
13 15
14 10
15 10
16 11

1 11
2 18
3 15
4 19
5 17
6 16
7 19
8 16
9 15
10 10
11 16
12 14
13 17
14 16
15 15
16 19

1 10
2 14
3 16
4 18
5 16
6 17
7 20
8 11
9 16
10 14
11 17
12 11
13 15
14 10
15 10
16 11