1 0
2 0
3 0
4 0

1 18
2 20
3 15
4 10

1 17
2 18
3 20
4 20

1 14
2 19
3 16
4 16

1 17
2 10
3 16
4 15

1 18
2 20
3 15
4 10

1 17
2 18
3 20
4 20

1 14
2 19
3 16
4 16

1 17
2 10
3 16
4 15

1 18
2 20
3 15
4 10

1 17
2 18
3 20
4 20

1 14
2 19
3 16
4 16

1 17
2 10
3 16
4 15

1 18
2 20
3 15
4 10

1 17
2 18
3 20
4 20

1 14
2 19
3 16
4 16

1 17
2 10
3 16
4 15

1 18
2 20
3 15
4 10

1 17
2 18
3 20
4 20

1 14
2 19
3 16
4 16

1 17
2 10
3 16
4 15

1 18
2 20
3 15
4 10

1 17
2 18
3 20
4 20

1 14
2 19
3 16
4 16

1 17
2 10
3 16
4 15

1 18
2 20
3 15
4 10

1 17
2 18
3 20
4 20

1 14
2 19
3 16
4 16

1 17
2 10
3 16
4 15

1 18
2 20
3 15
4 10

1 17
2 18
3 20
4 20

1 14
2 19
3 16
4 16

1 17
2 10
3 16
4 15

1 18
2 20
3 15
4 10

1 17
2 18
3 20
4 20

1 14
2 19
3 16
4 16

1 17
2 10
3 16
4 15

1 18
2 20
3 15
4 10

1 17
2 18
3 20
4 20

1 14
2 19
3 16
4 16

1 17
2 10
3 16
4 15

1 18
2 20
3 15
4 10

1 17
2 18
3 20
4 20

1 14
2 19
3 16
4 16

1 17
2 10
3 16
4 15

1 18
2 20
3 15
4 10

1 17
2 18
3 20
4 20

1 14
2 19
3 16
4 16

1 17
2 10
3 16
4 15

1 18
2 20
3 15
4 10

1 17
2 18
3 20
4 20

1 14
2 19
3 16
4 16

1 17
2 10
3 16
4 15

1 18
2 20
3 15
4 10

1 17
2 18
3 20
4 20

1 14
2 19
3 16
4 16

1 17
2 10
3 16
4 15

1 18
2 20
3 15
4 10

1 17
2 18
3 20
4 20

1 14
2 19
3 16
4 16

1 17
2 10
3 16
4 15

1 18
2 20
3 15
4 10

1 17
2 18
3 20
4 20

1 14
2 19
3 16
4 16

1 17
2 10
3 16
4 15

1 18
2 20
3 15
4 10

1 17
2 18
3 20
4 20

1 14
2 19
3 16
4 16

1 17
2 10
3 16
4 15

1 18
2 20
3 15
4 10

1 17
2 18
3 20
4 20

1 14
2 19
3 16
4 16

1 17
2 10
3 16
4 15

1 18
2 20
3 15
4 10

1 17
2 18
3 20
4 20

1 14
2 19
3 16
4 16

1 17
2 10
3 16
4 15

1 18
2 20
3 15
4 10

1 17
2 18
3 20
4 20

1 14
2 19
3 16
4 16

1 17
2 10
3 16
4 15