1 0
2 0
3 0
4 0

1 3
2 6
3 2
4 5

1 0
2 3
3 7
4 9

1 8
2 7
3 0
4 4

1 5
2 1
3 5
4 2

1 1
2 8
3 7
4 2

1 0
2 2
3 3
4 7

1 3
2 6
3 2
4 5

1 0
2 3
3 7
4 9

1 8
2 7
3 0
4 4

1 5
2 1
3 5
4 2

1 1
2 8
3 7
4 2

1 0
2 2
3 3
4 7

1 3
2 6
3 2
4 5

1 0
2 3
3 7
4 9

1 8
2 7
3 0
4 4

1 5
2 1
3 5
4 2

1 1
2 8
3 7
4 2

1 0
2 2
3 3
4 7

1 3
2 6
3 2
4 5

1 0
2 3
3 7
4 9

1 8
2 7
3 0
4 4

1 5
2 1
3 5
4 2

1 1
2 8
3 7
4 2

1 0
2 2
3 3
4 7

1 3
2 6
3 2
4 5

1 0
2 3
3 7
4 9

1 8
2 7
3 0
4 4

1 5
2 1
3 5
4 2

1 1
2 8
3 7
4 2

1 0
2 2
3 3
4 7

1 3
2 6
3 2
4 5

1 0
2 3
3 7
4 9

1 8
2 7
3 0
4 4

1 5
2 1
3 5
4 2

1 1
2 8
3 7
4 2

1 0
2 2
3 3
4 7

1 3
2 6
3 2
4 5

1 0
2 3
3 7
4 9

1 8
2 7
3 0
4 4

1 5
2 1
3 5
4 2

1 1
2 8
3 7
4 2

1 0
2 2
3 3
4 7

1 3
2 6
3 2
4 5

1 0
2 3
3 7
4 9

1 8
2 7
3 0
4 4

1 5
2 1
3 5
4 2

1 1
2 8
3 7
4 2

1 0
2 2
3 3
4 7

1 3
2 6
3 2
4 5

1 0
2 3
3 7
4 9

1 8
2 7
3 0
4 4

1 5
2 1
3 5
4 2

1 1
2 8
3 7
4 2

1 0
2 2
3 3
4 7

1 3
2 6
3 2
4 5

1 0
2 3
3 7
4 9

1 8
2 7
3 0
4 4

1 5
2 1
3 5
4 2

1 1
2 8
3 7
4 2

1 0
2 2
3 3
4 7

1 3
2 6
3 2
4 5

1 0
2 3
3 7
4 9

1 8
2 7
3 0
4 4

1 5
2 1
3 5
4 2

1 1
2 8
3 7
4 2

1 0
2 2
3 3
4 7

1 3
2 6
3 2
4 5

1 0
2 3
3 7
4 9

1 8
2 7
3 0
4 4

1 5
2 1
3 5
4 2

1 1
2 8
3 7
4 2

1 0
2 2
3 3
4 7

1 3
2 6
3 2
4 5

1 0
2 3
3 7
4 9

1 8
2 7
3 0
4 4

1 5
2 1
3 5
4 2

1 1
2 8
3 7
4 2

1 0
2 2
3 3
4 7

1 3
2 6
3 2
4 5

1 0
2 3
3 7
4 9

1 8
2 7
3 0
4 4

1 5
2 1
3 5
4 2

1 1
2 8
3 7
4 2

1 0
2 2
3 3
4 7

1 3
2 6
3 2
4 5

1 0
2 3
3 7
4 9

1 8
2 7
3 0
4 4

1 5
2 1
3 5
4 2

1 1
2 8
3 7
4 2

1 0
2 2
3 3
4 7