1 0
2 0
3 0
4 0
5 0
6 0
7 0
8 0

1 6
2 6
3 3
4 6
5 2
6 6
7 9
8 0

1 7
2 9
3 6
4 7
5 0
6 3
7 1
8 3

1 0
2 7
3 7
4 1
5 6
6 3
7 3
8 6

1 7
2 7
3 1
4 3
5 2
6 1
7 2
8 0

1 6
2 6
3 3
4 6
5 2
6 6
7 9
8 0

1 7
2 9
3 6
4 7
5 0
6 3
7 1
8 3

1 0
2 7
3 7
4 1
5 6
6 3
7 3
8 6

1 7
2 7
3 1
4 3
5 2
6 1
7 2
8 0

1 6
2 6
3 3
4 6
5 2
6 6
7 9
8 0

1 7
2 9
3 6
4 7
5 0
6 3
7 1
8 3

1 0
2 7
3 7
4 1
5 6
6 3
7 3
8 6

1 7
2 7
3 1
4 3
5 2
6 1
7 2
8 0

1 6
2 6
3 3
4 6
5 2
6 6
7 9
8 0

1 7
2 9
3 6
4 7
5 0
6 3
7 1
8 3

1 0
2 7
3 7
4 1
5 6
6 3
7 3
8 6

1 7
2 7
3 1
4 3
5 2
6 1
7 2
8 0

1 6
2 6
3 3
4 6
5 2
6 6
7 9
8 0

1 7
2 9
3 6
4 7
5 0
6 3
7 1
8 3

1 0
2 7
3 7
4 1
5 6
6 3
7 3
8 6

1 7
2 7
3 1
4 3
5 2
6 1
7 2
8 0

1 6
2 6
3 3
4 6
5 2
6 6
7 9
8 0

1 7
2 9
3 6
4 7
5 0
6 3
7 1
8 3

1 0
2 7
3 7
4 1
5 6
6 3
7 3
8 6

1 7
2 7
3 1
4 3
5 2
6 1
7 2
8 0

1 6
2 6
3 3
4 6
5 2
6 6
7 9
8 0

1 7
2 9
3 6
4 7
5 0
6 3
7 1
8 3

1 0
2 7
3 7
4 1
5 6
6 3
7 3
8 6

1 7
2 7
3 1
4 3
5 2
6 1
7 2
8 0

1 6
2 6
3 3
4 6
5 2
6 6
7 9
8 0

1 7
2 9
3 6
4 7
5 0
6 3
7 1
8 3

1 0
2 7
3 7
4 1
5 6
6 3
7 3
8 6

1 7
2 7
3 1
4 3
5 2
6 1
7 2
8 0

1 6
2 6
3 3
4 6
5 2
6 6
7 9
8 0

1 7
2 9
3 6
4 7
5 0
6 3
7 1
8 3

1 0
2 7
3 7
4 1
5 6
6 3
7 3
8 6

1 7
2 7
3 1
4 3
5 2
6 1
7 2
8 0

1 6
2 6
3 3
4 6
5 2
6 6
7 9
8 0

1 7
2 9
3 6
4 7
5 0
6 3
7 1
8 3

1 0
2 7
3 7
4 1
5 6
6 3
7 3
8 6

1 7
2 7
3 1
4 3
5 2
6 1
7 2
8 0

1 6
2 6
3 3
4 6
5 2
6 6
7 9
8 0

1 7
2 9
3 6
4 7
5 0
6 3
7 1
8 3

1 0
2 7
3 7
4 1
5 6
6 3
7 3
8 6

1 7
2 7
3 1
4 3
5 2
6 1
7 2
8 0

1 6
2 6
3 3
4 6
5 2
6 6
7 9
8 0

1 7
2 9
3 6
4 7
5 0
6 3
7 1
8 3

1 0
2 7
3 7
4 1
5 6
6 3
7 3
8 6

1 7
2 7
3 1
4 3
5 2
6 1
7 2
8 0

1 6
2 6
3 3
4 6
5 2
6 6
7 9
8 0

1 7
2 9
3 6
4 7
5 0
6 3
7 1
8 3

1 0
2 7
3 7
4 1
5 6
6 3
7 3
8 6

1 7
2 7
3 1
4 3
5 2
6 1
7 2
8 0

1 6
2 6
3 3
4 6
5 2
6 6
7 9
8 0

1 7
2 9
3 6
4 7
5 0
6 3
7 1
8 3

1 0
2 7
3 7
4 1
5 6
6 3
7 3
8 6

1 7
2 7
3 1
4 3
5 2
6 1
7 2
8 0

1 6
2 6
3 3
4 6
5 2
6 6
7 9
8 0

1 7
2 9
3 6
4 7
5 0
6 3
7 1
8 3

1 0
2 7
3 7
4 1
5 6
6 3
7 3
8 6

1 7
2 7
3 1
4 3
5 2
6 1
7 2
8 0