1 0
2 0
3 0
4 0

1 11
2 20
3 14
4 10

1 11
2 14
3 14
4 10

1 11
2 14
3 16
4 19

1 18
2 16
3 19
4 15

1 11
2 12
3 11
4 17

1 20
2 10
3 11
4 13

1 11
2 20
3 14
4 10

1 11
2 14
3 14
4 10

1 11
2 14
3 16
4 19

1 18
2 16
3 19
4 15

1 11
2 12
3 11
4 17

1 20
2 10
3 11
4 13

1 11
2 20
3 14
4 10

1 11
2 14
3 14
4 10

1 11
2 14
3 16
4 19

1 18
2 16
3 19
4 15

1 11
2 12
3 11
4 17

1 20
2 10
3 11
4 13

1 11
2 20
3 14
4 10

1 11
2 14
3 14
4 10

1 11
2 14
3 16
4 19

1 18
2 16
3 19
4 15

1 11
2 12
3 11
4 17

1 20
2 10
3 11
4 13

1 11
2 20
3 14
4 10

1 11
2 14
3 14
4 10

1 11
2 14
3 16
4 19

1 18
2 16
3 19
4 15

1 11
2 12
3 11
4 17

1 20
2 10
3 11
4 13

1 11
2 20
3 14
4 10

1 11
2 14
3 14
4 10

1 11
2 14
3 16
4 19

1 18
2 16
3 19
4 15

1 11
2 12
3 11
4 17

1 20
2 10
3 11
4 13

1 11
2 20
3 14
4 10

1 11
2 14
3 14
4 10

1 11
2 14
3 16
4 19

1 18
2 16
3 19
4 15

1 11
2 12
3 11
4 17

1 20
2 10
3 11
4 13

1 11
2 20
3 14
4 10

1 11
2 14
3 14
4 10

1 11
2 14
3 16
4 19

1 18
2 16
3 19
4 15

1 11
2 12
3 11
4 17

1 20
2 10
3 11
4 13

1 11
2 20
3 14
4 10

1 11
2 14
3 14
4 10

1 11
2 14
3 16
4 19

1 18
2 16
3 19
4 15

1 11
2 12
3 11
4 17

1 20
2 10
3 11
4 13

1 11
2 20
3 14
4 10

1 11
2 14
3 14
4 10

1 11
2 14
3 16
4 19

1 18
2 16
3 19
4 15

1 11
2 12
3 11
4 17

1 20
2 10
3 11
4 13