1 0
2 0
3 0
4 0
5 0
6 0
7 0
8 0

1 18
2 14
3 16
4 12
5 14
6 20
7 16
8 12

1 17
2 12
3 19
4 20
5 11
6 16
7 20
8 19

1 15
2 12
3 16
4 12
5 11
6 10
7 14
8 10

1 11
2 13
3 13
4 16
5 18
6 15
7 12
8 15

1 20
2 15
3 20
4 11
5 15
6 17
7 13
8 17

1 18
2 14
3 19
4 12
5 11
6 15
7 16
8 11

1 18
2 14
3 16
4 12
5 14
6 20
7 16
8 12

1 17
2 12
3 19
4 20
5 11
6 16
7 20
8 19

1 15
2 12
3 16
4 12
5 11
6 10
7 14
8 10

1 11
2 13
3 13
4 16
5 18
6 15
7 12
8 15

1 20
2 15
3 20
4 11
5 15
6 17
7 13
8 17

1 18
2 14
3 19
4 12
5 11
6 15
7 16
8 11

1 18
2 14
3 16
4 12
5 14
6 20
7 16
8 12

1 17
2 12
3 19
4 20
5 11
6 16
7 20
8 19

1 15
2 12
3 16
4 12
5 11
6 10
7 14
8 10

1 11
2 13
3 13
4 16
5 18
6 15
7 12
8 15

1 20
2 15
3 20
4 11
5 15
6 17
7 13
8 17

1 18
2 14
3 19
4 12
5 11
6 15
7 16
8 11

1 18
2 14
3 16
4 12
5 14
6 20
7 16
8 12

1 17
2 12
3 19
4 20
5 11
6 16
7 20
8 19

1 15
2 12
3 16
4 12
5 11
6 10
7 14
8 10

1 11
2 13
3 13
4 16
5 18
6 15
7 12
8 15

1 20
2 15
3 20
4 11
5 15
6 17
7 13
8 17

1 18
2 14
3 19
4 12
5 11
6 15
7 16
8 11

1 18
2 14
3 16
4 12
5 14
6 20
7 16
8 12

1 17
2 12
3 19
4 20
5 11
6 16
7 20
8 19

1 15
2 12
3 16
4 12
5 11
6 10
7 14
8 10

1 11
2 13
3 13
4 16
5 18
6 15
7 12
8 15

1 20
2 15
3 20
4 11
5 15
6 17
7 13
8 17

1 18
2 14
3 19
4 12
5 11
6 15
7 16
8 11

1 18
2 14
3 16
4 12
5 14
6 20
7 16
8 12

1 17
2 12
3 19
4 20
5 11
6 16
7 20
8 19

1 15
2 12
3 16
4 12
5 11
6 10
7 14
8 10

1 11
2 13
3 13
4 16
5 18
6 15
7 12
8 15

1 20
2 15
3 20
4 11
5 15
6 17
7 13
8 17

1 18
2 14
3 19
4 12
5 11
6 15
7 16
8 11

1 18
2 14
3 16
4 12
5 14
6 20
7 16
8 12

1 17
2 12
3 19
4 20
5 11
6 16
7 20
8 19

1 15
2 12
3 16
4 12
5 11
6 10
7 14
8 10

1 11
2 13
3 13
4 16
5 18
6 15
7 12
8 15

1 20
2 15
3 20
4 11
5 15
6 17
7 13
8 17

1 18
2 14
3 19
4 12
5 11
6 15
7 16
8 11

1 18
2 14
3 16
4 12
5 14
6 20
7 16
8 12

1 17
2 12
3 19
4 20
5 11
6 16
7 20
8 19

1 15
2 12
3 16
4 12
5 11
6 10
7 14
8 10

1 11
2 13
3 13
4 16
5 18
6 15
7 12
8 15

1 20
2 15
3 20
4 11
5 15
6 17
7 13
8 17

1 18
2 14
3 19
4 12
5 11
6 15
7 16
8 11

1 18
2 14
3 16
4 12
5 14
6 20
7 16
8 12

1 17
2 12
3 19
4 20
5 11
6 16
7 20
8 19

1 15
2 12
3 16
4 12
5 11
6 10
7 14
8 10

1 11
2 13
3 13
4 16
5 18
6 15
7 12
8 15

1 20
2 15
3 20
4 11
5 15
6 17
7 13
8 17

1 18
2 14
3 19
4 12
5 11
6 15
7 16
8 11

1 18
2 14
3 16
4 12
5 14
6 20
7 16
8 12

1 17
2 12
3 19
4 20
5 11
6 16
7 20
8 19

1 15
2 12
3 16
4 12
5 11
6 10
7 14
8 10

1 11
2 13
3 13
4 16
5 18
6 15
7 12
8 15

1 20
2 15
3 20
4 11
5 15
6 17
7 13
8 17

1 18
2 14
3 19
4 12
5 11
6 15
7 16
8 11

1 18
2 14
3 16
4 12
5 14
6 20
7 16
8 12

1 17
2 12
3 19
4 20
5 11
6 16
7 20
8 19

1 15
2 12
3 16
4 12
5 11
6 10
7 14
8 10

1 11
2 13
3 13
4 16
5 18
6 15
7 12
8 15

1 20
2 15
3 20
4 11
5 15
6 17
7 13
8 17

1 18
2 14
3 19
4 12
5 11
6 15
7 16
8 11

1 18
2 14
3 16
4 12
5 14
6 20
7 16
8 12

1 17
2 12
3 19
4 20
5 11
6 16
7 20
8 19

1 15
2 12
3 16
4 12
5 11
6 10
7 14
8 10

1 11
2 13
3 13
4 16
5 18
6 15
7 12
8 15

1 20
2 15
3 20
4 11
5 15
6 17
7 13
8 17

1 18
2 14
3 19
4 12
5 11
6 15
7 16
8 11

1 18
2 14
3 16
4 12
5 14
6 20
7 16
8 12

1 17
2 12
3 19
4 20
5 11
6 16
7 20
8 19

1 15
2 12
3 16
4 12
5 11
6 10
7 14
8 10

1 11
2 13
3 13
4 16
5 18
6 15
7 12
8 15

1 20
2 15
3 20
4 11
5 15
6 17
7 13
8 17

1 18
2 14
3 19
4 12
5 11
6 15
7 16
8 11

1 18
2 14
3 16
4 12
5 14
6 20
7 16
8 12

1 17
2 12
3 19
4 20
5 11
6 16
7 20
8 19

1 15
2 12
3 16
4 12
5 11
6 10
7 14
8 10

1 11
2 13
3 13
4 16
5 18
6 15
7 12
8 15

1 20
2 15
3 20
4 11
5 15
6 17
7 13
8 17

1 18
2 14
3 19
4 12
5 11
6 15
7 16
8 11

1 18
2 14
3 16
4 12
5 14
6 20
7 16
8 12

1 17
2 12
3 19
4 20
5 11
6 16
7 20
8 19

1 15
2 12
3 16
4 12
5 11
6 10
7 14
8 10

1 11
2 13
3 13
4 16
5 18
6 15
7 12
8 15

1 20
2 15
3 20
4 11
5 15
6 17
7 13
8 17

1 18
2 14
3 19
4 12
5 11
6 15
7 16
8 11

1 18
2 14
3 16
4 12
5 14
6 20
7 16
8 12

1 17
2 12
3 19
4 20
5 11
6 16
7 20
8 19

1 15
2 12
3 16
4 12
5 11
6 10
7 14
8 10

1 11
2 13
3 13
4 16
5 18
6 15
7 12
8 15

1 20
2 15
3 20
4 11
5 15
6 17
7 13
8 17

1 18
2 14
3 19
4 12
5 11
6 15
7 16
8 11

1 18
2 14
3 16
4 12
5 14
6 20
7 16
8 12

1 17
2 12
3 19
4 20
5 11
6 16
7 20
8 19

1 15
2 12
3 16
4 12
5 11
6 10
7 14
8 10

1 11
2 13
3 13
4 16
5 18
6 15
7 12
8 15

1 20
2 15
3 20
4 11
5 15
6 17
7 13
8 17

1 18
2 14
3 19
4 12
5 11
6 15
7 16
8 11

1 18
2 14
3 16
4 12
5 14
6 20
7 16
8 12

1 17
2 12
3 19
4 20
5 11
6 16
7 20
8 19

1 15
2 12
3 16
4 12
5 11
6 10
7 14
8 10

1 11
2 13
3 13
4 16
5 18
6 15
7 12
8 15

1 20
2 15
3 20
4 11
5 15
6 17
7 13
8 17

1 18
2 14
3 19
4 12
5 11
6 15
7 16
8 11

1 18
2 14
3 16
4 12
5 14
6 20
7 16
8 12

1 17
2 12
3 19
4 20
5 11
6 16
7 20
8 19

1 15
2 12
3 16
4 12
5 11
6 10
7 14
8 10

1 11
2 13
3 13
4 16
5 18
6 15
7 12
8 15

1 20
2 15
3 20
4 11
5 15
6 17
7 13
8 17

1 18
2 14
3 19
4 12
5 11
6 15
7 16
8 11

1 18
2 14
3 16
4 12
5 14
6 20
7 16
8 12

1 17
2 12
3 19
4 20
5 11
6 16
7 20
8 19

1 15
2 12
3 16
4 12
5 11
6 10
7 14
8 10

1 11
2 13
3 13
4 16
5 18
6 15
7 12
8 15

1 20
2 15
3 20
4 11
5 15
6 17
7 13
8 17

1 18
2 14
3 19
4 12
5 11
6 15
7 16
8 11