1 0
2 0
3 0
4 0
5 0
6 0
7 0
8 0

1 7
2 3
3 8
4 4
5 1
6 2
7 4
8 0

1 7
2 9
3 1
4 0
5 1
6 3
7 5
8 2

1 7
2 3
3 8
4 4
5 1
6 2
7 4
8 0

1 7
2 9
3 1
4 0
5 1
6 3
7 5
8 2

1 7
2 3
3 8
4 4
5 1
6 2
7 4
8 0

1 7
2 9
3 1
4 0
5 1
6 3
7 5
8 2

1 7
2 3
3 8
4 4
5 1
6 2
7 4
8 0

1 7
2 9
3 1
4 0
5 1
6 3
7 5
8 2

1 7
2 3
3 8
4 4
5 1
6 2
7 4
8 0

1 7
2 9
3 1
4 0
5 1
6 3
7 5
8 2

1 7
2 3
3 8
4 4
5 1
6 2
7 4
8 0

1 7
2 9
3 1
4 0
5 1
6 3
7 5
8 2

1 7
2 3
3 8
4 4
5 1
6 2
7 4
8 0

1 7
2 9
3 1
4 0
5 1
6 3
7 5
8 2

1 7
2 3
3 8
4 4
5 1
6 2
7 4
8 0

1 7
2 9
3 1
4 0
5 1
6 3
7 5
8 2

1 7
2 3
3 8
4 4
5 1
6 2
7 4
8 0

1 7
2 9
3 1
4 0
5 1
6 3
7 5
8 2

1 7
2 3
3 8
4 4
5 1
6 2
7 4
8 0

1 7
2 9
3 1
4 0
5 1
6 3
7 5
8 2