1 0
2 0
3 0
4 0
5 0
6 0
7 0
8 0

1 3
2 0
3 7
4 9
5 7
6 3
7 8
8 5

1 9
2 0
3 1
4 6
5 9
6 2
7 2
8 9

1 3
2 0
3 7
4 9
5 7
6 3
7 8
8 5

1 9
2 0
3 1
4 6
5 9
6 2
7 2
8 9

1 3
2 0
3 7
4 9
5 7
6 3
7 8
8 5

1 9
2 0
3 1
4 6
5 9
6 2
7 2
8 9

1 3
2 0
3 7
4 9
5 7
6 3
7 8
8 5

1 9
2 0
3 1
4 6
5 9
6 2
7 2
8 9

1 3
2 0
3 7
4 9
5 7
6 3
7 8
8 5

1 9
2 0
3 1
4 6
5 9
6 2
7 2
8 9

1 3
2 0
3 7
4 9
5 7
6 3
7 8
8 5

1 9
2 0
3 1
4 6
5 9
6 2
7 2
8 9

1 3
2 0
3 7
4 9
5 7
6 3
7 8
8 5

1 9
2 0
3 1
4 6
5 9
6 2
7 2
8 9

1 3
2 0
3 7
4 9
5 7
6 3
7 8
8 5

1 9
2 0
3 1
4 6
5 9
6 2
7 2
8 9

1 3
2 0
3 7
4 9
5 7
6 3
7 8
8 5

1 9
2 0
3 1
4 6
5 9
6 2
7 2
8 9

1 3
2 0
3 7
4 9
5 7
6 3
7 8
8 5

1 9
2 0
3 1
4 6
5 9
6 2
7 2
8 9

1 3
2 0
3 7
4 9
5 7
6 3
7 8
8 5

1 9
2 0
3 1
4 6
5 9
6 2
7 2
8 9

1 3
2 0
3 7
4 9
5 7
6 3
7 8
8 5

1 9
2 0
3 1
4 6
5 9
6 2
7 2
8 9

1 3
2 0
3 7
4 9
5 7
6 3
7 8
8 5

1 9
2 0
3 1
4 6
5 9
6 2
7 2
8 9

1 3
2 0
3 7
4 9
5 7
6 3
7 8
8 5

1 9
2 0
3 1
4 6
5 9
6 2
7 2
8 9

1 3
2 0
3 7
4 9
5 7
6 3
7 8
8 5

1 9
2 0
3 1
4 6
5 9
6 2
7 2
8 9