1 0
2 0
3 0
4 0

1 0
2 6
3 1
4 8

1 0
2 9
3 9
4 9

1 0
2 6
3 1
4 8

1 0
2 9
3 9
4 9

1 0
2 6
3 1
4 8

1 0
2 9
3 9
4 9

1 0
2 6
3 1
4 8

1 0
2 9
3 9
4 9

1 0
2 6
3 1
4 8

1 0
2 9
3 9
4 9

1 0
2 6
3 1
4 8

1 0
2 9
3 9
4 9

1 0
2 6
3 1
4 8

1 0
2 9
3 9
4 9

1 0
2 6
3 1
4 8

1 0
2 9
3 9
4 9

1 0
2 6
3 1
4 8

1 0
2 9
3 9
4 9

1 0
2 6
3 1
4 8

1 0
2 9
3 9
4 9

1 0
2 6
3 1
4 8

1 0
2 9
3 9
4 9

1 0
2 6
3 1
4 8

1 0
2 9
3 9
4 9

1 0
2 6
3 1
4 8

1 0
2 9
3 9
4 9

1 0
2 6
3 1
4 8

1 0
2 9
3 9
4 9

1 0
2 6
3 1
4 8

1 0
2 9
3 9
4 9

1 0
2 6
3 1
4 8

1 0
2 9
3 9
4 9

1 0
2 6
3 1
4 8

1 0
2 9
3 9
4 9

1 0
2 6
3 1
4 8

1 0
2 9
3 9
4 9

1 0
2 6
3 1
4 8

1 0
2 9
3 9
4 9

1 0
2 6
3 1
4 8

1 0
2 9
3 9
4 9