1 0
2 0
3 0
4 0
5 0
6 0
7 0
8 0

1 18
2 14
3 12
4 14
5 19
6 11
7 12
8 10

1 16
2 10
3 10
4 14
5 19
6 11
7 18
8 10

1 18
2 14
3 12
4 14
5 19
6 11
7 12
8 10

1 16
2 10
3 10
4 14
5 19
6 11
7 18
8 10

1 18
2 14
3 12
4 14
5 19
6 11
7 12
8 10

1 16
2 10
3 10
4 14
5 19
6 11
7 18
8 10

1 18
2 14
3 12
4 14
5 19
6 11
7 12
8 10

1 16
2 10
3 10
4 14
5 19
6 11
7 18
8 10

1 18
2 14
3 12
4 14
5 19
6 11
7 12
8 10

1 16
2 10
3 10
4 14
5 19
6 11
7 18
8 10

1 18
2 14
3 12
4 14
5 19
6 11
7 12
8 10

1 16
2 10
3 10
4 14
5 19
6 11
7 18
8 10

1 18
2 14
3 12
4 14
5 19
6 11
7 12
8 10

1 16
2 10
3 10
4 14
5 19
6 11
7 18
8 10

1 18
2 14
3 12
4 14
5 19
6 11
7 12
8 10

1 16
2 10
3 10
4 14
5 19
6 11
7 18
8 10

1 18
2 14
3 12
4 14
5 19
6 11
7 12
8 10

1 16
2 10
3 10
4 14
5 19
6 11
7 18
8 10

1 18
2 14
3 12
4 14
5 19
6 11
7 12
8 10

1 16
2 10
3 10
4 14
5 19
6 11
7 18
8 10