1 0
2 0
3 0
4 0
5 0
6 0
7 0
8 0
9 0
10 0
11 0
12 0
13 0
14 0
15 0
16 0

1 6
2 4
3 1
4 8
5 2
6 3
7 9
8 6
9 2
10 0
11 7
12 4
13 2
14 1
15 8
16 2

1 0
2 6
3 9
4 5
5 9
6 9
7 8
8 6
9 0
10 5
11 0
12 3
13 3
14 7
15 4
16 7

1 3
2 3
3 7
4 8
5 2
6 3
7 4
8 6
9 0
10 1
11 8
12 3
13 5
14 0
15 4
16 6

1 0
2 6
3 8
4 8
5 0
6 4
7 8
8 4
9 9
10 0
11 3
12 4
13 0
14 2
15 8
16 8

1 3
2 4
3 5
4 9
5 4
6 0
7 3
8 0
9 2
10 8
11 8
12 6
13 8
14 2
15 8
16 0

1 8
2 0
3 8
4 6
5 0
6 6
7 8
8 1
9 7
10 0
11 6
12 1
13 8
14 2
15 3
16 5

1 6
2 4
3 1
4 8
5 2
6 3
7 9
8 6
9 2
10 0
11 7
12 4
13 2
14 1
15 8
16 2

1 0
2 6
3 9
4 5
5 9
6 9
7 8
8 6
9 0
10 5
11 0
12 3
13 3
14 7
15 4
16 7

1 3
2 3
3 7
4 8
5 2
6 3
7 4
8 6
9 0
10 1
11 8
12 3
13 5
14 0
15 4
16 6

1 0
2 6
3 8
4 8
5 0
6 4
7 8
8 4
9 9
10 0
11 3
12 4
13 0
14 2
15 8
16 8

1 3
2 4
3 5
4 9
5 4
6 0
7 3
8 0
9 2
10 8
11 8
12 6
13 8
14 2
15 8
16 0

1 8
2 0
3 8
4 6
5 0
6 6
7 8
8 1
9 7
10 0
11 6
12 1
13 8
14 2
15 3
16 5

1 6
2 4
3 1
4 8
5 2
6 3
7 9
8 6
9 2
10 0
11 7
12 4
13 2
14 1
15 8
16 2

1 0
2 6
3 9
4 5
5 9
6 9
7 8
8 6
9 0
10 5
11 0
12 3
13 3
14 7
15 4
16 7

1 3
2 3
3 7
4 8
5 2
6 3
7 4
8 6
9 0
10 1
11 8
12 3
13 5
14 0
15 4
16 6

1 0
2 6
3 8
4 8
5 0
6 4
7 8
8 4
9 9
10 0
11 3
12 4
13 0
14 2
15 8
16 8

1 3
2 4
3 5
4 9
5 4
6 0
7 3
8 0
9 2
10 8
11 8
12 6
13 8
14 2
15 8
16 0

1 8
2 0
3 8
4 6
5 0
6 6
7 8
8 1
9 7
10 0
11 6
12 1
13 8
14 2
15 3
16 5

1 6
2 4
3 1
4 8
5 2
6 3
7 9
8 6
9 2
10 0
11 7
12 4
13 2
14 1
15 8
16 2

1 0
2 6
3 9
4 5
5 9
6 9
7 8
8 6
9 0
10 5
11 0
12 3
13 3
14 7
15 4
16 7

1 3
2 3
3 7
4 8
5 2
6 3
7 4
8 6
9 0
10 1
11 8
12 3
13 5
14 0
15 4
16 6

1 0
2 6
3 8
4 8
5 0
6 4
7 8
8 4
9 9
10 0
11 3
12 4
13 0
14 2
15 8
16 8

1 3
2 4
3 5
4 9
5 4
6 0
7 3
8 0
9 2
10 8
11 8
12 6
13 8
14 2
15 8
16 0

1 8
2 0
3 8
4 6
5 0
6 6
7 8
8 1
9 7
10 0
11 6
12 1
13 8
14 2
15 3
16 5

1 6
2 4
3 1
4 8
5 2
6 3
7 9
8 6
9 2
10 0
11 7
12 4
13 2
14 1
15 8
16 2

1 0
2 6
3 9
4 5
5 9
6 9
7 8
8 6
9 0
10 5
11 0
12 3
13 3
14 7
15 4
16 7

1 3
2 3
3 7
4 8
5 2
6 3
7 4
8 6
9 0
10 1
11 8
12 3
13 5
14 0
15 4
16 6

1 0
2 6
3 8
4 8
5 0
6 4
7 8
8 4
9 9
10 0
11 3
12 4
13 0
14 2
15 8
16 8

1 3
2 4
3 5
4 9
5 4
6 0
7 3
8 0
9 2
10 8
11 8
12 6
13 8
14 2
15 8
16 0

1 8
2 0
3 8
4 6
5 0
6 6
7 8
8 1
9 7
10 0
11 6
12 1
13 8
14 2
15 3
16 5

1 6
2 4
3 1
4 8
5 2
6 3
7 9
8 6
9 2
10 0
11 7
12 4
13 2
14 1
15 8
16 2

1 0
2 6
3 9
4 5
5 9
6 9
7 8
8 6
9 0
10 5
11 0
12 3
13 3
14 7
15 4
16 7

1 3
2 3
3 7
4 8
5 2
6 3
7 4
8 6
9 0
10 1
11 8
12 3
13 5
14 0
15 4
16 6

1 0
2 6
3 8
4 8
5 0
6 4
7 8
8 4
9 9
10 0
11 3
12 4
13 0
14 2
15 8
16 8

1 3
2 4
3 5
4 9
5 4
6 0
7 3
8 0
9 2
10 8
11 8
12 6
13 8
14 2
15 8
16 0

1 8
2 0
3 8
4 6
5 0
6 6
7 8
8 1
9 7
10 0
11 6
12 1
13 8
14 2
15 3
16 5

1 6
2 4
3 1
4 8
5 2
6 3
7 9
8 6
9 2
10 0
11 7
12 4
13 2
14 1
15 8
16 2

1 0
2 6
3 9
4 5
5 9
6 9
7 8
8 6
9 0
10 5
11 0
12 3
13 3
14 7
15 4
16 7

1 3
2 3
3 7
4 8
5 2
6 3
7 4
8 6
9 0
10 1
11 8
12 3
13 5
14 0
15 4
16 6

1 0
2 6
3 8
4 8
5 0
6 4
7 8
8 4
9 9
10 0
11 3
12 4
13 0
14 2
15 8
16 8

1 3
2 4
3 5
4 9
5 4
6 0
7 3
8 0
9 2
10 8
11 8
12 6
13 8
14 2
15 8
16 0

1 8
2 0
3 8
4 6
5 0
6 6
7 8
8 1
9 7
10 0
11 6
12 1
13 8
14 2
15 3
16 5

1 6
2 4
3 1
4 8
5 2
6 3
7 9
8 6
9 2
10 0
11 7
12 4
13 2
14 1
15 8
16 2

1 0
2 6
3 9
4 5
5 9
6 9
7 8
8 6
9 0
10 5
11 0
12 3
13 3
14 7
15 4
16 7

1 3
2 3
3 7
4 8
5 2
6 3
7 4
8 6
9 0
10 1
11 8
12 3
13 5
14 0
15 4
16 6

1 0
2 6
3 8
4 8
5 0
6 4
7 8
8 4
9 9
10 0
11 3
12 4
13 0
14 2
15 8
16 8

1 3
2 4
3 5
4 9
5 4
6 0
7 3
8 0
9 2
10 8
11 8
12 6
13 8
14 2
15 8
16 0

1 8
2 0
3 8
4 6
5 0
6 6
7 8
8 1
9 7
10 0
11 6
12 1
13 8
14 2
15 3
16 5

1 6
2 4
3 1
4 8
5 2
6 3
7 9
8 6
9 2
10 0
11 7
12 4
13 2
14 1
15 8
16 2

1 0
2 6
3 9
4 5
5 9
6 9
7 8
8 6
9 0
10 5
11 0
12 3
13 3
14 7
15 4
16 7

1 3
2 3
3 7
4 8
5 2
6 3
7 4
8 6
9 0
10 1
11 8
12 3
13 5
14 0
15 4
16 6

1 0
2 6
3 8
4 8
5 0
6 4
7 8
8 4
9 9
10 0
11 3
12 4
13 0
14 2
15 8
16 8

1 3
2 4
3 5
4 9
5 4
6 0
7 3
8 0
9 2
10 8
11 8
12 6
13 8
14 2
15 8
16 0

1 8
2 0
3 8
4 6
5 0
6 6
7 8
8 1
9 7
10 0
11 6
12 1
13 8
14 2
15 3
16 5

1 6
2 4
3 1
4 8
5 2
6 3
7 9
8 6
9 2
10 0
11 7
12 4
13 2
14 1
15 8
16 2

1 0
2 6
3 9
4 5
5 9
6 9
7 8
8 6
9 0
10 5
11 0
12 3
13 3
14 7
15 4
16 7

1 3
2 3
3 7
4 8
5 2
6 3
7 4
8 6
9 0
10 1
11 8
12 3
13 5
14 0
15 4
16 6

1 0
2 6
3 8
4 8
5 0
6 4
7 8
8 4
9 9
10 0
11 3
12 4
13 0
14 2
15 8
16 8

1 3
2 4
3 5
4 9
5 4
6 0
7 3
8 0
9 2
10 8
11 8
12 6
13 8
14 2
15 8
16 0

1 8
2 0
3 8
4 6
5 0
6 6
7 8
8 1
9 7
10 0
11 6
12 1
13 8
14 2
15 3
16 5

1 6
2 4
3 1
4 8
5 2
6 3
7 9
8 6
9 2
10 0
11 7
12 4
13 2
14 1
15 8
16 2

1 0
2 6
3 9
4 5
5 9
6 9
7 8
8 6
9 0
10 5
11 0
12 3
13 3
14 7
15 4
16 7

1 3
2 3
3 7
4 8
5 2
6 3
7 4
8 6
9 0
10 1
11 8
12 3
13 5
14 0
15 4
16 6

1 0
2 6
3 8
4 8
5 0
6 4
7 8
8 4
9 9
10 0
11 3
12 4
13 0
14 2
15 8
16 8

1 3
2 4
3 5
4 9
5 4
6 0
7 3
8 0
9 2
10 8
11 8
12 6
13 8
14 2
15 8
16 0

1 8
2 0
3 8
4 6
5 0
6 6
7 8
8 1
9 7
10 0
11 6
12 1
13 8
14 2
15 3
16 5

1 6
2 4
3 1
4 8
5 2
6 3
7 9
8 6
9 2
10 0
11 7
12 4
13 2
14 1
15 8
16 2

1 0
2 6
3 9
4 5
5 9
6 9
7 8
8 6
9 0
10 5
11 0
12 3
13 3
14 7
15 4
16 7

1 3
2 3
3 7
4 8
5 2
6 3
7 4
8 6
9 0
10 1
11 8
12 3
13 5
14 0
15 4
16 6

1 0
2 6
3 8
4 8
5 0
6 4
7 8
8 4
9 9
10 0
11 3
12 4
13 0
14 2
15 8
16 8

1 3
2 4
3 5
4 9
5 4
6 0
7 3
8 0
9 2
10 8
11 8
12 6
13 8
14 2
15 8
16 0

1 8
2 0
3 8
4 6
5 0
6 6
7 8
8 1
9 7
10 0
11 6
12 1
13 8
14 2
15 3
16 5

1 6
2 4
3 1
4 8
5 2
6 3
7 9
8 6
9 2
10 0
11 7
12 4
13 2
14 1
15 8
16 2

1 0
2 6
3 9
4 5
5 9
6 9
7 8
8 6
9 0
10 5
11 0
12 3
13 3
14 7
15 4
16 7

1 3
2 3
3 7
4 8
5 2
6 3
7 4
8 6
9 0
10 1
11 8
12 3
13 5
14 0
15 4
16 6

1 0
2 6
3 8
4 8
5 0
6 4
7 8
8 4
9 9
10 0
11 3
12 4
13 0
14 2
15 8
16 8

1 3
2 4
3 5
4 9
5 4
6 0
7 3
8 0
9 2
10 8
11 8
12 6
13 8
14 2
15 8
16 0

1 8
2 0
3 8
4 6
5 0
6 6
7 8
8 1
9 7
10 0
11 6
12 1
13 8
14 2
15 3
16 5

1 6
2 4
3 1
4 8
5 2
6 3
7 9
8 6
9 2
10 0
11 7
12 4
13 2
14 1
15 8
16 2

1 0
2 6
3 9
4 5
5 9
6 9
7 8
8 6
9 0
10 5
11 0
12 3
13 3
14 7
15 4
16 7

1 3
2 3
3 7
4 8
5 2
6 3
7 4
8 6
9 0
10 1
11 8
12 3
13 5
14 0
15 4
16 6

1 0
2 6
3 8
4 8
5 0
6 4
7 8
8 4
9 9
10 0
11 3
12 4
13 0
14 2
15 8
16 8

1 3
2 4
3 5
4 9
5 4
6 0
7 3
8 0
9 2
10 8
11 8
12 6
13 8
14 2
15 8
16 0

1 8
2 0
3 8
4 6
5 0
6 6
7 8
8 1
9 7
10 0
11 6
12 1
13 8
14 2
15 3
16 5

1 6
2 4
3 1
4 8
5 2
6 3
7 9
8 6
9 2
10 0
11 7
12 4
13 2
14 1
15 8
16 2

1 0
2 6
3 9
4 5
5 9
6 9
7 8
8 6
9 0
10 5
11 0
12 3
13 3
14 7
15 4
16 7

1 3
2 3
3 7
4 8
5 2
6 3
7 4
8 6
9 0
10 1
11 8
12 3
13 5
14 0
15 4
16 6

1 0
2 6
3 8
4 8
5 0
6 4
7 8
8 4
9 9
10 0
11 3
12 4
13 0
14 2
15 8
16 8

1 3
2 4
3 5
4 9
5 4
6 0
7 3
8 0
9 2
10 8
11 8
12 6
13 8
14 2
15 8
16 0

1 8
2 0
3 8
4 6
5 0
6 6
7 8
8 1
9 7
10 0
11 6
12 1
13 8
14 2
15 3
16 5