1 0
2 0
3 0
4 0

1 3
2 8
3 4
4 0

1 7
2 2
3 4
4 8

1 6
2 4
3 5
4 0

1 0
2 8
3 0
4 7

1 3
2 4
3 0
4 2

1 4
2 9
3 6
4 4

1 3
2 8
3 4
4 0

1 7
2 2
3 4
4 8

1 6
2 4
3 5
4 0

1 0
2 8
3 0
4 7

1 3
2 4
3 0
4 2

1 4
2 9
3 6
4 4

1 3
2 8
3 4
4 0

1 7
2 2
3 4
4 8

1 6
2 4
3 5
4 0

1 0
2 8
3 0
4 7

1 3
2 4
3 0
4 2

1 4
2 9
3 6
4 4

1 3
2 8
3 4
4 0

1 7
2 2
3 4
4 8

1 6
2 4
3 5
4 0

1 0
2 8
3 0
4 7

1 3
2 4
3 0
4 2

1 4
2 9
3 6
4 4

1 3
2 8
3 4
4 0

1 7
2 2
3 4
4 8

1 6
2 4
3 5
4 0

1 0
2 8
3 0
4 7

1 3
2 4
3 0
4 2

1 4
2 9
3 6
4 4

1 3
2 8
3 4
4 0

1 7
2 2
3 4
4 8

1 6
2 4
3 5
4 0

1 0
2 8
3 0
4 7

1 3
2 4
3 0
4 2

1 4
2 9
3 6
4 4

1 3
2 8
3 4
4 0

1 7
2 2
3 4
4 8

1 6
2 4
3 5
4 0

1 0
2 8
3 0
4 7

1 3
2 4
3 0
4 2

1 4
2 9
3 6
4 4

1 3
2 8
3 4
4 0

1 7
2 2
3 4
4 8

1 6
2 4
3 5
4 0

1 0
2 8
3 0
4 7

1 3
2 4
3 0
4 2

1 4
2 9
3 6
4 4

1 3
2 8
3 4
4 0

1 7
2 2
3 4
4 8

1 6
2 4
3 5
4 0

1 0
2 8
3 0
4 7

1 3
2 4
3 0
4 2

1 4
2 9
3 6
4 4

1 3
2 8
3 4
4 0

1 7
2 2
3 4
4 8

1 6
2 4
3 5
4 0

1 0
2 8
3 0
4 7

1 3
2 4
3 0
4 2

1 4
2 9
3 6
4 4

1 3
2 8
3 4
4 0

1 7
2 2
3 4
4 8

1 6
2 4
3 5
4 0

1 0
2 8
3 0
4 7

1 3
2 4
3 0
4 2

1 4
2 9
3 6
4 4

1 3
2 8
3 4
4 0

1 7
2 2
3 4
4 8

1 6
2 4
3 5
4 0

1 0
2 8
3 0
4 7

1 3
2 4
3 0
4 2

1 4
2 9
3 6
4 4

1 3
2 8
3 4
4 0

1 7
2 2
3 4
4 8

1 6
2 4
3 5
4 0

1 0
2 8
3 0
4 7

1 3
2 4
3 0
4 2

1 4
2 9
3 6
4 4

1 3
2 8
3 4
4 0

1 7
2 2
3 4
4 8

1 6
2 4
3 5
4 0

1 0
2 8
3 0
4 7

1 3
2 4
3 0
4 2

1 4
2 9
3 6
4 4

1 3
2 8
3 4
4 0

1 7
2 2
3 4
4 8

1 6
2 4
3 5
4 0

1 0
2 8
3 0
4 7

1 3
2 4
3 0
4 2

1 4
2 9
3 6
4 4

1 3
2 8
3 4
4 0

1 7
2 2
3 4
4 8

1 6
2 4
3 5
4 0

1 0
2 8
3 0
4 7

1 3
2 4
3 0
4 2

1 4
2 9
3 6
4 4

1 3
2 8
3 4
4 0

1 7
2 2
3 4
4 8

1 6
2 4
3 5
4 0

1 0
2 8
3 0
4 7

1 3
2 4
3 0
4 2

1 4
2 9
3 6
4 4

1 3
2 8
3 4
4 0

1 7
2 2
3 4
4 8

1 6
2 4
3 5
4 0

1 0
2 8
3 0
4 7

1 3
2 4
3 0
4 2

1 4
2 9
3 6
4 4

1 3
2 8
3 4
4 0

1 7
2 2
3 4
4 8

1 6
2 4
3 5
4 0

1 0
2 8
3 0
4 7

1 3
2 4
3 0
4 2

1 4
2 9
3 6
4 4

1 3
2 8
3 4
4 0

1 7
2 2
3 4
4 8

1 6
2 4
3 5
4 0

1 0
2 8
3 0
4 7

1 3
2 4
3 0
4 2

1 4
2 9
3 6
4 4