1 0
2 0
3 0
4 0
5 0
6 0
7 0
8 0
9 0
10 0
11 0
12 0
13 0
14 0
15 0
16 0

1 11
2 11
3 12
4 20
5 18
6 14
7 20
8 10
9 12
10 11
11 11
12 13
13 10
14 16
15 19
16 13

1 18
2 17
3 17
4 17
5 19
6 16
7 13
8 16
9 17
10 15
11 10
12 16
13 14
14 13
15 18
16 16

1 15
2 15
3 10
4 17
5 14
6 11
7 20
8 19
9 10
10 14
11 19
12 20
13 17
14 20
15 14
16 10

1 17
2 14
3 14
4 18
5 13
6 19
7 18
8 12
9 18
10 18
11 15
12 13
13 20
14 12
15 14
16 18

1 11
2 11
3 15
4 12
5 20
6 10
7 11
8 16
9 10
10 10
11 10
12 14
13 13
14 19
15 15
16 14

1 10
2 18
3 17
4 20
5 10
6 11
7 15
8 13
9 11
10 10
11 12
12 11
13 17
14 16
15 17
16 16

1 11
2 11
3 12
4 20
5 18
6 14
7 20
8 10
9 12
10 11
11 11
12 13
13 10
14 16
15 19
16 13

1 18
2 17
3 17
4 17
5 19
6 16
7 13
8 16
9 17
10 15
11 10
12 16
13 14
14 13
15 18
16 16

1 15
2 15
3 10
4 17
5 14
6 11
7 20
8 19
9 10
10 14
11 19
12 20
13 17
14 20
15 14
16 10

1 17
2 14
3 14
4 18
5 13
6 19
7 18
8 12
9 18
10 18
11 15
12 13
13 20
14 12
15 14
16 18

1 11
2 11
3 15
4 12
5 20
6 10
7 11
8 16
9 10
10 10
11 10
12 14
13 13
14 19
15 15
16 14

1 10
2 18
3 17
4 20
5 10
6 11
7 15
8 13
9 11
10 10
11 12
12 11
13 17
14 16
15 17
16 16

1 11
2 11
3 12
4 20
5 18
6 14
7 20
8 10
9 12
10 11
11 11
12 13
13 10
14 16
15 19
16 13

1 18
2 17
3 17
4 17
5 19
6 16
7 13
8 16
9 17
10 15
11 10
12 16
13 14
14 13
15 18
16 16

1 15
2 15
3 10
4 17
5 14
6 11
7 20
8 19
9 10
10 14
11 19
12 20
13 17
14 20
15 14
16 10

1 17
2 14
3 14
4 18
5 13
6 19
7 18
8 12
9 18
10 18
11 15
12 13
13 20
14 12
15 14
16 18

1 11
2 11
3 15
4 12
5 20
6 10
7 11
8 16
9 10
10 10
11 10
12 14
13 13
14 19
15 15
16 14

1 10
2 18
3 17
4 20
5 10
6 11
7 15
8 13
9 11
10 10
11 12
12 11
13 17
14 16
15 17
16 16

1 11
2 11
3 12
4 20
5 18
6 14
7 20
8 10
9 12
10 11
11 11
12 13
13 10
14 16
15 19
16 13

1 18
2 17
3 17
4 17
5 19
6 16
7 13
8 16
9 17
10 15
11 10
12 16
13 14
14 13
15 18
16 16

1 15
2 15
3 10
4 17
5 14
6 11
7 20
8 19
9 10
10 14
11 19
12 20
13 17
14 20
15 14
16 10

1 17
2 14
3 14
4 18
5 13
6 19
7 18
8 12
9 18
10 18
11 15
12 13
13 20
14 12
15 14
16 18

1 11
2 11
3 15
4 12
5 20
6 10
7 11
8 16
9 10
10 10
11 10
12 14
13 13
14 19
15 15
16 14

1 10
2 18
3 17
4 20
5 10
6 11
7 15
8 13
9 11
10 10
11 12
12 11
13 17
14 16
15 17
16 16

1 11
2 11
3 12
4 20
5 18
6 14
7 20
8 10
9 12
10 11
11 11
12 13
13 10
14 16
15 19
16 13

1 18
2 17
3 17
4 17
5 19
6 16
7 13
8 16
9 17
10 15
11 10
12 16
13 14
14 13
15 18
16 16

1 15
2 15
3 10
4 17
5 14
6 11
7 20
8 19
9 10
10 14
11 19
12 20
13 17
14 20
15 14
16 10

1 17
2 14
3 14
4 18
5 13
6 19
7 18
8 12
9 18
10 18
11 15
12 13
13 20
14 12
15 14
16 18

1 11
2 11
3 15
4 12
5 20
6 10
7 11
8 16
9 10
10 10
11 10
12 14
13 13
14 19
15 15
16 14

1 10
2 18
3 17
4 20
5 10
6 11
7 15
8 13
9 11
10 10
11 12
12 11
13 17
14 16
15 17
16 16

1 11
2 11
3 12
4 20
5 18
6 14
7 20
8 10
9 12
10 11
11 11
12 13
13 10
14 16
15 19
16 13

1 18
2 17
3 17
4 17
5 19
6 16
7 13
8 16
9 17
10 15
11 10
12 16
13 14
14 13
15 18
16 16

1 15
2 15
3 10
4 17
5 14
6 11
7 20
8 19
9 10
10 14
11 19
12 20
13 17
14 20
15 14
16 10

1 17
2 14
3 14
4 18
5 13
6 19
7 18
8 12
9 18
10 18
11 15
12 13
13 20
14 12
15 14
16 18

1 11
2 11
3 15
4 12
5 20
6 10
7 11
8 16
9 10
10 10
11 10
12 14
13 13
14 19
15 15
16 14

1 10
2 18
3 17
4 20
5 10
6 11
7 15
8 13
9 11
10 10
11 12
12 11
13 17
14 16
15 17
16 16

1 11
2 11
3 12
4 20
5 18
6 14
7 20
8 10
9 12
10 11
11 11
12 13
13 10
14 16
15 19
16 13

1 18
2 17
3 17
4 17
5 19
6 16
7 13
8 16
9 17
10 15
11 10
12 16
13 14
14 13
15 18
16 16

1 15
2 15
3 10
4 17
5 14
6 11
7 20
8 19
9 10
10 14
11 19
12 20
13 17
14 20
15 14
16 10

1 17
2 14
3 14
4 18
5 13
6 19
7 18
8 12
9 18
10 18
11 15
12 13
13 20
14 12
15 14
16 18

1 11
2 11
3 15
4 12
5 20
6 10
7 11
8 16
9 10
10 10
11 10
12 14
13 13
14 19
15 15
16 14

1 10
2 18
3 17
4 20
5 10
6 11
7 15
8 13
9 11
10 10
11 12
12 11
13 17
14 16
15 17
16 16

1 11
2 11
3 12
4 20
5 18
6 14
7 20
8 10
9 12
10 11
11 11
12 13
13 10
14 16
15 19
16 13

1 18
2 17
3 17
4 17
5 19
6 16
7 13
8 16
9 17
10 15
11 10
12 16
13 14
14 13
15 18
16 16

1 15
2 15
3 10
4 17
5 14
6 11
7 20
8 19
9 10
10 14
11 19
12 20
13 17
14 20
15 14
16 10

1 17
2 14
3 14
4 18
5 13
6 19
7 18
8 12
9 18
10 18
11 15
12 13
13 20
14 12
15 14
16 18

1 11
2 11
3 15
4 12
5 20
6 10
7 11
8 16
9 10
10 10
11 10
12 14
13 13
14 19
15 15
16 14

1 10
2 18
3 17
4 20
5 10
6 11
7 15
8 13
9 11
10 10
11 12
12 11
13 17
14 16
15 17
16 16

1 11
2 11
3 12
4 20
5 18
6 14
7 20
8 10
9 12
10 11
11 11
12 13
13 10
14 16
15 19
16 13

1 18
2 17
3 17
4 17
5 19
6 16
7 13
8 16
9 17
10 15
11 10
12 16
13 14
14 13
15 18
16 16

1 15
2 15
3 10
4 17
5 14
6 11
7 20
8 19
9 10
10 14
11 19
12 20
13 17
14 20
15 14
16 10

1 17
2 14
3 14
4 18
5 13
6 19
7 18
8 12
9 18
10 18
11 15
12 13
13 20
14 12
15 14
16 18

1 11
2 11
3 15
4 12
5 20
6 10
7 11
8 16
9 10
10 10
11 10
12 14
13 13
14 19
15 15
16 14

1 10
2 18
3 17
4 20
5 10
6 11
7 15
8 13
9 11
10 10
11 12
12 11
13 17
14 16
15 17
16 16

1 11
2 11
3 12
4 20
5 18
6 14
7 20
8 10
9 12
10 11
11 11
12 13
13 10
14 16
15 19
16 13

1 18
2 17
3 17
4 17
5 19
6 16
7 13
8 16
9 17
10 15
11 10
12 16
13 14
14 13
15 18
16 16

1 15
2 15
3 10
4 17
5 14
6 11
7 20
8 19
9 10
10 14
11 19
12 20
13 17
14 20
15 14
16 10

1 17
2 14
3 14
4 18
5 13
6 19
7 18
8 12
9 18
10 18
11 15
12 13
13 20
14 12
15 14
16 18

1 11
2 11
3 15
4 12
5 20
6 10
7 11
8 16
9 10
10 10
11 10
12 14
13 13
14 19
15 15
16 14

1 10
2 18
3 17
4 20
5 10
6 11
7 15
8 13
9 11
10 10
11 12
12 11
13 17
14 16
15 17
16 16

1 11
2 11
3 12
4 20
5 18
6 14
7 20
8 10
9 12
10 11
11 11
12 13
13 10
14 16
15 19
16 13

1 18
2 17
3 17
4 17
5 19
6 16
7 13
8 16
9 17
10 15
11 10
12 16
13 14
14 13
15 18
16 16

1 15
2 15
3 10
4 17
5 14
6 11
7 20
8 19
9 10
10 14
11 19
12 20
13 17
14 20
15 14
16 10

1 17
2 14
3 14
4 18
5 13
6 19
7 18
8 12
9 18
10 18
11 15
12 13
13 20
14 12
15 14
16 18

1 11
2 11
3 15
4 12
5 20
6 10
7 11
8 16
9 10
10 10
11 10
12 14
13 13
14 19
15 15
16 14

1 10
2 18
3 17
4 20
5 10
6 11
7 15
8 13
9 11
10 10
11 12
12 11
13 17
14 16
15 17
16 16

1 11
2 11
3 12
4 20
5 18
6 14
7 20
8 10
9 12
10 11
11 11
12 13
13 10
14 16
15 19
16 13

1 18
2 17
3 17
4 17
5 19
6 16
7 13
8 16
9 17
10 15
11 10
12 16
13 14
14 13
15 18
16 16

1 15
2 15
3 10
4 17
5 14
6 11
7 20
8 19
9 10
10 14
11 19
12 20
13 17
14 20
15 14
16 10

1 17
2 14
3 14
4 18
5 13
6 19
7 18
8 12
9 18
10 18
11 15
12 13
13 20
14 12
15 14
16 18

1 11
2 11
3 15
4 12
5 20
6 10
7 11
8 16
9 10
10 10
11 10
12 14
13 13
14 19
15 15
16 14

1 10
2 18
3 17
4 20
5 10
6 11
7 15
8 13
9 11
10 10
11 12
12 11
13 17
14 16
15 17
16 16

1 11
2 11
3 12
4 20
5 18
6 14
7 20
8 10
9 12
10 11
11 11
12 13
13 10
14 16
15 19
16 13

1 18
2 17
3 17
4 17
5 19
6 16
7 13
8 16
9 17
10 15
11 10
12 16
13 14
14 13
15 18
16 16

1 15
2 15
3 10
4 17
5 14
6 11
7 20
8 19
9 10
10 14
11 19
12 20
13 17
14 20
15 14
16 10

1 17
2 14
3 14
4 18
5 13
6 19
7 18
8 12
9 18
10 18
11 15
12 13
13 20
14 12
15 14
16 18

1 11
2 11
3 15
4 12
5 20
6 10
7 11
8 16
9 10
10 10
11 10
12 14
13 13
14 19
15 15
16 14

1 10
2 18
3 17
4 20
5 10
6 11
7 15
8 13
9 11
10 10
11 12
12 11
13 17
14 16
15 17
16 16

1 11
2 11
3 12
4 20
5 18
6 14
7 20
8 10
9 12
10 11
11 11
12 13
13 10
14 16
15 19
16 13

1 18
2 17
3 17
4 17
5 19
6 16
7 13
8 16
9 17
10 15
11 10
12 16
13 14
14 13
15 18
16 16

1 15
2 15
3 10
4 17
5 14
6 11
7 20
8 19
9 10
10 14
11 19
12 20
13 17
14 20
15 14
16 10

1 17
2 14
3 14
4 18
5 13
6 19
7 18
8 12
9 18
10 18
11 15
12 13
13 20
14 12
15 14
16 18

1 11
2 11
3 15
4 12
5 20
6 10
7 11
8 16
9 10
10 10
11 10
12 14
13 13
14 19
15 15
16 14

1 10
2 18
3 17
4 20
5 10
6 11
7 15
8 13
9 11
10 10
11 12
12 11
13 17
14 16
15 17
16 16

1 11
2 11
3 12
4 20
5 18
6 14
7 20
8 10
9 12
10 11
11 11
12 13
13 10
14 16
15 19
16 13

1 18
2 17
3 17
4 17
5 19
6 16
7 13
8 16
9 17
10 15
11 10
12 16
13 14
14 13
15 18
16 16

1 15
2 15
3 10
4 17
5 14
6 11
7 20
8 19
9 10
10 14
11 19
12 20
13 17
14 20
15 14
16 10

1 17
2 14
3 14
4 18
5 13
6 19
7 18
8 12
9 18
10 18
11 15
12 13
13 20
14 12
15 14
16 18

1 11
2 11
3 15
4 12
5 20
6 10
7 11
8 16
9 10
10 10
11 10
12 14
13 13
14 19
15 15
16 14

1 10
2 18
3 17
4 20
5 10
6 11
7 15
8 13
9 11
10 10
11 12
12 11
13 17
14 16
15 17
16 16

1 11
2 11
3 12
4 20
5 18
6 14
7 20
8 10
9 12
10 11
11 11
12 13
13 10
14 16
15 19
16 13

1 18
2 17
3 17
4 17
5 19
6 16
7 13
8 16
9 17
10 15
11 10
12 16
13 14
14 13
15 18
16 16

1 15
2 15
3 10
4 17
5 14
6 11
7 20
8 19
9 10
10 14
11 19
12 20
13 17
14 20
15 14
16 10

1 17
2 14
3 14
4 18
5 13
6 19
7 18
8 12
9 18
10 18
11 15
12 13
13 20
14 12
15 14
16 18

1 11
2 11
3 15
4 12
5 20
6 10
7 11
8 16
9 10
10 10
11 10
12 14
13 13
14 19
15 15
16 14

1 10
2 18
3 17
4 20
5 10
6 11
7 15
8 13
9 11
10 10
11 12
12 11
13 17
14 16
15 17
16 16

1 11
2 11
3 12
4 20
5 18
6 14
7 20
8 10
9 12
10 11
11 11
12 13
13 10
14 16
15 19
16 13

1 18
2 17
3 17
4 17
5 19
6 16
7 13
8 16
9 17
10 15
11 10
12 16
13 14
14 13
15 18
16 16

1 15
2 15
3 10
4 17
5 14
6 11
7 20
8 19
9 10
10 14
11 19
12 20
13 17
14 20
15 14
16 10

1 17
2 14
3 14
4 18
5 13
6 19
7 18
8 12
9 18
10 18
11 15
12 13
13 20
14 12
15 14
16 18

1 11
2 11
3 15
4 12
5 20
6 10
7 11
8 16
9 10
10 10
11 10
12 14
13 13
14 19
15 15
16 14

1 10
2 18
3 17
4 20
5 10
6 11
7 15
8 13
9 11
10 10
11 12
12 11
13 17
14 16
15 17
16 16

1 11
2 11
3 12
4 20
5 18
6 14
7 20
8 10
9 12
10 11
11 11
12 13
13 10
14 16
15 19
16 13

1 18
2 17
3 17
4 17
5 19
6 16
7 13
8 16
9 17
10 15
11 10
12 16
13 14
14 13
15 18
16 16

1 15
2 15
3 10
4 17
5 14
6 11
7 20
8 19
9 10
10 14
11 19
12 20
13 17
14 20
15 14
16 10

1 17
2 14
3 14
4 18
5 13
6 19
7 18
8 12
9 18
10 18
11 15
12 13
13 20
14 12
15 14
16 18

1 11
2 11
3 15
4 12
5 20
6 10
7 11
8 16
9 10
10 10
11 10
12 14
13 13
14 19
15 15
16 14

1 10
2 18
3 17
4 20
5 10
6 11
7 15
8 13
9 11
10 10
11 12
12 11
13 17
14 16
15 17
16 16

1 11
2 11
3 12
4 20
5 18
6 14
7 20
8 10
9 12
10 11
11 11
12 13
13 10
14 16
15 19
16 13

1 18
2 17
3 17
4 17
5 19
6 16
7 13
8 16
9 17
10 15
11 10
12 16
13 14
14 13
15 18
16 16

1 15
2 15
3 10
4 17
5 14
6 11
7 20
8 19
9 10
10 14
11 19
12 20
13 17
14 20
15 14
16 10

1 17
2 14
3 14
4 18
5 13
6 19
7 18
8 12
9 18
10 18
11 15
12 13
13 20
14 12
15 14
16 18

1 11
2 11
3 15
4 12
5 20
6 10
7 11
8 16
9 10
10 10
11 10
12 14
13 13
14 19
15 15
16 14

1 10
2 18
3 17
4 20
5 10
6 11
7 15
8 13
9 11
10 10
11 12
12 11
13 17
14 16
15 17
16 16

1 11
2 11
3 12
4 20
5 18
6 14
7 20
8 10
9 12
10 11
11 11
12 13
13 10
14 16
15 19
16 13

1 18
2 17
3 17
4 17
5 19
6 16
7 13
8 16
9 17
10 15
11 10
12 16
13 14
14 13
15 18
16 16

1 15
2 15
3 10
4 17
5 14
6 11
7 20
8 19
9 10
10 14
11 19
12 20
13 17
14 20
15 14
16 10

1 17
2 14
3 14
4 18
5 13
6 19
7 18
8 12
9 18
10 18
11 15
12 13
13 20
14 12
15 14
16 18

1 11
2 11
3 15
4 12
5 20
6 10
7 11
8 16
9 10
10 10
11 10
12 14
13 13
14 19
15 15
16 14

1 10
2 18
3 17
4 20
5 10
6 11
7 15
8 13
9 11
10 10
11 12
12 11
13 17
14 16
15 17
16 16