1 0
2 0
3 0
4 0
5 0
6 0
7 0
8 0

1 19
2 14
3 13
4 15
5 19
6 14
7 19
8 15

1 15
2 12
3 10
4 17
5 16
6 13
7 10
8 14

1 17
2 10
3 14
4 10
5 10
6 12
7 10
8 11

1 12
2 13
3 17
4 19
5 19
6 15
7 17
8 10

1 13
2 10
3 19
4 17
5 19
6 12
7 13
8 14

1 10
2 18
3 15
4 20
5 15
6 12
7 16
8 12

1 19
2 14
3 13
4 15
5 19
6 14
7 19
8 15

1 15
2 12
3 10
4 17
5 16
6 13
7 10
8 14

1 17
2 10
3 14
4 10
5 10
6 12
7 10
8 11

1 12
2 13
3 17
4 19
5 19
6 15
7 17
8 10

1 13
2 10
3 19
4 17
5 19
6 12
7 13
8 14

1 10
2 18
3 15
4 20
5 15
6 12
7 16
8 12

1 19
2 14
3 13
4 15
5 19
6 14
7 19
8 15

1 15
2 12
3 10
4 17
5 16
6 13
7 10
8 14

1 17
2 10
3 14
4 10
5 10
6 12
7 10
8 11

1 12
2 13
3 17
4 19
5 19
6 15
7 17
8 10

1 13
2 10
3 19
4 17
5 19
6 12
7 13
8 14

1 10
2 18
3 15
4 20
5 15
6 12
7 16
8 12

1 19
2 14
3 13
4 15
5 19
6 14
7 19
8 15

1 15
2 12
3 10
4 17
5 16
6 13
7 10
8 14

1 17
2 10
3 14
4 10
5 10
6 12
7 10
8 11

1 12
2 13
3 17
4 19
5 19
6 15
7 17
8 10

1 13
2 10
3 19
4 17
5 19
6 12
7 13
8 14

1 10
2 18
3 15
4 20
5 15
6 12
7 16
8 12

1 19
2 14
3 13
4 15
5 19
6 14
7 19
8 15

1 15
2 12
3 10
4 17
5 16
6 13
7 10
8 14

1 17
2 10
3 14
4 10
5 10
6 12
7 10
8 11

1 12
2 13
3 17
4 19
5 19
6 15
7 17
8 10

1 13
2 10
3 19
4 17
5 19
6 12
7 13
8 14

1 10
2 18
3 15
4 20
5 15
6 12
7 16
8 12

1 19
2 14
3 13
4 15
5 19
6 14
7 19
8 15

1 15
2 12
3 10
4 17
5 16
6 13
7 10
8 14

1 17
2 10
3 14
4 10
5 10
6 12
7 10
8 11

1 12
2 13
3 17
4 19
5 19
6 15
7 17
8 10

1 13
2 10
3 19
4 17
5 19
6 12
7 13
8 14

1 10
2 18
3 15
4 20
5 15
6 12
7 16
8 12

1 19
2 14
3 13
4 15
5 19
6 14
7 19
8 15

1 15
2 12
3 10
4 17
5 16
6 13
7 10
8 14

1 17
2 10
3 14
4 10
5 10
6 12
7 10
8 11

1 12
2 13
3 17
4 19
5 19
6 15
7 17
8 10

1 13
2 10
3 19
4 17
5 19
6 12
7 13
8 14

1 10
2 18
3 15
4 20
5 15
6 12
7 16
8 12

1 19
2 14
3 13
4 15
5 19
6 14
7 19
8 15

1 15
2 12
3 10
4 17
5 16
6 13
7 10
8 14

1 17
2 10
3 14
4 10
5 10
6 12
7 10
8 11

1 12
2 13
3 17
4 19
5 19
6 15
7 17
8 10

1 13
2 10
3 19
4 17
5 19
6 12
7 13
8 14

1 10
2 18
3 15
4 20
5 15
6 12
7 16
8 12

1 19
2 14
3 13
4 15
5 19
6 14
7 19
8 15

1 15
2 12
3 10
4 17
5 16
6 13
7 10
8 14

1 17
2 10
3 14
4 10
5 10
6 12
7 10
8 11

1 12
2 13
3 17
4 19
5 19
6 15
7 17
8 10

1 13
2 10
3 19
4 17
5 19
6 12
7 13
8 14

1 10
2 18
3 15
4 20
5 15
6 12
7 16
8 12

1 19
2 14
3 13
4 15
5 19
6 14
7 19
8 15

1 15
2 12
3 10
4 17
5 16
6 13
7 10
8 14

1 17
2 10
3 14
4 10
5 10
6 12
7 10
8 11

1 12
2 13
3 17
4 19
5 19
6 15
7 17
8 10

1 13
2 10
3 19
4 17
5 19
6 12
7 13
8 14

1 10
2 18
3 15
4 20
5 15
6 12
7 16
8 12

1 19
2 14
3 13
4 15
5 19
6 14
7 19
8 15

1 15
2 12
3 10
4 17
5 16
6 13
7 10
8 14

1 17
2 10
3 14
4 10
5 10
6 12
7 10
8 11

1 12
2 13
3 17
4 19
5 19
6 15
7 17
8 10

1 13
2 10
3 19
4 17
5 19
6 12
7 13
8 14

1 10
2 18
3 15
4 20
5 15
6 12
7 16
8 12

1 19
2 14
3 13
4 15
5 19
6 14
7 19
8 15

1 15
2 12
3 10
4 17
5 16
6 13
7 10
8 14

1 17
2 10
3 14
4 10
5 10
6 12
7 10
8 11

1 12
2 13
3 17
4 19
5 19
6 15
7 17
8 10

1 13
2 10
3 19
4 17
5 19
6 12
7 13
8 14

1 10
2 18
3 15
4 20
5 15
6 12
7 16
8 12

1 19
2 14
3 13
4 15
5 19
6 14
7 19
8 15

1 15
2 12
3 10
4 17
5 16
6 13
7 10
8 14

1 17
2 10
3 14
4 10
5 10
6 12
7 10
8 11

1 12
2 13
3 17
4 19
5 19
6 15
7 17
8 10

1 13
2 10
3 19
4 17
5 19
6 12
7 13
8 14

1 10
2 18
3 15
4 20
5 15
6 12
7 16
8 12

1 19
2 14
3 13
4 15
5 19
6 14
7 19
8 15

1 15
2 12
3 10
4 17
5 16
6 13
7 10
8 14

1 17
2 10
3 14
4 10
5 10
6 12
7 10
8 11

1 12
2 13
3 17
4 19
5 19
6 15
7 17
8 10

1 13
2 10
3 19
4 17
5 19
6 12
7 13
8 14

1 10
2 18
3 15
4 20
5 15
6 12
7 16
8 12

1 19
2 14
3 13
4 15
5 19
6 14
7 19
8 15

1 15
2 12
3 10
4 17
5 16
6 13
7 10
8 14

1 17
2 10
3 14
4 10
5 10
6 12
7 10
8 11

1 12
2 13
3 17
4 19
5 19
6 15
7 17
8 10

1 13
2 10
3 19
4 17
5 19
6 12
7 13
8 14

1 10
2 18
3 15
4 20
5 15
6 12
7 16
8 12