1 0
2 0
3 0
4 0
5 0
6 0
7 0
8 0

1 4
2 1
3 2
4 3
5 5
6 7
7 1
8 6

1 6
2 8
3 9
4 6
5 8
6 9
7 3
8 2

1 6
2 8
3 0
4 8
5 3
6 0
7 1
8 0

1 2
2 4
3 1
4 8
5 1
6 2
7 3
8 5

1 4
2 9
3 5
4 0
5 4
6 6
7 4
8 0

1 7
2 9
3 6
4 0
5 5
6 4
7 6
8 5

1 4
2 1
3 2
4 3
5 5
6 7
7 1
8 6

1 6
2 8
3 9
4 6
5 8
6 9
7 3
8 2

1 6
2 8
3 0
4 8
5 3
6 0
7 1
8 0

1 2
2 4
3 1
4 8
5 1
6 2
7 3
8 5

1 4
2 9
3 5
4 0
5 4
6 6
7 4
8 0

1 7
2 9
3 6
4 0
5 5
6 4
7 6
8 5

1 4
2 1
3 2
4 3
5 5
6 7
7 1
8 6

1 6
2 8
3 9
4 6
5 8
6 9
7 3
8 2

1 6
2 8
3 0
4 8
5 3
6 0
7 1
8 0

1 2
2 4
3 1
4 8
5 1
6 2
7 3
8 5

1 4
2 9
3 5
4 0
5 4
6 6
7 4
8 0

1 7
2 9
3 6
4 0
5 5
6 4
7 6
8 5

1 4
2 1
3 2
4 3
5 5
6 7
7 1
8 6

1 6
2 8
3 9
4 6
5 8
6 9
7 3
8 2

1 6
2 8
3 0
4 8
5 3
6 0
7 1
8 0

1 2
2 4
3 1
4 8
5 1
6 2
7 3
8 5

1 4
2 9
3 5
4 0
5 4
6 6
7 4
8 0

1 7
2 9
3 6
4 0
5 5
6 4
7 6
8 5

1 4
2 1
3 2
4 3
5 5
6 7
7 1
8 6

1 6
2 8
3 9
4 6
5 8
6 9
7 3
8 2

1 6
2 8
3 0
4 8
5 3
6 0
7 1
8 0

1 2
2 4
3 1
4 8
5 1
6 2
7 3
8 5

1 4
2 9
3 5
4 0
5 4
6 6
7 4
8 0

1 7
2 9
3 6
4 0
5 5
6 4
7 6
8 5

1 4
2 1
3 2
4 3
5 5
6 7
7 1
8 6

1 6
2 8
3 9
4 6
5 8
6 9
7 3
8 2

1 6
2 8
3 0
4 8
5 3
6 0
7 1
8 0

1 2
2 4
3 1
4 8
5 1
6 2
7 3
8 5

1 4
2 9
3 5
4 0
5 4
6 6
7 4
8 0

1 7
2 9
3 6
4 0
5 5
6 4
7 6
8 5

1 4
2 1
3 2
4 3
5 5
6 7
7 1
8 6

1 6
2 8
3 9
4 6
5 8
6 9
7 3
8 2

1 6
2 8
3 0
4 8
5 3
6 0
7 1
8 0

1 2
2 4
3 1
4 8
5 1
6 2
7 3
8 5

1 4
2 9
3 5
4 0
5 4
6 6
7 4
8 0

1 7
2 9
3 6
4 0
5 5
6 4
7 6
8 5

1 4
2 1
3 2
4 3
5 5
6 7
7 1
8 6

1 6
2 8
3 9
4 6
5 8
6 9
7 3
8 2

1 6
2 8
3 0
4 8
5 3
6 0
7 1
8 0

1 2
2 4
3 1
4 8
5 1
6 2
7 3
8 5

1 4
2 9
3 5
4 0
5 4
6 6
7 4
8 0

1 7
2 9
3 6
4 0
5 5
6 4
7 6
8 5

1 4
2 1
3 2
4 3
5 5
6 7
7 1
8 6

1 6
2 8
3 9
4 6
5 8
6 9
7 3
8 2

1 6
2 8
3 0
4 8
5 3
6 0
7 1
8 0

1 2
2 4
3 1
4 8
5 1
6 2
7 3
8 5

1 4
2 9
3 5
4 0
5 4
6 6
7 4
8 0

1 7
2 9
3 6
4 0
5 5
6 4
7 6
8 5

1 4
2 1
3 2
4 3
5 5
6 7
7 1
8 6

1 6
2 8
3 9
4 6
5 8
6 9
7 3
8 2

1 6
2 8
3 0
4 8
5 3
6 0
7 1
8 0

1 2
2 4
3 1
4 8
5 1
6 2
7 3
8 5

1 4
2 9
3 5
4 0
5 4
6 6
7 4
8 0

1 7
2 9
3 6
4 0
5 5
6 4
7 6
8 5

1 4
2 1
3 2
4 3
5 5
6 7
7 1
8 6

1 6
2 8
3 9
4 6
5 8
6 9
7 3
8 2

1 6
2 8
3 0
4 8
5 3
6 0
7 1
8 0

1 2
2 4
3 1
4 8
5 1
6 2
7 3
8 5

1 4
2 9
3 5
4 0
5 4
6 6
7 4
8 0

1 7
2 9
3 6
4 0
5 5
6 4
7 6
8 5

1 4
2 1
3 2
4 3
5 5
6 7
7 1
8 6

1 6
2 8
3 9
4 6
5 8
6 9
7 3
8 2

1 6
2 8
3 0
4 8
5 3
6 0
7 1
8 0

1 2
2 4
3 1
4 8
5 1
6 2
7 3
8 5

1 4
2 9
3 5
4 0
5 4
6 6
7 4
8 0

1 7
2 9
3 6
4 0
5 5
6 4
7 6
8 5

1 4
2 1
3 2
4 3
5 5
6 7
7 1
8 6

1 6
2 8
3 9
4 6
5 8
6 9
7 3
8 2

1 6
2 8
3 0
4 8
5 3
6 0
7 1
8 0

1 2
2 4
3 1
4 8
5 1
6 2
7 3
8 5

1 4
2 9
3 5
4 0
5 4
6 6
7 4
8 0

1 7
2 9
3 6
4 0
5 5
6 4
7 6
8 5

1 4
2 1
3 2
4 3
5 5
6 7
7 1
8 6

1 6
2 8
3 9
4 6
5 8
6 9
7 3
8 2

1 6
2 8
3 0
4 8
5 3
6 0
7 1
8 0

1 2
2 4
3 1
4 8
5 1
6 2
7 3
8 5

1 4
2 9
3 5
4 0
5 4
6 6
7 4
8 0

1 7
2 9
3 6
4 0
5 5
6 4
7 6
8 5

1 4
2 1
3 2
4 3
5 5
6 7
7 1
8 6

1 6
2 8
3 9
4 6
5 8
6 9
7 3
8 2

1 6
2 8
3 0
4 8
5 3
6 0
7 1
8 0

1 2
2 4
3 1
4 8
5 1
6 2
7 3
8 5

1 4
2 9
3 5
4 0
5 4
6 6
7 4
8 0

1 7
2 9
3 6
4 0
5 5
6 4
7 6
8 5

1 4
2 1
3 2
4 3
5 5
6 7
7 1
8 6

1 6
2 8
3 9
4 6
5 8
6 9
7 3
8 2

1 6
2 8
3 0
4 8
5 3
6 0
7 1
8 0

1 2
2 4
3 1
4 8
5 1
6 2
7 3
8 5

1 4
2 9
3 5
4 0
5 4
6 6
7 4
8 0

1 7
2 9
3 6
4 0
5 5
6 4
7 6
8 5

1 4
2 1
3 2
4 3
5 5
6 7
7 1
8 6

1 6
2 8
3 9
4 6
5 8
6 9
7 3
8 2

1 6
2 8
3 0
4 8
5 3
6 0
7 1
8 0

1 2
2 4
3 1
4 8
5 1
6 2
7 3
8 5

1 4
2 9
3 5
4 0
5 4
6 6
7 4
8 0

1 7
2 9
3 6
4 0
5 5
6 4
7 6
8 5

1 4
2 1
3 2
4 3
5 5
6 7
7 1
8 6

1 6
2 8
3 9
4 6
5 8
6 9
7 3
8 2

1 6
2 8
3 0
4 8
5 3
6 0
7 1
8 0

1 2
2 4
3 1
4 8
5 1
6 2
7 3
8 5

1 4
2 9
3 5
4 0
5 4
6 6
7 4
8 0

1 7
2 9
3 6
4 0
5 5
6 4
7 6
8 5

1 4
2 1
3 2
4 3
5 5
6 7
7 1
8 6

1 6
2 8
3 9
4 6
5 8
6 9
7 3
8 2

1 6
2 8
3 0
4 8
5 3
6 0
7 1
8 0

1 2
2 4
3 1
4 8
5 1
6 2
7 3
8 5

1 4
2 9
3 5
4 0
5 4
6 6
7 4
8 0

1 7
2 9
3 6
4 0
5 5
6 4
7 6
8 5

1 4
2 1
3 2
4 3
5 5
6 7
7 1
8 6

1 6
2 8
3 9
4 6
5 8
6 9
7 3
8 2

1 6
2 8
3 0
4 8
5 3
6 0
7 1
8 0

1 2
2 4
3 1
4 8
5 1
6 2
7 3
8 5

1 4
2 9
3 5
4 0
5 4
6 6
7 4
8 0

1 7
2 9
3 6
4 0
5 5
6 4
7 6
8 5