1 0
2 0
3 0
4 0
5 0
6 0
7 0
8 0
9 0
10 0
11 0
12 0
13 0
14 0
15 0
16 0

1 6
2 2
3 8
4 9
5 4
6 5
7 4
8 6
9 2
10 2
11 2
12 0
13 8
14 0
15 9
16 1

1 0
2 6
3 9
4 3
5 1
6 8
7 2
8 0
9 4
10 9
11 6
12 5
13 9
14 8
15 4
16 6

1 2
2 1
3 2
4 4
5 2
6 4
7 8
8 1
9 0
10 7
11 1
12 1
13 2
14 7
15 4
16 0

1 5
2 1
3 0
4 7
5 7
6 2
7 7
8 6
9 9
10 9
11 8
12 9
13 5
14 4
15 6
16 1

1 7
2 2
3 8
4 4
5 0
6 0
7 2
8 3
9 1
10 6
11 6
12 9
13 3
14 4
15 3
16 5

1 7
2 6
3 5
4 3
5 1
6 2
7 9
8 3
9 0
10 4
11 5
12 3
13 2
14 2
15 8
16 9

1 6
2 2
3 8
4 9
5 4
6 5
7 4
8 6
9 2
10 2
11 2
12 0
13 8
14 0
15 9
16 1

1 0
2 6
3 9
4 3
5 1
6 8
7 2
8 0
9 4
10 9
11 6
12 5
13 9
14 8
15 4
16 6

1 2
2 1
3 2
4 4
5 2
6 4
7 8
8 1
9 0
10 7
11 1
12 1
13 2
14 7
15 4
16 0

1 5
2 1
3 0
4 7
5 7
6 2
7 7
8 6
9 9
10 9
11 8
12 9
13 5
14 4
15 6
16 1

1 7
2 2
3 8
4 4
5 0
6 0
7 2
8 3
9 1
10 6
11 6
12 9
13 3
14 4
15 3
16 5

1 7
2 6
3 5
4 3
5 1
6 2
7 9
8 3
9 0
10 4
11 5
12 3
13 2
14 2
15 8
16 9

1 6
2 2
3 8
4 9
5 4
6 5
7 4
8 6
9 2
10 2
11 2
12 0
13 8
14 0
15 9
16 1

1 0
2 6
3 9
4 3
5 1
6 8
7 2
8 0
9 4
10 9
11 6
12 5
13 9
14 8
15 4
16 6

1 2
2 1
3 2
4 4
5 2
6 4
7 8
8 1
9 0
10 7
11 1
12 1
13 2
14 7
15 4
16 0

1 5
2 1
3 0
4 7
5 7
6 2
7 7
8 6
9 9
10 9
11 8
12 9
13 5
14 4
15 6
16 1

1 7
2 2
3 8
4 4
5 0
6 0
7 2
8 3
9 1
10 6
11 6
12 9
13 3
14 4
15 3
16 5

1 7
2 6
3 5
4 3
5 1
6 2
7 9
8 3
9 0
10 4
11 5
12 3
13 2
14 2
15 8
16 9

1 6
2 2
3 8
4 9
5 4
6 5
7 4
8 6
9 2
10 2
11 2
12 0
13 8
14 0
15 9
16 1

1 0
2 6
3 9
4 3
5 1
6 8
7 2
8 0
9 4
10 9
11 6
12 5
13 9
14 8
15 4
16 6

1 2
2 1
3 2
4 4
5 2
6 4
7 8
8 1
9 0
10 7
11 1
12 1
13 2
14 7
15 4
16 0

1 5
2 1
3 0
4 7
5 7
6 2
7 7
8 6
9 9
10 9
11 8
12 9
13 5
14 4
15 6
16 1

1 7
2 2
3 8
4 4
5 0
6 0
7 2
8 3
9 1
10 6
11 6
12 9
13 3
14 4
15 3
16 5

1 7
2 6
3 5
4 3
5 1
6 2
7 9
8 3
9 0
10 4
11 5
12 3
13 2
14 2
15 8
16 9

1 6
2 2
3 8
4 9
5 4
6 5
7 4
8 6
9 2
10 2
11 2
12 0
13 8
14 0
15 9
16 1

1 0
2 6
3 9
4 3
5 1
6 8
7 2
8 0
9 4
10 9
11 6
12 5
13 9
14 8
15 4
16 6

1 2
2 1
3 2
4 4
5 2
6 4
7 8
8 1
9 0
10 7
11 1
12 1
13 2
14 7
15 4
16 0

1 5
2 1
3 0
4 7
5 7
6 2
7 7
8 6
9 9
10 9
11 8
12 9
13 5
14 4
15 6
16 1

1 7
2 2
3 8
4 4
5 0
6 0
7 2
8 3
9 1
10 6
11 6
12 9
13 3
14 4
15 3
16 5

1 7
2 6
3 5
4 3
5 1
6 2
7 9
8 3
9 0
10 4
11 5
12 3
13 2
14 2
15 8
16 9

1 6
2 2
3 8
4 9
5 4
6 5
7 4
8 6
9 2
10 2
11 2
12 0
13 8
14 0
15 9
16 1

1 0
2 6
3 9
4 3
5 1
6 8
7 2
8 0
9 4
10 9
11 6
12 5
13 9
14 8
15 4
16 6

1 2
2 1
3 2
4 4
5 2
6 4
7 8
8 1
9 0
10 7
11 1
12 1
13 2
14 7
15 4
16 0

1 5
2 1
3 0
4 7
5 7
6 2
7 7
8 6
9 9
10 9
11 8
12 9
13 5
14 4
15 6
16 1

1 7
2 2
3 8
4 4
5 0
6 0
7 2
8 3
9 1
10 6
11 6
12 9
13 3
14 4
15 3
16 5

1 7
2 6
3 5
4 3
5 1
6 2
7 9
8 3
9 0
10 4
11 5
12 3
13 2
14 2
15 8
16 9

1 6
2 2
3 8
4 9
5 4
6 5
7 4
8 6
9 2
10 2
11 2
12 0
13 8
14 0
15 9
16 1

1 0
2 6
3 9
4 3
5 1
6 8
7 2
8 0
9 4
10 9
11 6
12 5
13 9
14 8
15 4
16 6

1 2
2 1
3 2
4 4
5 2
6 4
7 8
8 1
9 0
10 7
11 1
12 1
13 2
14 7
15 4
16 0

1 5
2 1
3 0
4 7
5 7
6 2
7 7
8 6
9 9
10 9
11 8
12 9
13 5
14 4
15 6
16 1

1 7
2 2
3 8
4 4
5 0
6 0
7 2
8 3
9 1
10 6
11 6
12 9
13 3
14 4
15 3
16 5

1 7
2 6
3 5
4 3
5 1
6 2
7 9
8 3
9 0
10 4
11 5
12 3
13 2
14 2
15 8
16 9

1 6
2 2
3 8
4 9
5 4
6 5
7 4
8 6
9 2
10 2
11 2
12 0
13 8
14 0
15 9
16 1

1 0
2 6
3 9
4 3
5 1
6 8
7 2
8 0
9 4
10 9
11 6
12 5
13 9
14 8
15 4
16 6

1 2
2 1
3 2
4 4
5 2
6 4
7 8
8 1
9 0
10 7
11 1
12 1
13 2
14 7
15 4
16 0

1 5
2 1
3 0
4 7
5 7
6 2
7 7
8 6
9 9
10 9
11 8
12 9
13 5
14 4
15 6
16 1

1 7
2 2
3 8
4 4
5 0
6 0
7 2
8 3
9 1
10 6
11 6
12 9
13 3
14 4
15 3
16 5

1 7
2 6
3 5
4 3
5 1
6 2
7 9
8 3
9 0
10 4
11 5
12 3
13 2
14 2
15 8
16 9

1 6
2 2
3 8
4 9
5 4
6 5
7 4
8 6
9 2
10 2
11 2
12 0
13 8
14 0
15 9
16 1

1 0
2 6
3 9
4 3
5 1
6 8
7 2
8 0
9 4
10 9
11 6
12 5
13 9
14 8
15 4
16 6

1 2
2 1
3 2
4 4
5 2
6 4
7 8
8 1
9 0
10 7
11 1
12 1
13 2
14 7
15 4
16 0

1 5
2 1
3 0
4 7
5 7
6 2
7 7
8 6
9 9
10 9
11 8
12 9
13 5
14 4
15 6
16 1

1 7
2 2
3 8
4 4
5 0
6 0
7 2
8 3
9 1
10 6
11 6
12 9
13 3
14 4
15 3
16 5

1 7
2 6
3 5
4 3
5 1
6 2
7 9
8 3
9 0
10 4
11 5
12 3
13 2
14 2
15 8
16 9

1 6
2 2
3 8
4 9
5 4
6 5
7 4
8 6
9 2
10 2
11 2
12 0
13 8
14 0
15 9
16 1

1 0
2 6
3 9
4 3
5 1
6 8
7 2
8 0
9 4
10 9
11 6
12 5
13 9
14 8
15 4
16 6

1 2
2 1
3 2
4 4
5 2
6 4
7 8
8 1
9 0
10 7
11 1
12 1
13 2
14 7
15 4
16 0

1 5
2 1
3 0
4 7
5 7
6 2
7 7
8 6
9 9
10 9
11 8
12 9
13 5
14 4
15 6
16 1

1 7
2 2
3 8
4 4
5 0
6 0
7 2
8 3
9 1
10 6
11 6
12 9
13 3
14 4
15 3
16 5

1 7
2 6
3 5
4 3
5 1
6 2
7 9
8 3
9 0
10 4
11 5
12 3
13 2
14 2
15 8
16 9

1 6
2 2
3 8
4 9
5 4
6 5
7 4
8 6
9 2
10 2
11 2
12 0
13 8
14 0
15 9
16 1

1 0
2 6
3 9
4 3
5 1
6 8
7 2
8 0
9 4
10 9
11 6
12 5
13 9
14 8
15 4
16 6

1 2
2 1
3 2
4 4
5 2
6 4
7 8
8 1
9 0
10 7
11 1
12 1
13 2
14 7
15 4
16 0

1 5
2 1
3 0
4 7
5 7
6 2
7 7
8 6
9 9
10 9
11 8
12 9
13 5
14 4
15 6
16 1

1 7
2 2
3 8
4 4
5 0
6 0
7 2
8 3
9 1
10 6
11 6
12 9
13 3
14 4
15 3
16 5

1 7
2 6
3 5
4 3
5 1
6 2
7 9
8 3
9 0
10 4
11 5
12 3
13 2
14 2
15 8
16 9

1 6
2 2
3 8
4 9
5 4
6 5
7 4
8 6
9 2
10 2
11 2
12 0
13 8
14 0
15 9
16 1

1 0
2 6
3 9
4 3
5 1
6 8
7 2
8 0
9 4
10 9
11 6
12 5
13 9
14 8
15 4
16 6

1 2
2 1
3 2
4 4
5 2
6 4
7 8
8 1
9 0
10 7
11 1
12 1
13 2
14 7
15 4
16 0

1 5
2 1
3 0
4 7
5 7
6 2
7 7
8 6
9 9
10 9
11 8
12 9
13 5
14 4
15 6
16 1

1 7
2 2
3 8
4 4
5 0
6 0
7 2
8 3
9 1
10 6
11 6
12 9
13 3
14 4
15 3
16 5

1 7
2 6
3 5
4 3
5 1
6 2
7 9
8 3
9 0
10 4
11 5
12 3
13 2
14 2
15 8
16 9

1 6
2 2
3 8
4 9
5 4
6 5
7 4
8 6
9 2
10 2
11 2
12 0
13 8
14 0
15 9
16 1

1 0
2 6
3 9
4 3
5 1
6 8
7 2
8 0
9 4
10 9
11 6
12 5
13 9
14 8
15 4
16 6

1 2
2 1
3 2
4 4
5 2
6 4
7 8
8 1
9 0
10 7
11 1
12 1
13 2
14 7
15 4
16 0

1 5
2 1
3 0
4 7
5 7
6 2
7 7
8 6
9 9
10 9
11 8
12 9
13 5
14 4
15 6
16 1

1 7
2 2
3 8
4 4
5 0
6 0
7 2
8 3
9 1
10 6
11 6
12 9
13 3
14 4
15 3
16 5

1 7
2 6
3 5
4 3
5 1
6 2
7 9
8 3
9 0
10 4
11 5
12 3
13 2
14 2
15 8
16 9

1 6
2 2
3 8
4 9
5 4
6 5
7 4
8 6
9 2
10 2
11 2
12 0
13 8
14 0
15 9
16 1

1 0
2 6
3 9
4 3
5 1
6 8
7 2
8 0
9 4
10 9
11 6
12 5
13 9
14 8
15 4
16 6

1 2
2 1
3 2
4 4
5 2
6 4
7 8
8 1
9 0
10 7
11 1
12 1
13 2
14 7
15 4
16 0

1 5
2 1
3 0
4 7
5 7
6 2
7 7
8 6
9 9
10 9
11 8
12 9
13 5
14 4
15 6
16 1

1 7
2 2
3 8
4 4
5 0
6 0
7 2
8 3
9 1
10 6
11 6
12 9
13 3
14 4
15 3
16 5

1 7
2 6
3 5
4 3
5 1
6 2
7 9
8 3
9 0
10 4
11 5
12 3
13 2
14 2
15 8
16 9

1 6
2 2
3 8
4 9
5 4
6 5
7 4
8 6
9 2
10 2
11 2
12 0
13 8
14 0
15 9
16 1

1 0
2 6
3 9
4 3
5 1
6 8
7 2
8 0
9 4
10 9
11 6
12 5
13 9
14 8
15 4
16 6

1 2
2 1
3 2
4 4
5 2
6 4
7 8
8 1
9 0
10 7
11 1
12 1
13 2
14 7
15 4
16 0

1 5
2 1
3 0
4 7
5 7
6 2
7 7
8 6
9 9
10 9
11 8
12 9
13 5
14 4
15 6
16 1

1 7
2 2
3 8
4 4
5 0
6 0
7 2
8 3
9 1
10 6
11 6
12 9
13 3
14 4
15 3
16 5

1 7
2 6
3 5
4 3
5 1
6 2
7 9
8 3
9 0
10 4
11 5
12 3
13 2
14 2
15 8
16 9

1 6
2 2
3 8
4 9
5 4
6 5
7 4
8 6
9 2
10 2
11 2
12 0
13 8
14 0
15 9
16 1

1 0
2 6
3 9
4 3
5 1
6 8
7 2
8 0
9 4
10 9
11 6
12 5
13 9
14 8
15 4
16 6

1 2
2 1
3 2
4 4
5 2
6 4
7 8
8 1
9 0
10 7
11 1
12 1
13 2
14 7
15 4
16 0

1 5
2 1
3 0
4 7
5 7
6 2
7 7
8 6
9 9
10 9
11 8
12 9
13 5
14 4
15 6
16 1

1 7
2 2
3 8
4 4
5 0
6 0
7 2
8 3
9 1
10 6
11 6
12 9
13 3
14 4
15 3
16 5

1 7
2 6
3 5
4 3
5 1
6 2
7 9
8 3
9 0
10 4
11 5
12 3
13 2
14 2
15 8
16 9

1 6
2 2
3 8
4 9
5 4
6 5
7 4
8 6
9 2
10 2
11 2
12 0
13 8
14 0
15 9
16 1

1 0
2 6
3 9
4 3
5 1
6 8
7 2
8 0
9 4
10 9
11 6
12 5
13 9
14 8
15 4
16 6

1 2
2 1
3 2
4 4
5 2
6 4
7 8
8 1
9 0
10 7
11 1
12 1
13 2
14 7
15 4
16 0

1 5
2 1
3 0
4 7
5 7
6 2
7 7
8 6
9 9
10 9
11 8
12 9
13 5
14 4
15 6
16 1

1 7
2 2
3 8
4 4
5 0
6 0
7 2
8 3
9 1
10 6
11 6
12 9
13 3
14 4
15 3
16 5

1 7
2 6
3 5
4 3
5 1
6 2
7 9
8 3
9 0
10 4
11 5
12 3
13 2
14 2
15 8
16 9

1 6
2 2
3 8
4 9
5 4
6 5
7 4
8 6
9 2
10 2
11 2
12 0
13 8
14 0
15 9
16 1

1 0
2 6
3 9
4 3
5 1
6 8
7 2
8 0
9 4
10 9
11 6
12 5
13 9
14 8
15 4
16 6

1 2
2 1
3 2
4 4
5 2
6 4
7 8
8 1
9 0
10 7
11 1
12 1
13 2
14 7
15 4
16 0

1 5
2 1
3 0
4 7
5 7
6 2
7 7
8 6
9 9
10 9
11 8
12 9
13 5
14 4
15 6
16 1

1 7
2 2
3 8
4 4
5 0
6 0
7 2
8 3
9 1
10 6
11 6
12 9
13 3
14 4
15 3
16 5

1 7
2 6
3 5
4 3
5 1
6 2
7 9
8 3
9 0
10 4
11 5
12 3
13 2
14 2
15 8
16 9

1 6
2 2
3 8
4 9
5 4
6 5
7 4
8 6
9 2
10 2
11 2
12 0
13 8
14 0
15 9
16 1

1 0
2 6
3 9
4 3
5 1
6 8
7 2
8 0
9 4
10 9
11 6
12 5
13 9
14 8
15 4
16 6

1 2
2 1
3 2
4 4
5 2
6 4
7 8
8 1
9 0
10 7
11 1
12 1
13 2
14 7
15 4
16 0

1 5
2 1
3 0
4 7
5 7
6 2
7 7
8 6
9 9
10 9
11 8
12 9
13 5
14 4
15 6
16 1

1 7
2 2
3 8
4 4
5 0
6 0
7 2
8 3
9 1
10 6
11 6
12 9
13 3
14 4
15 3
16 5

1 7
2 6
3 5
4 3
5 1
6 2
7 9
8 3
9 0
10 4
11 5
12 3
13 2
14 2
15 8
16 9

1 6
2 2
3 8
4 9
5 4
6 5
7 4
8 6
9 2
10 2
11 2
12 0
13 8
14 0
15 9
16 1

1 0
2 6
3 9
4 3
5 1
6 8
7 2
8 0
9 4
10 9
11 6
12 5
13 9
14 8
15 4
16 6

1 2
2 1
3 2
4 4
5 2
6 4
7 8
8 1
9 0
10 7
11 1
12 1
13 2
14 7
15 4
16 0

1 5
2 1
3 0
4 7
5 7
6 2
7 7
8 6
9 9
10 9
11 8
12 9
13 5
14 4
15 6
16 1

1 7
2 2
3 8
4 4
5 0
6 0
7 2
8 3
9 1
10 6
11 6
12 9
13 3
14 4
15 3
16 5

1 7
2 6
3 5
4 3
5 1
6 2
7 9
8 3
9 0
10 4
11 5
12 3
13 2
14 2
15 8
16 9