1 0
2 0
3 0
4 0
5 0
6 0
7 0
8 0

1 4
2 5
3 9
4 3
5 2
6 1
7 8
8 3

1 5
2 9
3 5
4 7
5 4
6 5
7 3
8 6

1 7
2 9
3 7
4 7
5 1
6 3
7 8
8 9

1 9
2 9
3 2
4 1
5 8
6 7
7 2
8 7

1 3
2 0
3 8
4 4
5 0
6 6
7 0
8 7

1 9
2 0
3 9
4 4
5 3
6 1
7 0
8 1

1 4
2 5
3 9
4 3
5 2
6 1
7 8
8 3

1 5
2 9
3 5
4 7
5 4
6 5
7 3
8 6

1 7
2 9
3 7
4 7
5 1
6 3
7 8
8 9

1 9
2 9
3 2
4 1
5 8
6 7
7 2
8 7

1 3
2 0
3 8
4 4
5 0
6 6
7 0
8 7

1 9
2 0
3 9
4 4
5 3
6 1
7 0
8 1

1 4
2 5
3 9
4 3
5 2
6 1
7 8
8 3

1 5
2 9
3 5
4 7
5 4
6 5
7 3
8 6

1 7
2 9
3 7
4 7
5 1
6 3
7 8
8 9

1 9
2 9
3 2
4 1
5 8
6 7
7 2
8 7

1 3
2 0
3 8
4 4
5 0
6 6
7 0
8 7

1 9
2 0
3 9
4 4
5 3
6 1
7 0
8 1

1 4
2 5
3 9
4 3
5 2
6 1
7 8
8 3

1 5
2 9
3 5
4 7
5 4
6 5
7 3
8 6

1 7
2 9
3 7
4 7
5 1
6 3
7 8
8 9

1 9
2 9
3 2
4 1
5 8
6 7
7 2
8 7

1 3
2 0
3 8
4 4
5 0
6 6
7 0
8 7

1 9
2 0
3 9
4 4
5 3
6 1
7 0
8 1

1 4
2 5
3 9
4 3
5 2
6 1
7 8
8 3

1 5
2 9
3 5
4 7
5 4
6 5
7 3
8 6

1 7
2 9
3 7
4 7
5 1
6 3
7 8
8 9

1 9
2 9
3 2
4 1
5 8
6 7
7 2
8 7

1 3
2 0
3 8
4 4
5 0
6 6
7 0
8 7

1 9
2 0
3 9
4 4
5 3
6 1
7 0
8 1

1 4
2 5
3 9
4 3
5 2
6 1
7 8
8 3

1 5
2 9
3 5
4 7
5 4
6 5
7 3
8 6

1 7
2 9
3 7
4 7
5 1
6 3
7 8
8 9

1 9
2 9
3 2
4 1
5 8
6 7
7 2
8 7

1 3
2 0
3 8
4 4
5 0
6 6
7 0
8 7

1 9
2 0
3 9
4 4
5 3
6 1
7 0
8 1

1 4
2 5
3 9
4 3
5 2
6 1
7 8
8 3

1 5
2 9
3 5
4 7
5 4
6 5
7 3
8 6

1 7
2 9
3 7
4 7
5 1
6 3
7 8
8 9

1 9
2 9
3 2
4 1
5 8
6 7
7 2
8 7

1 3
2 0
3 8
4 4
5 0
6 6
7 0
8 7

1 9
2 0
3 9
4 4
5 3
6 1
7 0
8 1

1 4
2 5
3 9
4 3
5 2
6 1
7 8
8 3

1 5
2 9
3 5
4 7
5 4
6 5
7 3
8 6

1 7
2 9
3 7
4 7
5 1
6 3
7 8
8 9

1 9
2 9
3 2
4 1
5 8
6 7
7 2
8 7

1 3
2 0
3 8
4 4
5 0
6 6
7 0
8 7

1 9
2 0
3 9
4 4
5 3
6 1
7 0
8 1

1 4
2 5
3 9
4 3
5 2
6 1
7 8
8 3

1 5
2 9
3 5
4 7
5 4
6 5
7 3
8 6

1 7
2 9
3 7
4 7
5 1
6 3
7 8
8 9

1 9
2 9
3 2
4 1
5 8
6 7
7 2
8 7

1 3
2 0
3 8
4 4
5 0
6 6
7 0
8 7

1 9
2 0
3 9
4 4
5 3
6 1
7 0
8 1

1 4
2 5
3 9
4 3
5 2
6 1
7 8
8 3

1 5
2 9
3 5
4 7
5 4
6 5
7 3
8 6

1 7
2 9
3 7
4 7
5 1
6 3
7 8
8 9

1 9
2 9
3 2
4 1
5 8
6 7
7 2
8 7

1 3
2 0
3 8
4 4
5 0
6 6
7 0
8 7

1 9
2 0
3 9
4 4
5 3
6 1
7 0
8 1