1 0
2 0
3 0
4 0
5 0
6 0
7 0
8 0
9 0
10 0
11 0
12 0
13 0
14 0
15 0
16 0

1 12
2 17
3 18
4 18
5 12
6 20
7 19
8 10
9 11
10 17
11 18
12 20
13 13
14 18
15 12
16 12

1 19
2 18
3 14
4 14
5 12
6 19
7 10
8 19
9 17
10 18
11 14
12 16
13 20
14 14
15 19
16 11

1 10
2 17
3 11
4 11
5 17
6 19
7 10
8 11
9 15
10 15
11 19
12 10
13 18
14 12
15 15
16 16

1 20
2 15
3 15
4 14
5 20
6 14
7 18
8 15
9 18
10 13
11 13
12 14
13 10
14 19
15 19
16 19

1 12
2 17
3 18
4 18
5 12
6 20
7 19
8 10
9 11
10 17
11 18
12 20
13 13
14 18
15 12
16 12

1 19
2 18
3 14
4 14
5 12
6 19
7 10
8 19
9 17
10 18
11 14
12 16
13 20
14 14
15 19
16 11

1 10
2 17
3 11
4 11
5 17
6 19
7 10
8 11
9 15
10 15
11 19
12 10
13 18
14 12
15 15
16 16

1 20
2 15
3 15
4 14
5 20
6 14
7 18
8 15
9 18
10 13
11 13
12 14
13 10
14 19
15 19
16 19

1 12
2 17
3 18
4 18
5 12
6 20
7 19
8 10
9 11
10 17
11 18
12 20
13 13
14 18
15 12
16 12

1 19
2 18
3 14
4 14
5 12
6 19
7 10
8 19
9 17
10 18
11 14
12 16
13 20
14 14
15 19
16 11

1 10
2 17
3 11
4 11
5 17
6 19
7 10
8 11
9 15
10 15
11 19
12 10
13 18
14 12
15 15
16 16

1 20
2 15
3 15
4 14
5 20
6 14
7 18
8 15
9 18
10 13
11 13
12 14
13 10
14 19
15 19
16 19

1 12
2 17
3 18
4 18
5 12
6 20
7 19
8 10
9 11
10 17
11 18
12 20
13 13
14 18
15 12
16 12

1 19
2 18
3 14
4 14
5 12
6 19
7 10
8 19
9 17
10 18
11 14
12 16
13 20
14 14
15 19
16 11

1 10
2 17
3 11
4 11
5 17
6 19
7 10
8 11
9 15
10 15
11 19
12 10
13 18
14 12
15 15
16 16

1 20
2 15
3 15
4 14
5 20
6 14
7 18
8 15
9 18
10 13
11 13
12 14
13 10
14 19
15 19
16 19

1 12
2 17
3 18
4 18
5 12
6 20
7 19
8 10
9 11
10 17
11 18
12 20
13 13
14 18
15 12
16 12

1 19
2 18
3 14
4 14
5 12
6 19
7 10
8 19
9 17
10 18
11 14
12 16
13 20
14 14
15 19
16 11

1 10
2 17
3 11
4 11
5 17
6 19
7 10
8 11
9 15
10 15
11 19
12 10
13 18
14 12
15 15
16 16

1 20
2 15
3 15
4 14
5 20
6 14
7 18
8 15
9 18
10 13
11 13
12 14
13 10
14 19
15 19
16 19

1 12
2 17
3 18
4 18
5 12
6 20
7 19
8 10
9 11
10 17
11 18
12 20
13 13
14 18
15 12
16 12

1 19
2 18
3 14
4 14
5 12
6 19
7 10
8 19
9 17
10 18
11 14
12 16
13 20
14 14
15 19
16 11

1 10
2 17
3 11
4 11
5 17
6 19
7 10
8 11
9 15
10 15
11 19
12 10
13 18
14 12
15 15
16 16

1 20
2 15
3 15
4 14
5 20
6 14
7 18
8 15
9 18
10 13
11 13
12 14
13 10
14 19
15 19
16 19

1 12
2 17
3 18
4 18
5 12
6 20
7 19
8 10
9 11
10 17
11 18
12 20
13 13
14 18
15 12
16 12

1 19
2 18
3 14
4 14
5 12
6 19
7 10
8 19
9 17
10 18
11 14
12 16
13 20
14 14
15 19
16 11

1 10
2 17
3 11
4 11
5 17
6 19
7 10
8 11
9 15
10 15
11 19
12 10
13 18
14 12
15 15
16 16

1 20
2 15
3 15
4 14
5 20
6 14
7 18
8 15
9 18
10 13
11 13
12 14
13 10
14 19
15 19
16 19

1 12
2 17
3 18
4 18
5 12
6 20
7 19
8 10
9 11
10 17
11 18
12 20
13 13
14 18
15 12
16 12

1 19
2 18
3 14
4 14
5 12
6 19
7 10
8 19
9 17
10 18
11 14
12 16
13 20
14 14
15 19
16 11

1 10
2 17
3 11
4 11
5 17
6 19
7 10
8 11
9 15
10 15
11 19
12 10
13 18
14 12
15 15
16 16

1 20
2 15
3 15
4 14
5 20
6 14
7 18
8 15
9 18
10 13
11 13
12 14
13 10
14 19
15 19
16 19

1 12
2 17
3 18
4 18
5 12
6 20
7 19
8 10
9 11
10 17
11 18
12 20
13 13
14 18
15 12
16 12

1 19
2 18
3 14
4 14
5 12
6 19
7 10
8 19
9 17
10 18
11 14
12 16
13 20
14 14
15 19
16 11

1 10
2 17
3 11
4 11
5 17
6 19
7 10
8 11
9 15
10 15
11 19
12 10
13 18
14 12
15 15
16 16

1 20
2 15
3 15
4 14
5 20
6 14
7 18
8 15
9 18
10 13
11 13
12 14
13 10
14 19
15 19
16 19

1 12
2 17
3 18
4 18
5 12
6 20
7 19
8 10
9 11
10 17
11 18
12 20
13 13
14 18
15 12
16 12

1 19
2 18
3 14
4 14
5 12
6 19
7 10
8 19
9 17
10 18
11 14
12 16
13 20
14 14
15 19
16 11

1 10
2 17
3 11
4 11
5 17
6 19
7 10
8 11
9 15
10 15
11 19
12 10
13 18
14 12
15 15
16 16

1 20
2 15
3 15
4 14
5 20
6 14
7 18
8 15
9 18
10 13
11 13
12 14
13 10
14 19
15 19
16 19

1 12
2 17
3 18
4 18
5 12
6 20
7 19
8 10
9 11
10 17
11 18
12 20
13 13
14 18
15 12
16 12

1 19
2 18
3 14
4 14
5 12
6 19
7 10
8 19
9 17
10 18
11 14
12 16
13 20
14 14
15 19
16 11

1 10
2 17
3 11
4 11
5 17
6 19
7 10
8 11
9 15
10 15
11 19
12 10
13 18
14 12
15 15
16 16

1 20
2 15
3 15
4 14
5 20
6 14
7 18
8 15
9 18
10 13
11 13
12 14
13 10
14 19
15 19
16 19

1 12
2 17
3 18
4 18
5 12
6 20
7 19
8 10
9 11
10 17
11 18
12 20
13 13
14 18
15 12
16 12

1 19
2 18
3 14
4 14
5 12
6 19
7 10
8 19
9 17
10 18
11 14
12 16
13 20
14 14
15 19
16 11

1 10
2 17
3 11
4 11
5 17
6 19
7 10
8 11
9 15
10 15
11 19
12 10
13 18
14 12
15 15
16 16

1 20
2 15
3 15
4 14
5 20
6 14
7 18
8 15
9 18
10 13
11 13
12 14
13 10
14 19
15 19
16 19

1 12
2 17
3 18
4 18
5 12
6 20
7 19
8 10
9 11
10 17
11 18
12 20
13 13
14 18
15 12
16 12

1 19
2 18
3 14
4 14
5 12
6 19
7 10
8 19
9 17
10 18
11 14
12 16
13 20
14 14
15 19
16 11

1 10
2 17
3 11
4 11
5 17
6 19
7 10
8 11
9 15
10 15
11 19
12 10
13 18
14 12
15 15
16 16

1 20
2 15
3 15
4 14
5 20
6 14
7 18
8 15
9 18
10 13
11 13
12 14
13 10
14 19
15 19
16 19

1 12
2 17
3 18
4 18
5 12
6 20
7 19
8 10
9 11
10 17
11 18
12 20
13 13
14 18
15 12
16 12

1 19
2 18
3 14
4 14
5 12
6 19
7 10
8 19
9 17
10 18
11 14
12 16
13 20
14 14
15 19
16 11

1 10
2 17
3 11
4 11
5 17
6 19
7 10
8 11
9 15
10 15
11 19
12 10
13 18
14 12
15 15
16 16

1 20
2 15
3 15
4 14
5 20
6 14
7 18
8 15
9 18
10 13
11 13
12 14
13 10
14 19
15 19
16 19

1 12
2 17
3 18
4 18
5 12
6 20
7 19
8 10
9 11
10 17
11 18
12 20
13 13
14 18
15 12
16 12

1 19
2 18
3 14
4 14
5 12
6 19
7 10
8 19
9 17
10 18
11 14
12 16
13 20
14 14
15 19
16 11

1 10
2 17
3 11
4 11
5 17
6 19
7 10
8 11
9 15
10 15
11 19
12 10
13 18
14 12
15 15
16 16

1 20
2 15
3 15
4 14
5 20
6 14
7 18
8 15
9 18
10 13
11 13
12 14
13 10
14 19
15 19
16 19

1 12
2 17
3 18
4 18
5 12
6 20
7 19
8 10
9 11
10 17
11 18
12 20
13 13
14 18
15 12
16 12

1 19
2 18
3 14
4 14
5 12
6 19
7 10
8 19
9 17
10 18
11 14
12 16
13 20
14 14
15 19
16 11

1 10
2 17
3 11
4 11
5 17
6 19
7 10
8 11
9 15
10 15
11 19
12 10
13 18
14 12
15 15
16 16

1 20
2 15
3 15
4 14
5 20
6 14
7 18
8 15
9 18
10 13
11 13
12 14
13 10
14 19
15 19
16 19

1 12
2 17
3 18
4 18
5 12
6 20
7 19
8 10
9 11
10 17
11 18
12 20
13 13
14 18
15 12
16 12

1 19
2 18
3 14
4 14
5 12
6 19
7 10
8 19
9 17
10 18
11 14
12 16
13 20
14 14
15 19
16 11

1 10
2 17
3 11
4 11
5 17
6 19
7 10
8 11
9 15
10 15
11 19
12 10
13 18
14 12
15 15
16 16

1 20
2 15
3 15
4 14
5 20
6 14
7 18
8 15
9 18
10 13
11 13
12 14
13 10
14 19
15 19
16 19

1 12
2 17
3 18
4 18
5 12
6 20
7 19
8 10
9 11
10 17
11 18
12 20
13 13
14 18
15 12
16 12

1 19
2 18
3 14
4 14
5 12
6 19
7 10
8 19
9 17
10 18
11 14
12 16
13 20
14 14
15 19
16 11

1 10
2 17
3 11
4 11
5 17
6 19
7 10
8 11
9 15
10 15
11 19
12 10
13 18
14 12
15 15
16 16

1 20
2 15
3 15
4 14
5 20
6 14
7 18
8 15
9 18
10 13
11 13
12 14
13 10
14 19
15 19
16 19

1 12
2 17
3 18
4 18
5 12
6 20
7 19
8 10
9 11
10 17
11 18
12 20
13 13
14 18
15 12
16 12

1 19
2 18
3 14
4 14
5 12
6 19
7 10
8 19
9 17
10 18
11 14
12 16
13 20
14 14
15 19
16 11

1 10
2 17
3 11
4 11
5 17
6 19
7 10
8 11
9 15
10 15
11 19
12 10
13 18
14 12
15 15
16 16

1 20
2 15
3 15
4 14
5 20
6 14
7 18
8 15
9 18
10 13
11 13
12 14
13 10
14 19
15 19
16 19

1 12
2 17
3 18
4 18
5 12
6 20
7 19
8 10
9 11
10 17
11 18
12 20
13 13
14 18
15 12
16 12

1 19
2 18
3 14
4 14
5 12
6 19
7 10
8 19
9 17
10 18
11 14
12 16
13 20
14 14
15 19
16 11

1 10
2 17
3 11
4 11
5 17
6 19
7 10
8 11
9 15
10 15
11 19
12 10
13 18
14 12
15 15
16 16

1 20
2 15
3 15
4 14
5 20
6 14
7 18
8 15
9 18
10 13
11 13
12 14
13 10
14 19
15 19
16 19