1 0
2 0
3 0
4 0
5 0
6 0
7 0
8 0

1 4
2 2
3 9
4 8
5 1
6 7
7 1
8 8

1 6
2 1
3 0
4 9
5 9
6 3
7 5
8 9

1 9
2 1
3 8
4 1
5 7
6 5
7 0
8 8

1 4
2 8
3 7
4 0
5 8
6 3
7 8
8 6

1 4
2 2
3 9
4 8
5 1
6 7
7 1
8 8

1 6
2 1
3 0
4 9
5 9
6 3
7 5
8 9

1 9
2 1
3 8
4 1
5 7
6 5
7 0
8 8

1 4
2 8
3 7
4 0
5 8
6 3
7 8
8 6

1 4
2 2
3 9
4 8
5 1
6 7
7 1
8 8

1 6
2 1
3 0
4 9
5 9
6 3
7 5
8 9

1 9
2 1
3 8
4 1
5 7
6 5
7 0
8 8

1 4
2 8
3 7
4 0
5 8
6 3
7 8
8 6

1 4
2 2
3 9
4 8
5 1
6 7
7 1
8 8

1 6
2 1
3 0
4 9
5 9
6 3
7 5
8 9

1 9
2 1
3 8
4 1
5 7
6 5
7 0
8 8

1 4
2 8
3 7
4 0
5 8
6 3
7 8
8 6

1 4
2 2
3 9
4 8
5 1
6 7
7 1
8 8

1 6
2 1
3 0
4 9
5 9
6 3
7 5
8 9

1 9
2 1
3 8
4 1
5 7
6 5
7 0
8 8

1 4
2 8
3 7
4 0
5 8
6 3
7 8
8 6

1 4
2 2
3 9
4 8
5 1
6 7
7 1
8 8

1 6
2 1
3 0
4 9
5 9
6 3
7 5
8 9

1 9
2 1
3 8
4 1
5 7
6 5
7 0
8 8

1 4
2 8
3 7
4 0
5 8
6 3
7 8
8 6

1 4
2 2
3 9
4 8
5 1
6 7
7 1
8 8

1 6
2 1
3 0
4 9
5 9
6 3
7 5
8 9

1 9
2 1
3 8
4 1
5 7
6 5
7 0
8 8

1 4
2 8
3 7
4 0
5 8
6 3
7 8
8 6

1 4
2 2
3 9
4 8
5 1
6 7
7 1
8 8

1 6
2 1
3 0
4 9
5 9
6 3
7 5
8 9

1 9
2 1
3 8
4 1
5 7
6 5
7 0
8 8

1 4
2 8
3 7
4 0
5 8
6 3
7 8
8 6

1 4
2 2
3 9
4 8
5 1
6 7
7 1
8 8

1 6
2 1
3 0
4 9
5 9
6 3
7 5
8 9

1 9
2 1
3 8
4 1
5 7
6 5
7 0
8 8

1 4
2 8
3 7
4 0
5 8
6 3
7 8
8 6

1 4
2 2
3 9
4 8
5 1
6 7
7 1
8 8

1 6
2 1
3 0
4 9
5 9
6 3
7 5
8 9

1 9
2 1
3 8
4 1
5 7
6 5
7 0
8 8

1 4
2 8
3 7
4 0
5 8
6 3
7 8
8 6

1 4
2 2
3 9
4 8
5 1
6 7
7 1
8 8

1 6
2 1
3 0
4 9
5 9
6 3
7 5
8 9

1 9
2 1
3 8
4 1
5 7
6 5
7 0
8 8

1 4
2 8
3 7
4 0
5 8
6 3
7 8
8 6

1 4
2 2
3 9
4 8
5 1
6 7
7 1
8 8

1 6
2 1
3 0
4 9
5 9
6 3
7 5
8 9

1 9
2 1
3 8
4 1
5 7
6 5
7 0
8 8

1 4
2 8
3 7
4 0
5 8
6 3
7 8
8 6

1 4
2 2
3 9
4 8
5 1
6 7
7 1
8 8

1 6
2 1
3 0
4 9
5 9
6 3
7 5
8 9

1 9
2 1
3 8
4 1
5 7
6 5
7 0
8 8

1 4
2 8
3 7
4 0
5 8
6 3
7 8
8 6

1 4
2 2
3 9
4 8
5 1
6 7
7 1
8 8

1 6
2 1
3 0
4 9
5 9
6 3
7 5
8 9

1 9
2 1
3 8
4 1
5 7
6 5
7 0
8 8

1 4
2 8
3 7
4 0
5 8
6 3
7 8
8 6

1 4
2 2
3 9
4 8
5 1
6 7
7 1
8 8

1 6
2 1
3 0
4 9
5 9
6 3
7 5
8 9

1 9
2 1
3 8
4 1
5 7
6 5
7 0
8 8

1 4
2 8
3 7
4 0
5 8
6 3
7 8
8 6

1 4
2 2
3 9
4 8
5 1
6 7
7 1
8 8

1 6
2 1
3 0
4 9
5 9
6 3
7 5
8 9

1 9
2 1
3 8
4 1
5 7
6 5
7 0
8 8

1 4
2 8
3 7
4 0
5 8
6 3
7 8
8 6

1 4
2 2
3 9
4 8
5 1
6 7
7 1
8 8

1 6
2 1
3 0
4 9
5 9
6 3
7 5
8 9

1 9
2 1
3 8
4 1
5 7
6 5
7 0
8 8

1 4
2 8
3 7
4 0
5 8
6 3
7 8
8 6

1 4
2 2
3 9
4 8
5 1
6 7
7 1
8 8

1 6
2 1
3 0
4 9
5 9
6 3
7 5
8 9

1 9
2 1
3 8
4 1
5 7
6 5
7 0
8 8

1 4
2 8
3 7
4 0
5 8
6 3
7 8
8 6

1 4
2 2
3 9
4 8
5 1
6 7
7 1
8 8

1 6
2 1
3 0
4 9
5 9
6 3
7 5
8 9

1 9
2 1
3 8
4 1
5 7
6 5
7 0
8 8

1 4
2 8
3 7
4 0
5 8
6 3
7 8
8 6

1 4
2 2
3 9
4 8
5 1
6 7
7 1
8 8

1 6
2 1
3 0
4 9
5 9
6 3
7 5
8 9

1 9
2 1
3 8
4 1
5 7
6 5
7 0
8 8

1 4
2 8
3 7
4 0
5 8
6 3
7 8
8 6