1 0
2 0
3 0
4 0

1 12
2 15
3 14
4 12

1 11
2 15
3 12
4 13

1 12
2 12
3 17
4 18

1 19
2 10
3 19
4 12

1 12
2 15
3 14
4 12

1 11
2 15
3 12
4 13

1 12
2 12
3 17
4 18

1 19
2 10
3 19
4 12

1 12
2 15
3 14
4 12

1 11
2 15
3 12
4 13

1 12
2 12
3 17
4 18

1 19
2 10
3 19
4 12

1 12
2 15
3 14
4 12

1 11
2 15
3 12
4 13

1 12
2 12
3 17
4 18

1 19
2 10
3 19
4 12

1 12
2 15
3 14
4 12

1 11
2 15
3 12
4 13

1 12
2 12
3 17
4 18

1 19
2 10
3 19
4 12

1 12
2 15
3 14
4 12

1 11
2 15
3 12
4 13

1 12
2 12
3 17
4 18

1 19
2 10
3 19
4 12

1 12
2 15
3 14
4 12

1 11
2 15
3 12
4 13

1 12
2 12
3 17
4 18

1 19
2 10
3 19
4 12

1 12
2 15
3 14
4 12

1 11
2 15
3 12
4 13

1 12
2 12
3 17
4 18

1 19
2 10
3 19
4 12

1 12
2 15
3 14
4 12

1 11
2 15
3 12
4 13

1 12
2 12
3 17
4 18

1 19
2 10
3 19
4 12

1 12
2 15
3 14
4 12

1 11
2 15
3 12
4 13

1 12
2 12
3 17
4 18

1 19
2 10
3 19
4 12