1 0
2 0
3 0
4 0
5 0
6 0
7 0
8 0
9 0
10 0
11 0
12 0
13 0
14 0
15 0
16 0

1 3
2 7
3 1
4 7
5 0
6 0
7 2
8 1
9 4
10 2
11 2
12 3
13 0
14 1
15 8
16 9

1 2
2 9
3 6
4 4
5 6
6 8
7 5
8 1
9 7
10 3
11 8
12 7
13 7
14 5
15 5
16 7

1 3
2 7
3 1
4 7
5 0
6 0
7 2
8 1
9 4
10 2
11 2
12 3
13 0
14 1
15 8
16 9

1 2
2 9
3 6
4 4
5 6
6 8
7 5
8 1
9 7
10 3
11 8
12 7
13 7
14 5
15 5
16 7

1 3
2 7
3 1
4 7
5 0
6 0
7 2
8 1
9 4
10 2
11 2
12 3
13 0
14 1
15 8
16 9

1 2
2 9
3 6
4 4
5 6
6 8
7 5
8 1
9 7
10 3
11 8
12 7
13 7
14 5
15 5
16 7

1 3
2 7
3 1
4 7
5 0
6 0
7 2
8 1
9 4
10 2
11 2
12 3
13 0
14 1
15 8
16 9

1 2
2 9
3 6
4 4
5 6
6 8
7 5
8 1
9 7
10 3
11 8
12 7
13 7
14 5
15 5
16 7

1 3
2 7
3 1
4 7
5 0
6 0
7 2
8 1
9 4
10 2
11 2
12 3
13 0
14 1
15 8
16 9

1 2
2 9
3 6
4 4
5 6
6 8
7 5
8 1
9 7
10 3
11 8
12 7
13 7
14 5
15 5
16 7

1 3
2 7
3 1
4 7
5 0
6 0
7 2
8 1
9 4
10 2
11 2
12 3
13 0
14 1
15 8
16 9

1 2
2 9
3 6
4 4
5 6
6 8
7 5
8 1
9 7
10 3
11 8
12 7
13 7
14 5
15 5
16 7

1 3
2 7
3 1
4 7
5 0
6 0
7 2
8 1
9 4
10 2
11 2
12 3
13 0
14 1
15 8
16 9

1 2
2 9
3 6
4 4
5 6
6 8
7 5
8 1
9 7
10 3
11 8
12 7
13 7
14 5
15 5
16 7

1 3
2 7
3 1
4 7
5 0
6 0
7 2
8 1
9 4
10 2
11 2
12 3
13 0
14 1
15 8
16 9

1 2
2 9
3 6
4 4
5 6
6 8
7 5
8 1
9 7
10 3
11 8
12 7
13 7
14 5
15 5
16 7

1 3
2 7
3 1
4 7
5 0
6 0
7 2
8 1
9 4
10 2
11 2
12 3
13 0
14 1
15 8
16 9

1 2
2 9
3 6
4 4
5 6
6 8
7 5
8 1
9 7
10 3
11 8
12 7
13 7
14 5
15 5
16 7

1 3
2 7
3 1
4 7
5 0
6 0
7 2
8 1
9 4
10 2
11 2
12 3
13 0
14 1
15 8
16 9

1 2
2 9
3 6
4 4
5 6
6 8
7 5
8 1
9 7
10 3
11 8
12 7
13 7
14 5
15 5
16 7

1 3
2 7
3 1
4 7
5 0
6 0
7 2
8 1
9 4
10 2
11 2
12 3
13 0
14 1
15 8
16 9

1 2
2 9
3 6
4 4
5 6
6 8
7 5
8 1
9 7
10 3
11 8
12 7
13 7
14 5
15 5
16 7

1 3
2 7
3 1
4 7
5 0
6 0
7 2
8 1
9 4
10 2
11 2
12 3
13 0
14 1
15 8
16 9

1 2
2 9
3 6
4 4
5 6
6 8
7 5
8 1
9 7
10 3
11 8
12 7
13 7
14 5
15 5
16 7

1 3
2 7
3 1
4 7
5 0
6 0
7 2
8 1
9 4
10 2
11 2
12 3
13 0
14 1
15 8
16 9

1 2
2 9
3 6
4 4
5 6
6 8
7 5
8 1
9 7
10 3
11 8
12 7
13 7
14 5
15 5
16 7

1 3
2 7
3 1
4 7
5 0
6 0
7 2
8 1
9 4
10 2
11 2
12 3
13 0
14 1
15 8
16 9

1 2
2 9
3 6
4 4
5 6
6 8
7 5
8 1
9 7
10 3
11 8
12 7
13 7
14 5
15 5
16 7

1 3
2 7
3 1
4 7
5 0
6 0
7 2
8 1
9 4
10 2
11 2
12 3
13 0
14 1
15 8
16 9

1 2
2 9
3 6
4 4
5 6
6 8
7 5
8 1
9 7
10 3
11 8
12 7
13 7
14 5
15 5
16 7