1 0
2 0
3 0
4 0
5 0
6 0
7 0
8 0

1 1
2 0
3 8
4 8
5 9
6 5
7 2
8 8

1 4
2 1
3 9
4 5
5 6
6 6
7 9
8 3

1 5
2 6
3 3
4 3
5 9
6 6
7 6
8 9

1 7
2 7
3 5
4 3
5 8
6 8
7 0
8 3

1 7
2 0
3 8
4 9
5 2
6 3
7 5
8 8

1 7
2 1
3 4
4 4
5 6
6 4
7 4
8 5

1 1
2 0
3 8
4 8
5 9
6 5
7 2
8 8

1 4
2 1
3 9
4 5
5 6
6 6
7 9
8 3

1 5
2 6
3 3
4 3
5 9
6 6
7 6
8 9

1 7
2 7
3 5
4 3
5 8
6 8
7 0
8 3

1 7
2 0
3 8
4 9
5 2
6 3
7 5
8 8

1 7
2 1
3 4
4 4
5 6
6 4
7 4
8 5

1 1
2 0
3 8
4 8
5 9
6 5
7 2
8 8

1 4
2 1
3 9
4 5
5 6
6 6
7 9
8 3

1 5
2 6
3 3
4 3
5 9
6 6
7 6
8 9

1 7
2 7
3 5
4 3
5 8
6 8
7 0
8 3

1 7
2 0
3 8
4 9
5 2
6 3
7 5
8 8

1 7
2 1
3 4
4 4
5 6
6 4
7 4
8 5

1 1
2 0
3 8
4 8
5 9
6 5
7 2
8 8

1 4
2 1
3 9
4 5
5 6
6 6
7 9
8 3

1 5
2 6
3 3
4 3
5 9
6 6
7 6
8 9

1 7
2 7
3 5
4 3
5 8
6 8
7 0
8 3

1 7
2 0
3 8
4 9
5 2
6 3
7 5
8 8

1 7
2 1
3 4
4 4
5 6
6 4
7 4
8 5

1 1
2 0
3 8
4 8
5 9
6 5
7 2
8 8

1 4
2 1
3 9
4 5
5 6
6 6
7 9
8 3

1 5
2 6
3 3
4 3
5 9
6 6
7 6
8 9

1 7
2 7
3 5
4 3
5 8
6 8
7 0
8 3

1 7
2 0
3 8
4 9
5 2
6 3
7 5
8 8

1 7
2 1
3 4
4 4
5 6
6 4
7 4
8 5

1 1
2 0
3 8
4 8
5 9
6 5
7 2
8 8

1 4
2 1
3 9
4 5
5 6
6 6
7 9
8 3

1 5
2 6
3 3
4 3
5 9
6 6
7 6
8 9

1 7
2 7
3 5
4 3
5 8
6 8
7 0
8 3

1 7
2 0
3 8
4 9
5 2
6 3
7 5
8 8

1 7
2 1
3 4
4 4
5 6
6 4
7 4
8 5

1 1
2 0
3 8
4 8
5 9
6 5
7 2
8 8

1 4
2 1
3 9
4 5
5 6
6 6
7 9
8 3

1 5
2 6
3 3
4 3
5 9
6 6
7 6
8 9

1 7
2 7
3 5
4 3
5 8
6 8
7 0
8 3

1 7
2 0
3 8
4 9
5 2
6 3
7 5
8 8

1 7
2 1
3 4
4 4
5 6
6 4
7 4
8 5

1 1
2 0
3 8
4 8
5 9
6 5
7 2
8 8

1 4
2 1
3 9
4 5
5 6
6 6
7 9
8 3

1 5
2 6
3 3
4 3
5 9
6 6
7 6
8 9

1 7
2 7
3 5
4 3
5 8
6 8
7 0
8 3

1 7
2 0
3 8
4 9
5 2
6 3
7 5
8 8

1 7
2 1
3 4
4 4
5 6
6 4
7 4
8 5

1 1
2 0
3 8
4 8
5 9
6 5
7 2
8 8

1 4
2 1
3 9
4 5
5 6
6 6
7 9
8 3

1 5
2 6
3 3
4 3
5 9
6 6
7 6
8 9

1 7
2 7
3 5
4 3
5 8
6 8
7 0
8 3

1 7
2 0
3 8
4 9
5 2
6 3
7 5
8 8

1 7
2 1
3 4
4 4
5 6
6 4
7 4
8 5

1 1
2 0
3 8
4 8
5 9
6 5
7 2
8 8

1 4
2 1
3 9
4 5
5 6
6 6
7 9
8 3

1 5
2 6
3 3
4 3
5 9
6 6
7 6
8 9

1 7
2 7
3 5
4 3
5 8
6 8
7 0
8 3

1 7
2 0
3 8
4 9
5 2
6 3
7 5
8 8

1 7
2 1
3 4
4 4
5 6
6 4
7 4
8 5

1 1
2 0
3 8
4 8
5 9
6 5
7 2
8 8

1 4
2 1
3 9
4 5
5 6
6 6
7 9
8 3

1 5
2 6
3 3
4 3
5 9
6 6
7 6
8 9

1 7
2 7
3 5
4 3
5 8
6 8
7 0
8 3

1 7
2 0
3 8
4 9
5 2
6 3
7 5
8 8

1 7
2 1
3 4
4 4
5 6
6 4
7 4
8 5

1 1
2 0
3 8
4 8
5 9
6 5
7 2
8 8

1 4
2 1
3 9
4 5
5 6
6 6
7 9
8 3

1 5
2 6
3 3
4 3
5 9
6 6
7 6
8 9

1 7
2 7
3 5
4 3
5 8
6 8
7 0
8 3

1 7
2 0
3 8
4 9
5 2
6 3
7 5
8 8

1 7
2 1
3 4
4 4
5 6
6 4
7 4
8 5

1 1
2 0
3 8
4 8
5 9
6 5
7 2
8 8

1 4
2 1
3 9
4 5
5 6
6 6
7 9
8 3

1 5
2 6
3 3
4 3
5 9
6 6
7 6
8 9

1 7
2 7
3 5
4 3
5 8
6 8
7 0
8 3

1 7
2 0
3 8
4 9
5 2
6 3
7 5
8 8

1 7
2 1
3 4
4 4
5 6
6 4
7 4
8 5

1 1
2 0
3 8
4 8
5 9
6 5
7 2
8 8

1 4
2 1
3 9
4 5
5 6
6 6
7 9
8 3

1 5
2 6
3 3
4 3
5 9
6 6
7 6
8 9

1 7
2 7
3 5
4 3
5 8
6 8
7 0
8 3

1 7
2 0
3 8
4 9
5 2
6 3
7 5
8 8

1 7
2 1
3 4
4 4
5 6
6 4
7 4
8 5

1 1
2 0
3 8
4 8
5 9
6 5
7 2
8 8

1 4
2 1
3 9
4 5
5 6
6 6
7 9
8 3

1 5
2 6
3 3
4 3
5 9
6 6
7 6
8 9

1 7
2 7
3 5
4 3
5 8
6 8
7 0
8 3

1 7
2 0
3 8
4 9
5 2
6 3
7 5
8 8

1 7
2 1
3 4
4 4
5 6
6 4
7 4
8 5