1 0
2 0
3 0
4 0

1 1
2 2
3 5
4 3

1 1
2 2
3 7
4 1

1 8
2 0
3 9
4 5

1 0
2 5
3 7
4 4

1 1
2 2
3 5
4 3

1 1
2 2
3 7
4 1

1 8
2 0
3 9
4 5

1 0
2 5
3 7
4 4

1 1
2 2
3 5
4 3

1 1
2 2
3 7
4 1

1 8
2 0
3 9
4 5

1 0
2 5
3 7
4 4

1 1
2 2
3 5
4 3

1 1
2 2
3 7
4 1

1 8
2 0
3 9
4 5

1 0
2 5
3 7
4 4

1 1
2 2
3 5
4 3

1 1
2 2
3 7
4 1

1 8
2 0
3 9
4 5

1 0
2 5
3 7
4 4

1 1
2 2
3 5
4 3

1 1
2 2
3 7
4 1

1 8
2 0
3 9
4 5

1 0
2 5
3 7
4 4

1 1
2 2
3 5
4 3

1 1
2 2
3 7
4 1

1 8
2 0
3 9
4 5

1 0
2 5
3 7
4 4

1 1
2 2
3 5
4 3

1 1
2 2
3 7
4 1

1 8
2 0
3 9
4 5

1 0
2 5
3 7
4 4

1 1
2 2
3 5
4 3

1 1
2 2
3 7
4 1

1 8
2 0
3 9
4 5

1 0
2 5
3 7
4 4

1 1
2 2
3 5
4 3

1 1
2 2
3 7
4 1

1 8
2 0
3 9
4 5

1 0
2 5
3 7
4 4

1 1
2 2
3 5
4 3

1 1
2 2
3 7
4 1

1 8
2 0
3 9
4 5

1 0
2 5
3 7
4 4

1 1
2 2
3 5
4 3

1 1
2 2
3 7
4 1

1 8
2 0
3 9
4 5

1 0
2 5
3 7
4 4

1 1
2 2
3 5
4 3

1 1
2 2
3 7
4 1

1 8
2 0
3 9
4 5

1 0
2 5
3 7
4 4

1 1
2 2
3 5
4 3

1 1
2 2
3 7
4 1

1 8
2 0
3 9
4 5

1 0
2 5
3 7
4 4

1 1
2 2
3 5
4 3

1 1
2 2
3 7
4 1

1 8
2 0
3 9
4 5

1 0
2 5
3 7
4 4

1 1
2 2
3 5
4 3

1 1
2 2
3 7
4 1

1 8
2 0
3 9
4 5

1 0
2 5
3 7
4 4

1 1
2 2
3 5
4 3

1 1
2 2
3 7
4 1

1 8
2 0
3 9
4 5

1 0
2 5
3 7
4 4

1 1
2 2
3 5
4 3

1 1
2 2
3 7
4 1

1 8
2 0
3 9
4 5

1 0
2 5
3 7
4 4

1 1
2 2
3 5
4 3

1 1
2 2
3 7
4 1

1 8
2 0
3 9
4 5

1 0
2 5
3 7
4 4

1 1
2 2
3 5
4 3

1 1
2 2
3 7
4 1

1 8
2 0
3 9
4 5

1 0
2 5
3 7
4 4