1 0
2 0
3 0
4 0

1 18
2 12
3 12
4 12

1 19
2 15
3 10
4 20

1 15
2 18
3 17
4 10

1 13
2 11
3 19
4 12

1 18
2 12
3 12
4 12

1 19
2 15
3 10
4 20

1 15
2 18
3 17
4 10

1 13
2 11
3 19
4 12

1 18
2 12
3 12
4 12

1 19
2 15
3 10
4 20

1 15
2 18
3 17
4 10

1 13
2 11
3 19
4 12

1 18
2 12
3 12
4 12

1 19
2 15
3 10
4 20

1 15
2 18
3 17
4 10

1 13
2 11
3 19
4 12

1 18
2 12
3 12
4 12

1 19
2 15
3 10
4 20

1 15
2 18
3 17
4 10

1 13
2 11
3 19
4 12

1 18
2 12
3 12
4 12

1 19
2 15
3 10
4 20

1 15
2 18
3 17
4 10

1 13
2 11
3 19
4 12

1 18
2 12
3 12
4 12

1 19
2 15
3 10
4 20

1 15
2 18
3 17
4 10

1 13
2 11
3 19
4 12

1 18
2 12
3 12
4 12

1 19
2 15
3 10
4 20

1 15
2 18
3 17
4 10

1 13
2 11
3 19
4 12

1 18
2 12
3 12
4 12

1 19
2 15
3 10
4 20

1 15
2 18
3 17
4 10

1 13
2 11
3 19
4 12

1 18
2 12
3 12
4 12

1 19
2 15
3 10
4 20

1 15
2 18
3 17
4 10

1 13
2 11
3 19
4 12

1 18
2 12
3 12
4 12

1 19
2 15
3 10
4 20

1 15
2 18
3 17
4 10

1 13
2 11
3 19
4 12

1 18
2 12
3 12
4 12

1 19
2 15
3 10
4 20

1 15
2 18
3 17
4 10

1 13
2 11
3 19
4 12

1 18
2 12
3 12
4 12

1 19
2 15
3 10
4 20

1 15
2 18
3 17
4 10

1 13
2 11
3 19
4 12

1 18
2 12
3 12
4 12

1 19
2 15
3 10
4 20

1 15
2 18
3 17
4 10

1 13
2 11
3 19
4 12

1 18
2 12
3 12
4 12

1 19
2 15
3 10
4 20

1 15
2 18
3 17
4 10

1 13
2 11
3 19
4 12

1 18
2 12
3 12
4 12

1 19
2 15
3 10
4 20

1 15
2 18
3 17
4 10

1 13
2 11
3 19
4 12

1 18
2 12
3 12
4 12

1 19
2 15
3 10
4 20

1 15
2 18
3 17
4 10

1 13
2 11
3 19
4 12

1 18
2 12
3 12
4 12

1 19
2 15
3 10
4 20

1 15
2 18
3 17
4 10

1 13
2 11
3 19
4 12

1 18
2 12
3 12
4 12

1 19
2 15
3 10
4 20

1 15
2 18
3 17
4 10

1 13
2 11
3 19
4 12

1 18
2 12
3 12
4 12

1 19
2 15
3 10
4 20

1 15
2 18
3 17
4 10

1 13
2 11
3 19
4 12