1 0
2 0
3 0
4 0
5 0
6 0
7 0
8 0

1 11
2 14
3 16
4 15
5 16
6 11
7 16
8 19

1 18
2 17
3 20
4 16
5 10
6 16
7 14
8 12

1 12
2 18
3 14
4 10
5 19
6 17
7 20
8 10

1 19
2 19
3 11
4 11
5 13
6 15
7 19
8 14

1 17
2 14
3 13
4 13
5 15
6 16
7 10
8 20

1 17
2 19
3 20
4 16
5 12
6 13
7 14
8 18

1 11
2 14
3 16
4 15
5 16
6 11
7 16
8 19

1 18
2 17
3 20
4 16
5 10
6 16
7 14
8 12

1 12
2 18
3 14
4 10
5 19
6 17
7 20
8 10

1 19
2 19
3 11
4 11
5 13
6 15
7 19
8 14

1 17
2 14
3 13
4 13
5 15
6 16
7 10
8 20

1 17
2 19
3 20
4 16
5 12
6 13
7 14
8 18

1 11
2 14
3 16
4 15
5 16
6 11
7 16
8 19

1 18
2 17
3 20
4 16
5 10
6 16
7 14
8 12

1 12
2 18
3 14
4 10
5 19
6 17
7 20
8 10

1 19
2 19
3 11
4 11
5 13
6 15
7 19
8 14

1 17
2 14
3 13
4 13
5 15
6 16
7 10
8 20

1 17
2 19
3 20
4 16
5 12
6 13
7 14
8 18

1 11
2 14
3 16
4 15
5 16
6 11
7 16
8 19

1 18
2 17
3 20
4 16
5 10
6 16
7 14
8 12

1 12
2 18
3 14
4 10
5 19
6 17
7 20
8 10

1 19
2 19
3 11
4 11
5 13
6 15
7 19
8 14

1 17
2 14
3 13
4 13
5 15
6 16
7 10
8 20

1 17
2 19
3 20
4 16
5 12
6 13
7 14
8 18

1 11
2 14
3 16
4 15
5 16
6 11
7 16
8 19

1 18
2 17
3 20
4 16
5 10
6 16
7 14
8 12

1 12
2 18
3 14
4 10
5 19
6 17
7 20
8 10

1 19
2 19
3 11
4 11
5 13
6 15
7 19
8 14

1 17
2 14
3 13
4 13
5 15
6 16
7 10
8 20

1 17
2 19
3 20
4 16
5 12
6 13
7 14
8 18

1 11
2 14
3 16
4 15
5 16
6 11
7 16
8 19

1 18
2 17
3 20
4 16
5 10
6 16
7 14
8 12

1 12
2 18
3 14
4 10
5 19
6 17
7 20
8 10

1 19
2 19
3 11
4 11
5 13
6 15
7 19
8 14

1 17
2 14
3 13
4 13
5 15
6 16
7 10
8 20

1 17
2 19
3 20
4 16
5 12
6 13
7 14
8 18

1 11
2 14
3 16
4 15
5 16
6 11
7 16
8 19

1 18
2 17
3 20
4 16
5 10
6 16
7 14
8 12

1 12
2 18
3 14
4 10
5 19
6 17
7 20
8 10

1 19
2 19
3 11
4 11
5 13
6 15
7 19
8 14

1 17
2 14
3 13
4 13
5 15
6 16
7 10
8 20

1 17
2 19
3 20
4 16
5 12
6 13
7 14
8 18

1 11
2 14
3 16
4 15
5 16
6 11
7 16
8 19

1 18
2 17
3 20
4 16
5 10
6 16
7 14
8 12

1 12
2 18
3 14
4 10
5 19
6 17
7 20
8 10

1 19
2 19
3 11
4 11
5 13
6 15
7 19
8 14

1 17
2 14
3 13
4 13
5 15
6 16
7 10
8 20

1 17
2 19
3 20
4 16
5 12
6 13
7 14
8 18

1 11
2 14
3 16
4 15
5 16
6 11
7 16
8 19

1 18
2 17
3 20
4 16
5 10
6 16
7 14
8 12

1 12
2 18
3 14
4 10
5 19
6 17
7 20
8 10

1 19
2 19
3 11
4 11
5 13
6 15
7 19
8 14

1 17
2 14
3 13
4 13
5 15
6 16
7 10
8 20

1 17
2 19
3 20
4 16
5 12
6 13
7 14
8 18

1 11
2 14
3 16
4 15
5 16
6 11
7 16
8 19

1 18
2 17
3 20
4 16
5 10
6 16
7 14
8 12

1 12
2 18
3 14
4 10
5 19
6 17
7 20
8 10

1 19
2 19
3 11
4 11
5 13
6 15
7 19
8 14

1 17
2 14
3 13
4 13
5 15
6 16
7 10
8 20

1 17
2 19
3 20
4 16
5 12
6 13
7 14
8 18

1 11
2 14
3 16
4 15
5 16
6 11
7 16
8 19

1 18
2 17
3 20
4 16
5 10
6 16
7 14
8 12

1 12
2 18
3 14
4 10
5 19
6 17
7 20
8 10

1 19
2 19
3 11
4 11
5 13
6 15
7 19
8 14

1 17
2 14
3 13
4 13
5 15
6 16
7 10
8 20

1 17
2 19
3 20
4 16
5 12
6 13
7 14
8 18

1 11
2 14
3 16
4 15
5 16
6 11
7 16
8 19

1 18
2 17
3 20
4 16
5 10
6 16
7 14
8 12

1 12
2 18
3 14
4 10
5 19
6 17
7 20
8 10

1 19
2 19
3 11
4 11
5 13
6 15
7 19
8 14

1 17
2 14
3 13
4 13
5 15
6 16
7 10
8 20

1 17
2 19
3 20
4 16
5 12
6 13
7 14
8 18

1 11
2 14
3 16
4 15
5 16
6 11
7 16
8 19

1 18
2 17
3 20
4 16
5 10
6 16
7 14
8 12

1 12
2 18
3 14
4 10
5 19
6 17
7 20
8 10

1 19
2 19
3 11
4 11
5 13
6 15
7 19
8 14

1 17
2 14
3 13
4 13
5 15
6 16
7 10
8 20

1 17
2 19
3 20
4 16
5 12
6 13
7 14
8 18

1 11
2 14
3 16
4 15
5 16
6 11
7 16
8 19

1 18
2 17
3 20
4 16
5 10
6 16
7 14
8 12

1 12
2 18
3 14
4 10
5 19
6 17
7 20
8 10

1 19
2 19
3 11
4 11
5 13
6 15
7 19
8 14

1 17
2 14
3 13
4 13
5 15
6 16
7 10
8 20

1 17
2 19
3 20
4 16
5 12
6 13
7 14
8 18

1 11
2 14
3 16
4 15
5 16
6 11
7 16
8 19

1 18
2 17
3 20
4 16
5 10
6 16
7 14
8 12

1 12
2 18
3 14
4 10
5 19
6 17
7 20
8 10

1 19
2 19
3 11
4 11
5 13
6 15
7 19
8 14

1 17
2 14
3 13
4 13
5 15
6 16
7 10
8 20

1 17
2 19
3 20
4 16
5 12
6 13
7 14
8 18

1 11
2 14
3 16
4 15
5 16
6 11
7 16
8 19

1 18
2 17
3 20
4 16
5 10
6 16
7 14
8 12

1 12
2 18
3 14
4 10
5 19
6 17
7 20
8 10

1 19
2 19
3 11
4 11
5 13
6 15
7 19
8 14

1 17
2 14
3 13
4 13
5 15
6 16
7 10
8 20

1 17
2 19
3 20
4 16
5 12
6 13
7 14
8 18

1 11
2 14
3 16
4 15
5 16
6 11
7 16
8 19

1 18
2 17
3 20
4 16
5 10
6 16
7 14
8 12

1 12
2 18
3 14
4 10
5 19
6 17
7 20
8 10

1 19
2 19
3 11
4 11
5 13
6 15
7 19
8 14

1 17
2 14
3 13
4 13
5 15
6 16
7 10
8 20

1 17
2 19
3 20
4 16
5 12
6 13
7 14
8 18

1 11
2 14
3 16
4 15
5 16
6 11
7 16
8 19

1 18
2 17
3 20
4 16
5 10
6 16
7 14
8 12

1 12
2 18
3 14
4 10
5 19
6 17
7 20
8 10

1 19
2 19
3 11
4 11
5 13
6 15
7 19
8 14

1 17
2 14
3 13
4 13
5 15
6 16
7 10
8 20

1 17
2 19
3 20
4 16
5 12
6 13
7 14
8 18

1 11
2 14
3 16
4 15
5 16
6 11
7 16
8 19

1 18
2 17
3 20
4 16
5 10
6 16
7 14
8 12

1 12
2 18
3 14
4 10
5 19
6 17
7 20
8 10

1 19
2 19
3 11
4 11
5 13
6 15
7 19
8 14

1 17
2 14
3 13
4 13
5 15
6 16
7 10
8 20

1 17
2 19
3 20
4 16
5 12
6 13
7 14
8 18

1 11
2 14
3 16
4 15
5 16
6 11
7 16
8 19

1 18
2 17
3 20
4 16
5 10
6 16
7 14
8 12

1 12
2 18
3 14
4 10
5 19
6 17
7 20
8 10

1 19
2 19
3 11
4 11
5 13
6 15
7 19
8 14

1 17
2 14
3 13
4 13
5 15
6 16
7 10
8 20

1 17
2 19
3 20
4 16
5 12
6 13
7 14
8 18