1 0
2 0
3 0
4 0
5 0
6 0
7 0
8 0
9 0
10 0
11 0
12 0
13 0
14 0
15 0
16 0

1 14
2 15
3 10
4 12
5 19
6 11
7 14
8 19
9 12
10 20
11 11
12 13
13 17
14 17
15 20
16 14

1 17
2 11
3 10
4 11
5 12
6 16
7 13
8 17
9 13
10 17
11 14
12 11
13 10
14 15
15 12
16 17

1 14
2 15
3 10
4 12
5 19
6 11
7 14
8 19
9 12
10 20
11 11
12 13
13 17
14 17
15 20
16 14

1 17
2 11
3 10
4 11
5 12
6 16
7 13
8 17
9 13
10 17
11 14
12 11
13 10
14 15
15 12
16 17

1 14
2 15
3 10
4 12
5 19
6 11
7 14
8 19
9 12
10 20
11 11
12 13
13 17
14 17
15 20
16 14

1 17
2 11
3 10
4 11
5 12
6 16
7 13
8 17
9 13
10 17
11 14
12 11
13 10
14 15
15 12
16 17

1 14
2 15
3 10
4 12
5 19
6 11
7 14
8 19
9 12
10 20
11 11
12 13
13 17
14 17
15 20
16 14

1 17
2 11
3 10
4 11
5 12
6 16
7 13
8 17
9 13
10 17
11 14
12 11
13 10
14 15
15 12
16 17

1 14
2 15
3 10
4 12
5 19
6 11
7 14
8 19
9 12
10 20
11 11
12 13
13 17
14 17
15 20
16 14

1 17
2 11
3 10
4 11
5 12
6 16
7 13
8 17
9 13
10 17
11 14
12 11
13 10
14 15
15 12
16 17

1 14
2 15
3 10
4 12
5 19
6 11
7 14
8 19
9 12
10 20
11 11
12 13
13 17
14 17
15 20
16 14

1 17
2 11
3 10
4 11
5 12
6 16
7 13
8 17
9 13
10 17
11 14
12 11
13 10
14 15
15 12
16 17

1 14
2 15
3 10
4 12
5 19
6 11
7 14
8 19
9 12
10 20
11 11
12 13
13 17
14 17
15 20
16 14

1 17
2 11
3 10
4 11
5 12
6 16
7 13
8 17
9 13
10 17
11 14
12 11
13 10
14 15
15 12
16 17

1 14
2 15
3 10
4 12
5 19
6 11
7 14
8 19
9 12
10 20
11 11
12 13
13 17
14 17
15 20
16 14

1 17
2 11
3 10
4 11
5 12
6 16
7 13
8 17
9 13
10 17
11 14
12 11
13 10
14 15
15 12
16 17

1 14
2 15
3 10
4 12
5 19
6 11
7 14
8 19
9 12
10 20
11 11
12 13
13 17
14 17
15 20
16 14

1 17
2 11
3 10
4 11
5 12
6 16
7 13
8 17
9 13
10 17
11 14
12 11
13 10
14 15
15 12
16 17

1 14
2 15
3 10
4 12
5 19
6 11
7 14
8 19
9 12
10 20
11 11
12 13
13 17
14 17
15 20
16 14

1 17
2 11
3 10
4 11
5 12
6 16
7 13
8 17
9 13
10 17
11 14
12 11
13 10
14 15
15 12
16 17