1 0
2 0
3 0
4 0
5 0
6 0
7 0
8 0

1 20
2 16
3 10
4 16
5 13
6 20
7 10
8 11

1 13
2 13
3 17
4 18
5 11
6 16
7 13
8 13

1 18
2 15
3 14
4 10
5 15
6 12
7 18
8 16

1 20
2 11
3 15
4 19
5 13
6 13
7 20
8 14

1 11
2 12
3 12
4 12
5 15
6 19
7 11
8 11

1 17
2 12
3 12
4 14
5 15
6 12
7 12
8 10

1 20
2 16
3 10
4 16
5 13
6 20
7 10
8 11

1 13
2 13
3 17
4 18
5 11
6 16
7 13
8 13

1 18
2 15
3 14
4 10
5 15
6 12
7 18
8 16

1 20
2 11
3 15
4 19
5 13
6 13
7 20
8 14

1 11
2 12
3 12
4 12
5 15
6 19
7 11
8 11

1 17
2 12
3 12
4 14
5 15
6 12
7 12
8 10

1 20
2 16
3 10
4 16
5 13
6 20
7 10
8 11

1 13
2 13
3 17
4 18
5 11
6 16
7 13
8 13

1 18
2 15
3 14
4 10
5 15
6 12
7 18
8 16

1 20
2 11
3 15
4 19
5 13
6 13
7 20
8 14

1 11
2 12
3 12
4 12
5 15
6 19
7 11
8 11

1 17
2 12
3 12
4 14
5 15
6 12
7 12
8 10

1 20
2 16
3 10
4 16
5 13
6 20
7 10
8 11

1 13
2 13
3 17
4 18
5 11
6 16
7 13
8 13

1 18
2 15
3 14
4 10
5 15
6 12
7 18
8 16

1 20
2 11
3 15
4 19
5 13
6 13
7 20
8 14

1 11
2 12
3 12
4 12
5 15
6 19
7 11
8 11

1 17
2 12
3 12
4 14
5 15
6 12
7 12
8 10

1 20
2 16
3 10
4 16
5 13
6 20
7 10
8 11

1 13
2 13
3 17
4 18
5 11
6 16
7 13
8 13

1 18
2 15
3 14
4 10
5 15
6 12
7 18
8 16

1 20
2 11
3 15
4 19
5 13
6 13
7 20
8 14

1 11
2 12
3 12
4 12
5 15
6 19
7 11
8 11

1 17
2 12
3 12
4 14
5 15
6 12
7 12
8 10

1 20
2 16
3 10
4 16
5 13
6 20
7 10
8 11

1 13
2 13
3 17
4 18
5 11
6 16
7 13
8 13

1 18
2 15
3 14
4 10
5 15
6 12
7 18
8 16

1 20
2 11
3 15
4 19
5 13
6 13
7 20
8 14

1 11
2 12
3 12
4 12
5 15
6 19
7 11
8 11

1 17
2 12
3 12
4 14
5 15
6 12
7 12
8 10

1 20
2 16
3 10
4 16
5 13
6 20
7 10
8 11

1 13
2 13
3 17
4 18
5 11
6 16
7 13
8 13

1 18
2 15
3 14
4 10
5 15
6 12
7 18
8 16

1 20
2 11
3 15
4 19
5 13
6 13
7 20
8 14

1 11
2 12
3 12
4 12
5 15
6 19
7 11
8 11

1 17
2 12
3 12
4 14
5 15
6 12
7 12
8 10

1 20
2 16
3 10
4 16
5 13
6 20
7 10
8 11

1 13
2 13
3 17
4 18
5 11
6 16
7 13
8 13

1 18
2 15
3 14
4 10
5 15
6 12
7 18
8 16

1 20
2 11
3 15
4 19
5 13
6 13
7 20
8 14

1 11
2 12
3 12
4 12
5 15
6 19
7 11
8 11

1 17
2 12
3 12
4 14
5 15
6 12
7 12
8 10

1 20
2 16
3 10
4 16
5 13
6 20
7 10
8 11

1 13
2 13
3 17
4 18
5 11
6 16
7 13
8 13

1 18
2 15
3 14
4 10
5 15
6 12
7 18
8 16

1 20
2 11
3 15
4 19
5 13
6 13
7 20
8 14

1 11
2 12
3 12
4 12
5 15
6 19
7 11
8 11

1 17
2 12
3 12
4 14
5 15
6 12
7 12
8 10

1 20
2 16
3 10
4 16
5 13
6 20
7 10
8 11

1 13
2 13
3 17
4 18
5 11
6 16
7 13
8 13

1 18
2 15
3 14
4 10
5 15
6 12
7 18
8 16

1 20
2 11
3 15
4 19
5 13
6 13
7 20
8 14

1 11
2 12
3 12
4 12
5 15
6 19
7 11
8 11

1 17
2 12
3 12
4 14
5 15
6 12
7 12
8 10