1 0
2 0
3 0
4 0

1 6
2 5
3 0
4 3

1 0
2 6
3 1
4 9

1 0
2 8
3 3
4 3

1 5
2 9
3 1
4 2

1 0
2 4
3 7
4 1

1 4
2 1
3 6
4 1

1 6
2 5
3 0
4 3

1 0
2 6
3 1
4 9

1 0
2 8
3 3
4 3

1 5
2 9
3 1
4 2

1 0
2 4
3 7
4 1

1 4
2 1
3 6
4 1

1 6
2 5
3 0
4 3

1 0
2 6
3 1
4 9

1 0
2 8
3 3
4 3

1 5
2 9
3 1
4 2

1 0
2 4
3 7
4 1

1 4
2 1
3 6
4 1

1 6
2 5
3 0
4 3

1 0
2 6
3 1
4 9

1 0
2 8
3 3
4 3

1 5
2 9
3 1
4 2

1 0
2 4
3 7
4 1

1 4
2 1
3 6
4 1

1 6
2 5
3 0
4 3

1 0
2 6
3 1
4 9

1 0
2 8
3 3
4 3

1 5
2 9
3 1
4 2

1 0
2 4
3 7
4 1

1 4
2 1
3 6
4 1

1 6
2 5
3 0
4 3

1 0
2 6
3 1
4 9

1 0
2 8
3 3
4 3

1 5
2 9
3 1
4 2

1 0
2 4
3 7
4 1

1 4
2 1
3 6
4 1

1 6
2 5
3 0
4 3

1 0
2 6
3 1
4 9

1 0
2 8
3 3
4 3

1 5
2 9
3 1
4 2

1 0
2 4
3 7
4 1

1 4
2 1
3 6
4 1

1 6
2 5
3 0
4 3

1 0
2 6
3 1
4 9

1 0
2 8
3 3
4 3

1 5
2 9
3 1
4 2

1 0
2 4
3 7
4 1

1 4
2 1
3 6
4 1

1 6
2 5
3 0
4 3

1 0
2 6
3 1
4 9

1 0
2 8
3 3
4 3

1 5
2 9
3 1
4 2

1 0
2 4
3 7
4 1

1 4
2 1
3 6
4 1

1 6
2 5
3 0
4 3

1 0
2 6
3 1
4 9

1 0
2 8
3 3
4 3

1 5
2 9
3 1
4 2

1 0
2 4
3 7
4 1

1 4
2 1
3 6
4 1

1 6
2 5
3 0
4 3

1 0
2 6
3 1
4 9

1 0
2 8
3 3
4 3

1 5
2 9
3 1
4 2

1 0
2 4
3 7
4 1

1 4
2 1
3 6
4 1

1 6
2 5
3 0
4 3

1 0
2 6
3 1
4 9

1 0
2 8
3 3
4 3

1 5
2 9
3 1
4 2

1 0
2 4
3 7
4 1

1 4
2 1
3 6
4 1

1 6
2 5
3 0
4 3

1 0
2 6
3 1
4 9

1 0
2 8
3 3
4 3

1 5
2 9
3 1
4 2

1 0
2 4
3 7
4 1

1 4
2 1
3 6
4 1

1 6
2 5
3 0
4 3

1 0
2 6
3 1
4 9

1 0
2 8
3 3
4 3

1 5
2 9
3 1
4 2

1 0
2 4
3 7
4 1

1 4
2 1
3 6
4 1

1 6
2 5
3 0
4 3

1 0
2 6
3 1
4 9

1 0
2 8
3 3
4 3

1 5
2 9
3 1
4 2

1 0
2 4
3 7
4 1

1 4
2 1
3 6
4 1

1 6
2 5
3 0
4 3

1 0
2 6
3 1
4 9

1 0
2 8
3 3
4 3

1 5
2 9
3 1
4 2

1 0
2 4
3 7
4 1

1 4
2 1
3 6
4 1

1 6
2 5
3 0
4 3

1 0
2 6
3 1
4 9

1 0
2 8
3 3
4 3

1 5
2 9
3 1
4 2

1 0
2 4
3 7
4 1

1 4
2 1
3 6
4 1

1 6
2 5
3 0
4 3

1 0
2 6
3 1
4 9

1 0
2 8
3 3
4 3

1 5
2 9
3 1
4 2

1 0
2 4
3 7
4 1

1 4
2 1
3 6
4 1

1 6
2 5
3 0
4 3

1 0
2 6
3 1
4 9

1 0
2 8
3 3
4 3

1 5
2 9
3 1
4 2

1 0
2 4
3 7
4 1

1 4
2 1
3 6
4 1

1 6
2 5
3 0
4 3

1 0
2 6
3 1
4 9

1 0
2 8
3 3
4 3

1 5
2 9
3 1
4 2

1 0
2 4
3 7
4 1

1 4
2 1
3 6
4 1