1 0
2 0
3 0
4 0

1 15
2 20
3 16
4 17

1 13
2 15
3 11
4 10

1 12
2 18
3 18
4 17

1 16
2 16
3 20
4 16

1 15
2 20
3 16
4 17

1 13
2 15
3 11
4 10

1 12
2 18
3 18
4 17

1 16
2 16
3 20
4 16

1 15
2 20
3 16
4 17

1 13
2 15
3 11
4 10

1 12
2 18
3 18
4 17

1 16
2 16
3 20
4 16

1 15
2 20
3 16
4 17

1 13
2 15
3 11
4 10

1 12
2 18
3 18
4 17

1 16
2 16
3 20
4 16

1 15
2 20
3 16
4 17

1 13
2 15
3 11
4 10

1 12
2 18
3 18
4 17

1 16
2 16
3 20
4 16

1 15
2 20
3 16
4 17

1 13
2 15
3 11
4 10

1 12
2 18
3 18
4 17

1 16
2 16
3 20
4 16

1 15
2 20
3 16
4 17

1 13
2 15
3 11
4 10

1 12
2 18
3 18
4 17

1 16
2 16
3 20
4 16

1 15
2 20
3 16
4 17

1 13
2 15
3 11
4 10

1 12
2 18
3 18
4 17

1 16
2 16
3 20
4 16

1 15
2 20
3 16
4 17

1 13
2 15
3 11
4 10

1 12
2 18
3 18
4 17

1 16
2 16
3 20
4 16

1 15
2 20
3 16
4 17

1 13
2 15
3 11
4 10

1 12
2 18
3 18
4 17

1 16
2 16
3 20
4 16

1 15
2 20
3 16
4 17

1 13
2 15
3 11
4 10

1 12
2 18
3 18
4 17

1 16
2 16
3 20
4 16

1 15
2 20
3 16
4 17

1 13
2 15
3 11
4 10

1 12
2 18
3 18
4 17

1 16
2 16
3 20
4 16

1 15
2 20
3 16
4 17

1 13
2 15
3 11
4 10

1 12
2 18
3 18
4 17

1 16
2 16
3 20
4 16

1 15
2 20
3 16
4 17

1 13
2 15
3 11
4 10

1 12
2 18
3 18
4 17

1 16
2 16
3 20
4 16

1 15
2 20
3 16
4 17

1 13
2 15
3 11
4 10

1 12
2 18
3 18
4 17

1 16
2 16
3 20
4 16