1 0
2 0
3 0
4 0
5 0
6 0
7 0
8 0
9 0
10 0
11 0
12 0
13 0
14 0
15 0
16 0

1 11
2 14
3 20
4 19
5 14
6 12
7 18
8 19
9 20
10 13
11 15
12 20
13 15
14 17
15 19
16 17

1 10
2 11
3 13
4 18
5 11
6 10
7 12
8 19
9 17
10 17
11 18
12 18
13 11
14 11
15 19
16 12

1 14
2 19
3 13
4 15
5 13
6 19
7 13
8 14
9 11
10 11
11 18
12 16
13 20
14 16
15 19
16 14

1 15
2 17
3 10
4 12
5 16
6 15
7 12
8 14
9 13
10 18
11 10
12 15
13 18
14 15
15 18
16 18

1 11
2 14
3 20
4 19
5 14
6 12
7 18
8 19
9 20
10 13
11 15
12 20
13 15
14 17
15 19
16 17

1 10
2 11
3 13
4 18
5 11
6 10
7 12
8 19
9 17
10 17
11 18
12 18
13 11
14 11
15 19
16 12

1 14
2 19
3 13
4 15
5 13
6 19
7 13
8 14
9 11
10 11
11 18
12 16
13 20
14 16
15 19
16 14

1 15
2 17
3 10
4 12
5 16
6 15
7 12
8 14
9 13
10 18
11 10
12 15
13 18
14 15
15 18
16 18

1 11
2 14
3 20
4 19
5 14
6 12
7 18
8 19
9 20
10 13
11 15
12 20
13 15
14 17
15 19
16 17

1 10
2 11
3 13
4 18
5 11
6 10
7 12
8 19
9 17
10 17
11 18
12 18
13 11
14 11
15 19
16 12

1 14
2 19
3 13
4 15
5 13
6 19
7 13
8 14
9 11
10 11
11 18
12 16
13 20
14 16
15 19
16 14

1 15
2 17
3 10
4 12
5 16
6 15
7 12
8 14
9 13
10 18
11 10
12 15
13 18
14 15
15 18
16 18

1 11
2 14
3 20
4 19
5 14
6 12
7 18
8 19
9 20
10 13
11 15
12 20
13 15
14 17
15 19
16 17

1 10
2 11
3 13
4 18
5 11
6 10
7 12
8 19
9 17
10 17
11 18
12 18
13 11
14 11
15 19
16 12

1 14
2 19
3 13
4 15
5 13
6 19
7 13
8 14
9 11
10 11
11 18
12 16
13 20
14 16
15 19
16 14

1 15
2 17
3 10
4 12
5 16
6 15
7 12
8 14
9 13
10 18
11 10
12 15
13 18
14 15
15 18
16 18

1 11
2 14
3 20
4 19
5 14
6 12
7 18
8 19
9 20
10 13
11 15
12 20
13 15
14 17
15 19
16 17

1 10
2 11
3 13
4 18
5 11
6 10
7 12
8 19
9 17
10 17
11 18
12 18
13 11
14 11
15 19
16 12

1 14
2 19
3 13
4 15
5 13
6 19
7 13
8 14
9 11
10 11
11 18
12 16
13 20
14 16
15 19
16 14

1 15
2 17
3 10
4 12
5 16
6 15
7 12
8 14
9 13
10 18
11 10
12 15
13 18
14 15
15 18
16 18

1 11
2 14
3 20
4 19
5 14
6 12
7 18
8 19
9 20
10 13
11 15
12 20
13 15
14 17
15 19
16 17

1 10
2 11
3 13
4 18
5 11
6 10
7 12
8 19
9 17
10 17
11 18
12 18
13 11
14 11
15 19
16 12

1 14
2 19
3 13
4 15
5 13
6 19
7 13
8 14
9 11
10 11
11 18
12 16
13 20
14 16
15 19
16 14

1 15
2 17
3 10
4 12
5 16
6 15
7 12
8 14
9 13
10 18
11 10
12 15
13 18
14 15
15 18
16 18

1 11
2 14
3 20
4 19
5 14
6 12
7 18
8 19
9 20
10 13
11 15
12 20
13 15
14 17
15 19
16 17

1 10
2 11
3 13
4 18
5 11
6 10
7 12
8 19
9 17
10 17
11 18
12 18
13 11
14 11
15 19
16 12

1 14
2 19
3 13
4 15
5 13
6 19
7 13
8 14
9 11
10 11
11 18
12 16
13 20
14 16
15 19
16 14

1 15
2 17
3 10
4 12
5 16
6 15
7 12
8 14
9 13
10 18
11 10
12 15
13 18
14 15
15 18
16 18

1 11
2 14
3 20
4 19
5 14
6 12
7 18
8 19
9 20
10 13
11 15
12 20
13 15
14 17
15 19
16 17

1 10
2 11
3 13
4 18
5 11
6 10
7 12
8 19
9 17
10 17
11 18
12 18
13 11
14 11
15 19
16 12

1 14
2 19
3 13
4 15
5 13
6 19
7 13
8 14
9 11
10 11
11 18
12 16
13 20
14 16
15 19
16 14

1 15
2 17
3 10
4 12
5 16
6 15
7 12
8 14
9 13
10 18
11 10
12 15
13 18
14 15
15 18
16 18

1 11
2 14
3 20
4 19
5 14
6 12
7 18
8 19
9 20
10 13
11 15
12 20
13 15
14 17
15 19
16 17

1 10
2 11
3 13
4 18
5 11
6 10
7 12
8 19
9 17
10 17
11 18
12 18
13 11
14 11
15 19
16 12

1 14
2 19
3 13
4 15
5 13
6 19
7 13
8 14
9 11
10 11
11 18
12 16
13 20
14 16
15 19
16 14

1 15
2 17
3 10
4 12
5 16
6 15
7 12
8 14
9 13
10 18
11 10
12 15
13 18
14 15
15 18
16 18

1 11
2 14
3 20
4 19
5 14
6 12
7 18
8 19
9 20
10 13
11 15
12 20
13 15
14 17
15 19
16 17

1 10
2 11
3 13
4 18
5 11
6 10
7 12
8 19
9 17
10 17
11 18
12 18
13 11
14 11
15 19
16 12

1 14
2 19
3 13
4 15
5 13
6 19
7 13
8 14
9 11
10 11
11 18
12 16
13 20
14 16
15 19
16 14

1 15
2 17
3 10
4 12
5 16
6 15
7 12
8 14
9 13
10 18
11 10
12 15
13 18
14 15
15 18
16 18

1 11
2 14
3 20
4 19
5 14
6 12
7 18
8 19
9 20
10 13
11 15
12 20
13 15
14 17
15 19
16 17

1 10
2 11
3 13
4 18
5 11
6 10
7 12
8 19
9 17
10 17
11 18
12 18
13 11
14 11
15 19
16 12

1 14
2 19
3 13
4 15
5 13
6 19
7 13
8 14
9 11
10 11
11 18
12 16
13 20
14 16
15 19
16 14

1 15
2 17
3 10
4 12
5 16
6 15
7 12
8 14
9 13
10 18
11 10
12 15
13 18
14 15
15 18
16 18

1 11
2 14
3 20
4 19
5 14
6 12
7 18
8 19
9 20
10 13
11 15
12 20
13 15
14 17
15 19
16 17

1 10
2 11
3 13
4 18
5 11
6 10
7 12
8 19
9 17
10 17
11 18
12 18
13 11
14 11
15 19
16 12

1 14
2 19
3 13
4 15
5 13
6 19
7 13
8 14
9 11
10 11
11 18
12 16
13 20
14 16
15 19
16 14

1 15
2 17
3 10
4 12
5 16
6 15
7 12
8 14
9 13
10 18
11 10
12 15
13 18
14 15
15 18
16 18

1 11
2 14
3 20
4 19
5 14
6 12
7 18
8 19
9 20
10 13
11 15
12 20
13 15
14 17
15 19
16 17

1 10
2 11
3 13
4 18
5 11
6 10
7 12
8 19
9 17
10 17
11 18
12 18
13 11
14 11
15 19
16 12

1 14
2 19
3 13
4 15
5 13
6 19
7 13
8 14
9 11
10 11
11 18
12 16
13 20
14 16
15 19
16 14

1 15
2 17
3 10
4 12
5 16
6 15
7 12
8 14
9 13
10 18
11 10
12 15
13 18
14 15
15 18
16 18

1 11
2 14
3 20
4 19
5 14
6 12
7 18
8 19
9 20
10 13
11 15
12 20
13 15
14 17
15 19
16 17

1 10
2 11
3 13
4 18
5 11
6 10
7 12
8 19
9 17
10 17
11 18
12 18
13 11
14 11
15 19
16 12

1 14
2 19
3 13
4 15
5 13
6 19
7 13
8 14
9 11
10 11
11 18
12 16
13 20
14 16
15 19
16 14

1 15
2 17
3 10
4 12
5 16
6 15
7 12
8 14
9 13
10 18
11 10
12 15
13 18
14 15
15 18
16 18

1 11
2 14
3 20
4 19
5 14
6 12
7 18
8 19
9 20
10 13
11 15
12 20
13 15
14 17
15 19
16 17

1 10
2 11
3 13
4 18
5 11
6 10
7 12
8 19
9 17
10 17
11 18
12 18
13 11
14 11
15 19
16 12

1 14
2 19
3 13
4 15
5 13
6 19
7 13
8 14
9 11
10 11
11 18
12 16
13 20
14 16
15 19
16 14

1 15
2 17
3 10
4 12
5 16
6 15
7 12
8 14
9 13
10 18
11 10
12 15
13 18
14 15
15 18
16 18