1 0
2 0
3 0
4 0
5 0
6 0
7 0
8 0

1 17
2 13
3 18
4 12
5 19
6 12
7 11
8 12

1 18
2 12
3 14
4 10
5 15
6 12
7 16
8 12

1 17
2 16
3 11
4 20
5 14
6 15
7 20
8 18

1 10
2 14
3 17
4 14
5 18
6 11
7 15
8 18

1 17
2 13
3 18
4 12
5 19
6 12
7 11
8 12

1 18
2 12
3 14
4 10
5 15
6 12
7 16
8 12

1 17
2 16
3 11
4 20
5 14
6 15
7 20
8 18

1 10
2 14
3 17
4 14
5 18
6 11
7 15
8 18

1 17
2 13
3 18
4 12
5 19
6 12
7 11
8 12

1 18
2 12
3 14
4 10
5 15
6 12
7 16
8 12

1 17
2 16
3 11
4 20
5 14
6 15
7 20
8 18

1 10
2 14
3 17
4 14
5 18
6 11
7 15
8 18

1 17
2 13
3 18
4 12
5 19
6 12
7 11
8 12

1 18
2 12
3 14
4 10
5 15
6 12
7 16
8 12

1 17
2 16
3 11
4 20
5 14
6 15
7 20
8 18

1 10
2 14
3 17
4 14
5 18
6 11
7 15
8 18

1 17
2 13
3 18
4 12
5 19
6 12
7 11
8 12

1 18
2 12
3 14
4 10
5 15
6 12
7 16
8 12

1 17
2 16
3 11
4 20
5 14
6 15
7 20
8 18

1 10
2 14
3 17
4 14
5 18
6 11
7 15
8 18

1 17
2 13
3 18
4 12
5 19
6 12
7 11
8 12

1 18
2 12
3 14
4 10
5 15
6 12
7 16
8 12

1 17
2 16
3 11
4 20
5 14
6 15
7 20
8 18

1 10
2 14
3 17
4 14
5 18
6 11
7 15
8 18

1 17
2 13
3 18
4 12
5 19
6 12
7 11
8 12

1 18
2 12
3 14
4 10
5 15
6 12
7 16
8 12

1 17
2 16
3 11
4 20
5 14
6 15
7 20
8 18

1 10
2 14
3 17
4 14
5 18
6 11
7 15
8 18

1 17
2 13
3 18
4 12
5 19
6 12
7 11
8 12

1 18
2 12
3 14
4 10
5 15
6 12
7 16
8 12

1 17
2 16
3 11
4 20
5 14
6 15
7 20
8 18

1 10
2 14
3 17
4 14
5 18
6 11
7 15
8 18

1 17
2 13
3 18
4 12
5 19
6 12
7 11
8 12

1 18
2 12
3 14
4 10
5 15
6 12
7 16
8 12

1 17
2 16
3 11
4 20
5 14
6 15
7 20
8 18

1 10
2 14
3 17
4 14
5 18
6 11
7 15
8 18

1 17
2 13
3 18
4 12
5 19
6 12
7 11
8 12

1 18
2 12
3 14
4 10
5 15
6 12
7 16
8 12

1 17
2 16
3 11
4 20
5 14
6 15
7 20
8 18

1 10
2 14
3 17
4 14
5 18
6 11
7 15
8 18

1 17
2 13
3 18
4 12
5 19
6 12
7 11
8 12

1 18
2 12
3 14
4 10
5 15
6 12
7 16
8 12

1 17
2 16
3 11
4 20
5 14
6 15
7 20
8 18

1 10
2 14
3 17
4 14
5 18
6 11
7 15
8 18

1 17
2 13
3 18
4 12
5 19
6 12
7 11
8 12

1 18
2 12
3 14
4 10
5 15
6 12
7 16
8 12

1 17
2 16
3 11
4 20
5 14
6 15
7 20
8 18

1 10
2 14
3 17
4 14
5 18
6 11
7 15
8 18

1 17
2 13
3 18
4 12
5 19
6 12
7 11
8 12

1 18
2 12
3 14
4 10
5 15
6 12
7 16
8 12

1 17
2 16
3 11
4 20
5 14
6 15
7 20
8 18

1 10
2 14
3 17
4 14
5 18
6 11
7 15
8 18

1 17
2 13
3 18
4 12
5 19
6 12
7 11
8 12

1 18
2 12
3 14
4 10
5 15
6 12
7 16
8 12

1 17
2 16
3 11
4 20
5 14
6 15
7 20
8 18

1 10
2 14
3 17
4 14
5 18
6 11
7 15
8 18

1 17
2 13
3 18
4 12
5 19
6 12
7 11
8 12

1 18
2 12
3 14
4 10
5 15
6 12
7 16
8 12

1 17
2 16
3 11
4 20
5 14
6 15
7 20
8 18

1 10
2 14
3 17
4 14
5 18
6 11
7 15
8 18

1 17
2 13
3 18
4 12
5 19
6 12
7 11
8 12

1 18
2 12
3 14
4 10
5 15
6 12
7 16
8 12

1 17
2 16
3 11
4 20
5 14
6 15
7 20
8 18

1 10
2 14
3 17
4 14
5 18
6 11
7 15
8 18

1 17
2 13
3 18
4 12
5 19
6 12
7 11
8 12

1 18
2 12
3 14
4 10
5 15
6 12
7 16
8 12

1 17
2 16
3 11
4 20
5 14
6 15
7 20
8 18

1 10
2 14
3 17
4 14
5 18
6 11
7 15
8 18

1 17
2 13
3 18
4 12
5 19
6 12
7 11
8 12

1 18
2 12
3 14
4 10
5 15
6 12
7 16
8 12

1 17
2 16
3 11
4 20
5 14
6 15
7 20
8 18

1 10
2 14
3 17
4 14
5 18
6 11
7 15
8 18

1 17
2 13
3 18
4 12
5 19
6 12
7 11
8 12

1 18
2 12
3 14
4 10
5 15
6 12
7 16
8 12

1 17
2 16
3 11
4 20
5 14
6 15
7 20
8 18

1 10
2 14
3 17
4 14
5 18
6 11
7 15
8 18

1 17
2 13
3 18
4 12
5 19
6 12
7 11
8 12

1 18
2 12
3 14
4 10
5 15
6 12
7 16
8 12

1 17
2 16
3 11
4 20
5 14
6 15
7 20
8 18

1 10
2 14
3 17
4 14
5 18
6 11
7 15
8 18