1 0
2 0
3 0
4 0
5 0
6 0
7 0
8 0

1 3
2 3
3 5
4 2
5 3
6 8
7 1
8 0

1 5
2 4
3 4
4 4
5 9
6 6
7 6
8 2

1 0
2 0
3 0
4 7
5 7
6 1
7 1
8 5

1 5
2 4
3 3
4 9
5 8
6 4
7 8
8 5

1 3
2 3
3 5
4 2
5 3
6 8
7 1
8 0

1 5
2 4
3 4
4 4
5 9
6 6
7 6
8 2

1 0
2 0
3 0
4 7
5 7
6 1
7 1
8 5

1 5
2 4
3 3
4 9
5 8
6 4
7 8
8 5

1 3
2 3
3 5
4 2
5 3
6 8
7 1
8 0

1 5
2 4
3 4
4 4
5 9
6 6
7 6
8 2

1 0
2 0
3 0
4 7
5 7
6 1
7 1
8 5

1 5
2 4
3 3
4 9
5 8
6 4
7 8
8 5

1 3
2 3
3 5
4 2
5 3
6 8
7 1
8 0

1 5
2 4
3 4
4 4
5 9
6 6
7 6
8 2

1 0
2 0
3 0
4 7
5 7
6 1
7 1
8 5

1 5
2 4
3 3
4 9
5 8
6 4
7 8
8 5

1 3
2 3
3 5
4 2
5 3
6 8
7 1
8 0

1 5
2 4
3 4
4 4
5 9
6 6
7 6
8 2

1 0
2 0
3 0
4 7
5 7
6 1
7 1
8 5

1 5
2 4
3 3
4 9
5 8
6 4
7 8
8 5

1 3
2 3
3 5
4 2
5 3
6 8
7 1
8 0

1 5
2 4
3 4
4 4
5 9
6 6
7 6
8 2

1 0
2 0
3 0
4 7
5 7
6 1
7 1
8 5

1 5
2 4
3 3
4 9
5 8
6 4
7 8
8 5

1 3
2 3
3 5
4 2
5 3
6 8
7 1
8 0

1 5
2 4
3 4
4 4
5 9
6 6
7 6
8 2

1 0
2 0
3 0
4 7
5 7
6 1
7 1
8 5

1 5
2 4
3 3
4 9
5 8
6 4
7 8
8 5

1 3
2 3
3 5
4 2
5 3
6 8
7 1
8 0

1 5
2 4
3 4
4 4
5 9
6 6
7 6
8 2

1 0
2 0
3 0
4 7
5 7
6 1
7 1
8 5

1 5
2 4
3 3
4 9
5 8
6 4
7 8
8 5

1 3
2 3
3 5
4 2
5 3
6 8
7 1
8 0

1 5
2 4
3 4
4 4
5 9
6 6
7 6
8 2

1 0
2 0
3 0
4 7
5 7
6 1
7 1
8 5

1 5
2 4
3 3
4 9
5 8
6 4
7 8
8 5

1 3
2 3
3 5
4 2
5 3
6 8
7 1
8 0

1 5
2 4
3 4
4 4
5 9
6 6
7 6
8 2

1 0
2 0
3 0
4 7
5 7
6 1
7 1
8 5

1 5
2 4
3 3
4 9
5 8
6 4
7 8
8 5