1 0
2 0
3 0
4 0
5 0
6 0
7 0
8 0

1 14
2 20
3 20
4 20
5 19
6 15
7 20
8 11

1 10
2 19
3 11
4 11
5 18
6 16
7 15
8 10

1 20
2 12
3 10
4 14
5 18
6 15
7 12
8 14

1 16
2 18
3 18
4 20
5 10
6 17
7 20
8 18

1 14
2 20
3 20
4 20
5 19
6 15
7 20
8 11

1 10
2 19
3 11
4 11
5 18
6 16
7 15
8 10

1 20
2 12
3 10
4 14
5 18
6 15
7 12
8 14

1 16
2 18
3 18
4 20
5 10
6 17
7 20
8 18

1 14
2 20
3 20
4 20
5 19
6 15
7 20
8 11

1 10
2 19
3 11
4 11
5 18
6 16
7 15
8 10

1 20
2 12
3 10
4 14
5 18
6 15
7 12
8 14

1 16
2 18
3 18
4 20
5 10
6 17
7 20
8 18

1 14
2 20
3 20
4 20
5 19
6 15
7 20
8 11

1 10
2 19
3 11
4 11
5 18
6 16
7 15
8 10

1 20
2 12
3 10
4 14
5 18
6 15
7 12
8 14

1 16
2 18
3 18
4 20
5 10
6 17
7 20
8 18

1 14
2 20
3 20
4 20
5 19
6 15
7 20
8 11

1 10
2 19
3 11
4 11
5 18
6 16
7 15
8 10

1 20
2 12
3 10
4 14
5 18
6 15
7 12
8 14

1 16
2 18
3 18
4 20
5 10
6 17
7 20
8 18

1 14
2 20
3 20
4 20
5 19
6 15
7 20
8 11

1 10
2 19
3 11
4 11
5 18
6 16
7 15
8 10

1 20
2 12
3 10
4 14
5 18
6 15
7 12
8 14

1 16
2 18
3 18
4 20
5 10
6 17
7 20
8 18

1 14
2 20
3 20
4 20
5 19
6 15
7 20
8 11

1 10
2 19
3 11
4 11
5 18
6 16
7 15
8 10

1 20
2 12
3 10
4 14
5 18
6 15
7 12
8 14

1 16
2 18
3 18
4 20
5 10
6 17
7 20
8 18

1 14
2 20
3 20
4 20
5 19
6 15
7 20
8 11

1 10
2 19
3 11
4 11
5 18
6 16
7 15
8 10

1 20
2 12
3 10
4 14
5 18
6 15
7 12
8 14

1 16
2 18
3 18
4 20
5 10
6 17
7 20
8 18

1 14
2 20
3 20
4 20
5 19
6 15
7 20
8 11

1 10
2 19
3 11
4 11
5 18
6 16
7 15
8 10

1 20
2 12
3 10
4 14
5 18
6 15
7 12
8 14

1 16
2 18
3 18
4 20
5 10
6 17
7 20
8 18

1 14
2 20
3 20
4 20
5 19
6 15
7 20
8 11

1 10
2 19
3 11
4 11
5 18
6 16
7 15
8 10

1 20
2 12
3 10
4 14
5 18
6 15
7 12
8 14

1 16
2 18
3 18
4 20
5 10
6 17
7 20
8 18

1 14
2 20
3 20
4 20
5 19
6 15
7 20
8 11

1 10
2 19
3 11
4 11
5 18
6 16
7 15
8 10

1 20
2 12
3 10
4 14
5 18
6 15
7 12
8 14

1 16
2 18
3 18
4 20
5 10
6 17
7 20
8 18

1 14
2 20
3 20
4 20
5 19
6 15
7 20
8 11

1 10
2 19
3 11
4 11
5 18
6 16
7 15
8 10

1 20
2 12
3 10
4 14
5 18
6 15
7 12
8 14

1 16
2 18
3 18
4 20
5 10
6 17
7 20
8 18

1 14
2 20
3 20
4 20
5 19
6 15
7 20
8 11

1 10
2 19
3 11
4 11
5 18
6 16
7 15
8 10

1 20
2 12
3 10
4 14
5 18
6 15
7 12
8 14

1 16
2 18
3 18
4 20
5 10
6 17
7 20
8 18

1 14
2 20
3 20
4 20
5 19
6 15
7 20
8 11

1 10
2 19
3 11
4 11
5 18
6 16
7 15
8 10

1 20
2 12
3 10
4 14
5 18
6 15
7 12
8 14

1 16
2 18
3 18
4 20
5 10
6 17
7 20
8 18

1 14
2 20
3 20
4 20
5 19
6 15
7 20
8 11

1 10
2 19
3 11
4 11
5 18
6 16
7 15
8 10

1 20
2 12
3 10
4 14
5 18
6 15
7 12
8 14

1 16
2 18
3 18
4 20
5 10
6 17
7 20
8 18