1 0
2 0
3 0
4 0

1 15
2 12
3 19
4 11

1 14
2 10
3 16
4 16

1 15
2 17
3 14
4 19

1 16
2 16
3 16
4 10

1 11
2 20
3 16
4 11

1 11
2 16
3 13
4 16

1 15
2 12
3 19
4 11

1 14
2 10
3 16
4 16

1 15
2 17
3 14
4 19

1 16
2 16
3 16
4 10

1 11
2 20
3 16
4 11

1 11
2 16
3 13
4 16

1 15
2 12
3 19
4 11

1 14
2 10
3 16
4 16

1 15
2 17
3 14
4 19

1 16
2 16
3 16
4 10

1 11
2 20
3 16
4 11

1 11
2 16
3 13
4 16

1 15
2 12
3 19
4 11

1 14
2 10
3 16
4 16

1 15
2 17
3 14
4 19

1 16
2 16
3 16
4 10

1 11
2 20
3 16
4 11

1 11
2 16
3 13
4 16

1 15
2 12
3 19
4 11

1 14
2 10
3 16
4 16

1 15
2 17
3 14
4 19

1 16
2 16
3 16
4 10

1 11
2 20
3 16
4 11

1 11
2 16
3 13
4 16

1 15
2 12
3 19
4 11

1 14
2 10
3 16
4 16

1 15
2 17
3 14
4 19

1 16
2 16
3 16
4 10

1 11
2 20
3 16
4 11

1 11
2 16
3 13
4 16

1 15
2 12
3 19
4 11

1 14
2 10
3 16
4 16

1 15
2 17
3 14
4 19

1 16
2 16
3 16
4 10

1 11
2 20
3 16
4 11

1 11
2 16
3 13
4 16

1 15
2 12
3 19
4 11

1 14
2 10
3 16
4 16

1 15
2 17
3 14
4 19

1 16
2 16
3 16
4 10

1 11
2 20
3 16
4 11

1 11
2 16
3 13
4 16

1 15
2 12
3 19
4 11

1 14
2 10
3 16
4 16

1 15
2 17
3 14
4 19

1 16
2 16
3 16
4 10

1 11
2 20
3 16
4 11

1 11
2 16
3 13
4 16

1 15
2 12
3 19
4 11

1 14
2 10
3 16
4 16

1 15
2 17
3 14
4 19

1 16
2 16
3 16
4 10

1 11
2 20
3 16
4 11

1 11
2 16
3 13
4 16