1 0
2 0
3 0
4 0

1 16
2 13
3 17
4 12

1 13
2 19
3 11
4 16

1 16
2 13
3 17
4 12

1 13
2 19
3 11
4 16

1 16
2 13
3 17
4 12

1 13
2 19
3 11
4 16

1 16
2 13
3 17
4 12

1 13
2 19
3 11
4 16

1 16
2 13
3 17
4 12

1 13
2 19
3 11
4 16

1 16
2 13
3 17
4 12

1 13
2 19
3 11
4 16

1 16
2 13
3 17
4 12

1 13
2 19
3 11
4 16

1 16
2 13
3 17
4 12

1 13
2 19
3 11
4 16

1 16
2 13
3 17
4 12

1 13
2 19
3 11
4 16

1 16
2 13
3 17
4 12

1 13
2 19
3 11
4 16

1 16
2 13
3 17
4 12

1 13
2 19
3 11
4 16

1 16
2 13
3 17
4 12

1 13
2 19
3 11
4 16

1 16
2 13
3 17
4 12

1 13
2 19
3 11
4 16

1 16
2 13
3 17
4 12

1 13
2 19
3 11
4 16

1 16
2 13
3 17
4 12

1 13
2 19
3 11
4 16