1 0
2 0
3 0
4 0
5 0
6 0
7 0
8 0

1 4
2 2
3 8
4 3
5 3
6 1
7 1
8 6

1 8
2 6
3 2
4 9
5 4
6 6
7 7
8 7

1 4
2 2
3 8
4 3
5 3
6 1
7 1
8 6

1 8
2 6
3 2
4 9
5 4
6 6
7 7
8 7

1 4
2 2
3 8
4 3
5 3
6 1
7 1
8 6

1 8
2 6
3 2
4 9
5 4
6 6
7 7
8 7

1 4
2 2
3 8
4 3
5 3
6 1
7 1
8 6

1 8
2 6
3 2
4 9
5 4
6 6
7 7
8 7

1 4
2 2
3 8
4 3
5 3
6 1
7 1
8 6

1 8
2 6
3 2
4 9
5 4
6 6
7 7
8 7

1 4
2 2
3 8
4 3
5 3
6 1
7 1
8 6

1 8
2 6
3 2
4 9
5 4
6 6
7 7
8 7

1 4
2 2
3 8
4 3
5 3
6 1
7 1
8 6

1 8
2 6
3 2
4 9
5 4
6 6
7 7
8 7

1 4
2 2
3 8
4 3
5 3
6 1
7 1
8 6

1 8
2 6
3 2
4 9
5 4
6 6
7 7
8 7

1 4
2 2
3 8
4 3
5 3
6 1
7 1
8 6

1 8
2 6
3 2
4 9
5 4
6 6
7 7
8 7

1 4
2 2
3 8
4 3
5 3
6 1
7 1
8 6

1 8
2 6
3 2
4 9
5 4
6 6
7 7
8 7

1 4
2 2
3 8
4 3
5 3
6 1
7 1
8 6

1 8
2 6
3 2
4 9
5 4
6 6
7 7
8 7

1 4
2 2
3 8
4 3
5 3
6 1
7 1
8 6

1 8
2 6
3 2
4 9
5 4
6 6
7 7
8 7

1 4
2 2
3 8
4 3
5 3
6 1
7 1
8 6

1 8
2 6
3 2
4 9
5 4
6 6
7 7
8 7

1 4
2 2
3 8
4 3
5 3
6 1
7 1
8 6

1 8
2 6
3 2
4 9
5 4
6 6
7 7
8 7

1 4
2 2
3 8
4 3
5 3
6 1
7 1
8 6

1 8
2 6
3 2
4 9
5 4
6 6
7 7
8 7

1 4
2 2
3 8
4 3
5 3
6 1
7 1
8 6

1 8
2 6
3 2
4 9
5 4
6 6
7 7
8 7

1 4
2 2
3 8
4 3
5 3
6 1
7 1
8 6

1 8
2 6
3 2
4 9
5 4
6 6
7 7
8 7

1 4
2 2
3 8
4 3
5 3
6 1
7 1
8 6

1 8
2 6
3 2
4 9
5 4
6 6
7 7
8 7

1 4
2 2
3 8
4 3
5 3
6 1
7 1
8 6

1 8
2 6
3 2
4 9
5 4
6 6
7 7
8 7

1 4
2 2
3 8
4 3
5 3
6 1
7 1
8 6

1 8
2 6
3 2
4 9
5 4
6 6
7 7
8 7