1 0
2 0
3 0
4 0
5 0
6 0
7 0
8 0

1 13
2 18
3 19
4 18
5 13
6 12
7 17
8 19

1 20
2 16
3 19
4 17
5 15
6 14
7 17
8 12

1 13
2 18
3 19
4 18
5 13
6 12
7 17
8 19

1 20
2 16
3 19
4 17
5 15
6 14
7 17
8 12

1 13
2 18
3 19
4 18
5 13
6 12
7 17
8 19

1 20
2 16
3 19
4 17
5 15
6 14
7 17
8 12

1 13
2 18
3 19
4 18
5 13
6 12
7 17
8 19

1 20
2 16
3 19
4 17
5 15
6 14
7 17
8 12

1 13
2 18
3 19
4 18
5 13
6 12
7 17
8 19

1 20
2 16
3 19
4 17
5 15
6 14
7 17
8 12

1 13
2 18
3 19
4 18
5 13
6 12
7 17
8 19

1 20
2 16
3 19
4 17
5 15
6 14
7 17
8 12

1 13
2 18
3 19
4 18
5 13
6 12
7 17
8 19

1 20
2 16
3 19
4 17
5 15
6 14
7 17
8 12

1 13
2 18
3 19
4 18
5 13
6 12
7 17
8 19

1 20
2 16
3 19
4 17
5 15
6 14
7 17
8 12

1 13
2 18
3 19
4 18
5 13
6 12
7 17
8 19

1 20
2 16
3 19
4 17
5 15
6 14
7 17
8 12

1 13
2 18
3 19
4 18
5 13
6 12
7 17
8 19

1 20
2 16
3 19
4 17
5 15
6 14
7 17
8 12

1 13
2 18
3 19
4 18
5 13
6 12
7 17
8 19

1 20
2 16
3 19
4 17
5 15
6 14
7 17
8 12

1 13
2 18
3 19
4 18
5 13
6 12
7 17
8 19

1 20
2 16
3 19
4 17
5 15
6 14
7 17
8 12

1 13
2 18
3 19
4 18
5 13
6 12
7 17
8 19

1 20
2 16
3 19
4 17
5 15
6 14
7 17
8 12

1 13
2 18
3 19
4 18
5 13
6 12
7 17
8 19

1 20
2 16
3 19
4 17
5 15
6 14
7 17
8 12

1 13
2 18
3 19
4 18
5 13
6 12
7 17
8 19

1 20
2 16
3 19
4 17
5 15
6 14
7 17
8 12