1 0
2 0
3 0
4 0
5 0
6 0
7 0
8 0
9 0
10 0
11 0
12 0
13 0
14 0
15 0
16 0

1 2
2 1
3 4
4 4
5 6
6 8
7 9
8 6
9 5
10 3
11 7
12 1
13 3
14 6
15 7
16 7

1 6
2 1
3 8
4 4
5 9
6 2
7 2
8 2
9 6
10 2
11 9
12 8
13 1
14 3
15 1
16 7

1 2
2 1
3 4
4 4
5 6
6 8
7 9
8 6
9 5
10 3
11 7
12 1
13 3
14 6
15 7
16 7

1 6
2 1
3 8
4 4
5 9
6 2
7 2
8 2
9 6
10 2
11 9
12 8
13 1
14 3
15 1
16 7

1 2
2 1
3 4
4 4
5 6
6 8
7 9
8 6
9 5
10 3
11 7
12 1
13 3
14 6
15 7
16 7

1 6
2 1
3 8
4 4
5 9
6 2
7 2
8 2
9 6
10 2
11 9
12 8
13 1
14 3
15 1
16 7

1 2
2 1
3 4
4 4
5 6
6 8
7 9
8 6
9 5
10 3
11 7
12 1
13 3
14 6
15 7
16 7

1 6
2 1
3 8
4 4
5 9
6 2
7 2
8 2
9 6
10 2
11 9
12 8
13 1
14 3
15 1
16 7

1 2
2 1
3 4
4 4
5 6
6 8
7 9
8 6
9 5
10 3
11 7
12 1
13 3
14 6
15 7
16 7

1 6
2 1
3 8
4 4
5 9
6 2
7 2
8 2
9 6
10 2
11 9
12 8
13 1
14 3
15 1
16 7

1 2
2 1
3 4
4 4
5 6
6 8
7 9
8 6
9 5
10 3
11 7
12 1
13 3
14 6
15 7
16 7

1 6
2 1
3 8
4 4
5 9
6 2
7 2
8 2
9 6
10 2
11 9
12 8
13 1
14 3
15 1
16 7

1 2
2 1
3 4
4 4
5 6
6 8
7 9
8 6
9 5
10 3
11 7
12 1
13 3
14 6
15 7
16 7

1 6
2 1
3 8
4 4
5 9
6 2
7 2
8 2
9 6
10 2
11 9
12 8
13 1
14 3
15 1
16 7

1 2
2 1
3 4
4 4
5 6
6 8
7 9
8 6
9 5
10 3
11 7
12 1
13 3
14 6
15 7
16 7

1 6
2 1
3 8
4 4
5 9
6 2
7 2
8 2
9 6
10 2
11 9
12 8
13 1
14 3
15 1
16 7

1 2
2 1
3 4
4 4
5 6
6 8
7 9
8 6
9 5
10 3
11 7
12 1
13 3
14 6
15 7
16 7

1 6
2 1
3 8
4 4
5 9
6 2
7 2
8 2
9 6
10 2
11 9
12 8
13 1
14 3
15 1
16 7

1 2
2 1
3 4
4 4
5 6
6 8
7 9
8 6
9 5
10 3
11 7
12 1
13 3
14 6
15 7
16 7

1 6
2 1
3 8
4 4
5 9
6 2
7 2
8 2
9 6
10 2
11 9
12 8
13 1
14 3
15 1
16 7