1 0
2 0
3 0
4 0
5 0
6 0
7 0
8 0
9 0
10 0
11 0
12 0
13 0
14 0
15 0
16 0

1 3
2 1
3 5
4 0
5 8
6 7
7 3
8 0
9 8
10 2
11 6
12 1
13 6
14 8
15 9
16 5

1 9
2 5
3 0
4 6
5 5
6 3
7 4
8 3
9 8
10 9
11 7
12 3
13 5
14 0
15 7
16 9

1 0
2 1
3 3
4 9
5 7
6 1
7 6
8 4
9 8
10 9
11 0
12 5
13 0
14 4
15 9
16 6

1 1
2 5
3 5
4 7
5 1
6 7
7 8
8 2
9 2
10 9
11 1
12 2
13 5
14 4
15 7
16 2

1 3
2 1
3 5
4 0
5 8
6 7
7 3
8 0
9 8
10 2
11 6
12 1
13 6
14 8
15 9
16 5

1 9
2 5
3 0
4 6
5 5
6 3
7 4
8 3
9 8
10 9
11 7
12 3
13 5
14 0
15 7
16 9

1 0
2 1
3 3
4 9
5 7
6 1
7 6
8 4
9 8
10 9
11 0
12 5
13 0
14 4
15 9
16 6

1 1
2 5
3 5
4 7
5 1
6 7
7 8
8 2
9 2
10 9
11 1
12 2
13 5
14 4
15 7
16 2

1 3
2 1
3 5
4 0
5 8
6 7
7 3
8 0
9 8
10 2
11 6
12 1
13 6
14 8
15 9
16 5

1 9
2 5
3 0
4 6
5 5
6 3
7 4
8 3
9 8
10 9
11 7
12 3
13 5
14 0
15 7
16 9

1 0
2 1
3 3
4 9
5 7
6 1
7 6
8 4
9 8
10 9
11 0
12 5
13 0
14 4
15 9
16 6

1 1
2 5
3 5
4 7
5 1
6 7
7 8
8 2
9 2
10 9
11 1
12 2
13 5
14 4
15 7
16 2

1 3
2 1
3 5
4 0
5 8
6 7
7 3
8 0
9 8
10 2
11 6
12 1
13 6
14 8
15 9
16 5

1 9
2 5
3 0
4 6
5 5
6 3
7 4
8 3
9 8
10 9
11 7
12 3
13 5
14 0
15 7
16 9

1 0
2 1
3 3
4 9
5 7
6 1
7 6
8 4
9 8
10 9
11 0
12 5
13 0
14 4
15 9
16 6

1 1
2 5
3 5
4 7
5 1
6 7
7 8
8 2
9 2
10 9
11 1
12 2
13 5
14 4
15 7
16 2

1 3
2 1
3 5
4 0
5 8
6 7
7 3
8 0
9 8
10 2
11 6
12 1
13 6
14 8
15 9
16 5

1 9
2 5
3 0
4 6
5 5
6 3
7 4
8 3
9 8
10 9
11 7
12 3
13 5
14 0
15 7
16 9

1 0
2 1
3 3
4 9
5 7
6 1
7 6
8 4
9 8
10 9
11 0
12 5
13 0
14 4
15 9
16 6

1 1
2 5
3 5
4 7
5 1
6 7
7 8
8 2
9 2
10 9
11 1
12 2
13 5
14 4
15 7
16 2

1 3
2 1
3 5
4 0
5 8
6 7
7 3
8 0
9 8
10 2
11 6
12 1
13 6
14 8
15 9
16 5

1 9
2 5
3 0
4 6
5 5
6 3
7 4
8 3
9 8
10 9
11 7
12 3
13 5
14 0
15 7
16 9

1 0
2 1
3 3
4 9
5 7
6 1
7 6
8 4
9 8
10 9
11 0
12 5
13 0
14 4
15 9
16 6

1 1
2 5
3 5
4 7
5 1
6 7
7 8
8 2
9 2
10 9
11 1
12 2
13 5
14 4
15 7
16 2

1 3
2 1
3 5
4 0
5 8
6 7
7 3
8 0
9 8
10 2
11 6
12 1
13 6
14 8
15 9
16 5

1 9
2 5
3 0
4 6
5 5
6 3
7 4
8 3
9 8
10 9
11 7
12 3
13 5
14 0
15 7
16 9

1 0
2 1
3 3
4 9
5 7
6 1
7 6
8 4
9 8
10 9
11 0
12 5
13 0
14 4
15 9
16 6

1 1
2 5
3 5
4 7
5 1
6 7
7 8
8 2
9 2
10 9
11 1
12 2
13 5
14 4
15 7
16 2

1 3
2 1
3 5
4 0
5 8
6 7
7 3
8 0
9 8
10 2
11 6
12 1
13 6
14 8
15 9
16 5

1 9
2 5
3 0
4 6
5 5
6 3
7 4
8 3
9 8
10 9
11 7
12 3
13 5
14 0
15 7
16 9

1 0
2 1
3 3
4 9
5 7
6 1
7 6
8 4
9 8
10 9
11 0
12 5
13 0
14 4
15 9
16 6

1 1
2 5
3 5
4 7
5 1
6 7
7 8
8 2
9 2
10 9
11 1
12 2
13 5
14 4
15 7
16 2

1 3
2 1
3 5
4 0
5 8
6 7
7 3
8 0
9 8
10 2
11 6
12 1
13 6
14 8
15 9
16 5

1 9
2 5
3 0
4 6
5 5
6 3
7 4
8 3
9 8
10 9
11 7
12 3
13 5
14 0
15 7
16 9

1 0
2 1
3 3
4 9
5 7
6 1
7 6
8 4
9 8
10 9
11 0
12 5
13 0
14 4
15 9
16 6

1 1
2 5
3 5
4 7
5 1
6 7
7 8
8 2
9 2
10 9
11 1
12 2
13 5
14 4
15 7
16 2

1 3
2 1
3 5
4 0
5 8
6 7
7 3
8 0
9 8
10 2
11 6
12 1
13 6
14 8
15 9
16 5

1 9
2 5
3 0
4 6
5 5
6 3
7 4
8 3
9 8
10 9
11 7
12 3
13 5
14 0
15 7
16 9

1 0
2 1
3 3
4 9
5 7
6 1
7 6
8 4
9 8
10 9
11 0
12 5
13 0
14 4
15 9
16 6

1 1
2 5
3 5
4 7
5 1
6 7
7 8
8 2
9 2
10 9
11 1
12 2
13 5
14 4
15 7
16 2