1 0
2 0
3 0
4 0

1 14
2 20
3 16
4 19

1 19
2 17
3 12
4 14

1 17
2 17
3 19
4 20

1 19
2 16
3 20
4 13

1 13
2 11
3 16
4 13

1 18
2 19
3 15
4 14

1 14
2 20
3 16
4 19

1 19
2 17
3 12
4 14

1 17
2 17
3 19
4 20

1 19
2 16
3 20
4 13

1 13
2 11
3 16
4 13

1 18
2 19
3 15
4 14

1 14
2 20
3 16
4 19

1 19
2 17
3 12
4 14

1 17
2 17
3 19
4 20

1 19
2 16
3 20
4 13

1 13
2 11
3 16
4 13

1 18
2 19
3 15
4 14

1 14
2 20
3 16
4 19

1 19
2 17
3 12
4 14

1 17
2 17
3 19
4 20

1 19
2 16
3 20
4 13

1 13
2 11
3 16
4 13

1 18
2 19
3 15
4 14

1 14
2 20
3 16
4 19

1 19
2 17
3 12
4 14

1 17
2 17
3 19
4 20

1 19
2 16
3 20
4 13

1 13
2 11
3 16
4 13

1 18
2 19
3 15
4 14

1 14
2 20
3 16
4 19

1 19
2 17
3 12
4 14

1 17
2 17
3 19
4 20

1 19
2 16
3 20
4 13

1 13
2 11
3 16
4 13

1 18
2 19
3 15
4 14

1 14
2 20
3 16
4 19

1 19
2 17
3 12
4 14

1 17
2 17
3 19
4 20

1 19
2 16
3 20
4 13

1 13
2 11
3 16
4 13

1 18
2 19
3 15
4 14

1 14
2 20
3 16
4 19

1 19
2 17
3 12
4 14

1 17
2 17
3 19
4 20

1 19
2 16
3 20
4 13

1 13
2 11
3 16
4 13

1 18
2 19
3 15
4 14

1 14
2 20
3 16
4 19

1 19
2 17
3 12
4 14

1 17
2 17
3 19
4 20

1 19
2 16
3 20
4 13

1 13
2 11
3 16
4 13

1 18
2 19
3 15
4 14

1 14
2 20
3 16
4 19

1 19
2 17
3 12
4 14

1 17
2 17
3 19
4 20

1 19
2 16
3 20
4 13

1 13
2 11
3 16
4 13

1 18
2 19
3 15
4 14

1 14
2 20
3 16
4 19

1 19
2 17
3 12
4 14

1 17
2 17
3 19
4 20

1 19
2 16
3 20
4 13

1 13
2 11
3 16
4 13

1 18
2 19
3 15
4 14

1 14
2 20
3 16
4 19

1 19
2 17
3 12
4 14

1 17
2 17
3 19
4 20

1 19
2 16
3 20
4 13

1 13
2 11
3 16
4 13

1 18
2 19
3 15
4 14

1 14
2 20
3 16
4 19

1 19
2 17
3 12
4 14

1 17
2 17
3 19
4 20

1 19
2 16
3 20
4 13

1 13
2 11
3 16
4 13

1 18
2 19
3 15
4 14

1 14
2 20
3 16
4 19

1 19
2 17
3 12
4 14

1 17
2 17
3 19
4 20

1 19
2 16
3 20
4 13

1 13
2 11
3 16
4 13

1 18
2 19
3 15
4 14

1 14
2 20
3 16
4 19

1 19
2 17
3 12
4 14

1 17
2 17
3 19
4 20

1 19
2 16
3 20
4 13

1 13
2 11
3 16
4 13

1 18
2 19
3 15
4 14

1 14
2 20
3 16
4 19

1 19
2 17
3 12
4 14

1 17
2 17
3 19
4 20

1 19
2 16
3 20
4 13

1 13
2 11
3 16
4 13

1 18
2 19
3 15
4 14

1 14
2 20
3 16
4 19

1 19
2 17
3 12
4 14

1 17
2 17
3 19
4 20

1 19
2 16
3 20
4 13

1 13
2 11
3 16
4 13

1 18
2 19
3 15
4 14

1 14
2 20
3 16
4 19

1 19
2 17
3 12
4 14

1 17
2 17
3 19
4 20

1 19
2 16
3 20
4 13

1 13
2 11
3 16
4 13

1 18
2 19
3 15
4 14

1 14
2 20
3 16
4 19

1 19
2 17
3 12
4 14

1 17
2 17
3 19
4 20

1 19
2 16
3 20
4 13

1 13
2 11
3 16
4 13

1 18
2 19
3 15
4 14

1 14
2 20
3 16
4 19

1 19
2 17
3 12
4 14

1 17
2 17
3 19
4 20

1 19
2 16
3 20
4 13

1 13
2 11
3 16
4 13

1 18
2 19
3 15
4 14