1 0
2 0
3 0
4 0

1 15
2 13
3 14
4 10

1 12
2 13
3 19
4 18

1 12
2 20
3 19
4 18

1 19
2 18
3 19
4 19

1 12
2 12
3 11
4 17

1 18
2 20
3 19
4 19

1 15
2 13
3 14
4 10

1 12
2 13
3 19
4 18

1 12
2 20
3 19
4 18

1 19
2 18
3 19
4 19

1 12
2 12
3 11
4 17

1 18
2 20
3 19
4 19

1 15
2 13
3 14
4 10

1 12
2 13
3 19
4 18

1 12
2 20
3 19
4 18

1 19
2 18
3 19
4 19

1 12
2 12
3 11
4 17

1 18
2 20
3 19
4 19

1 15
2 13
3 14
4 10

1 12
2 13
3 19
4 18

1 12
2 20
3 19
4 18

1 19
2 18
3 19
4 19

1 12
2 12
3 11
4 17

1 18
2 20
3 19
4 19

1 15
2 13
3 14
4 10

1 12
2 13
3 19
4 18

1 12
2 20
3 19
4 18

1 19
2 18
3 19
4 19

1 12
2 12
3 11
4 17

1 18
2 20
3 19
4 19

1 15
2 13
3 14
4 10

1 12
2 13
3 19
4 18

1 12
2 20
3 19
4 18

1 19
2 18
3 19
4 19

1 12
2 12
3 11
4 17

1 18
2 20
3 19
4 19

1 15
2 13
3 14
4 10

1 12
2 13
3 19
4 18

1 12
2 20
3 19
4 18

1 19
2 18
3 19
4 19

1 12
2 12
3 11
4 17

1 18
2 20
3 19
4 19

1 15
2 13
3 14
4 10

1 12
2 13
3 19
4 18

1 12
2 20
3 19
4 18

1 19
2 18
3 19
4 19

1 12
2 12
3 11
4 17

1 18
2 20
3 19
4 19

1 15
2 13
3 14
4 10

1 12
2 13
3 19
4 18

1 12
2 20
3 19
4 18

1 19
2 18
3 19
4 19

1 12
2 12
3 11
4 17

1 18
2 20
3 19
4 19

1 15
2 13
3 14
4 10

1 12
2 13
3 19
4 18

1 12
2 20
3 19
4 18

1 19
2 18
3 19
4 19

1 12
2 12
3 11
4 17

1 18
2 20
3 19
4 19

1 15
2 13
3 14
4 10

1 12
2 13
3 19
4 18

1 12
2 20
3 19
4 18

1 19
2 18
3 19
4 19

1 12
2 12
3 11
4 17

1 18
2 20
3 19
4 19

1 15
2 13
3 14
4 10

1 12
2 13
3 19
4 18

1 12
2 20
3 19
4 18

1 19
2 18
3 19
4 19

1 12
2 12
3 11
4 17

1 18
2 20
3 19
4 19

1 15
2 13
3 14
4 10

1 12
2 13
3 19
4 18

1 12
2 20
3 19
4 18

1 19
2 18
3 19
4 19

1 12
2 12
3 11
4 17

1 18
2 20
3 19
4 19

1 15
2 13
3 14
4 10

1 12
2 13
3 19
4 18

1 12
2 20
3 19
4 18

1 19
2 18
3 19
4 19

1 12
2 12
3 11
4 17

1 18
2 20
3 19
4 19

1 15
2 13
3 14
4 10

1 12
2 13
3 19
4 18

1 12
2 20
3 19
4 18

1 19
2 18
3 19
4 19

1 12
2 12
3 11
4 17

1 18
2 20
3 19
4 19