1 0
2 0
3 0
4 0
5 0
6 0
7 0
8 0

1 6
2 2
3 5
4 0
5 8
6 9
7 9
8 9

1 5
2 9
3 0
4 9
5 9
6 2
7 0
8 3

1 6
2 2
3 5
4 0
5 8
6 9
7 9
8 9

1 5
2 9
3 0
4 9
5 9
6 2
7 0
8 3

1 6
2 2
3 5
4 0
5 8
6 9
7 9
8 9

1 5
2 9
3 0
4 9
5 9
6 2
7 0
8 3

1 6
2 2
3 5
4 0
5 8
6 9
7 9
8 9

1 5
2 9
3 0
4 9
5 9
6 2
7 0
8 3

1 6
2 2
3 5
4 0
5 8
6 9
7 9
8 9

1 5
2 9
3 0
4 9
5 9
6 2
7 0
8 3

1 6
2 2
3 5
4 0
5 8
6 9
7 9
8 9

1 5
2 9
3 0
4 9
5 9
6 2
7 0
8 3

1 6
2 2
3 5
4 0
5 8
6 9
7 9
8 9

1 5
2 9
3 0
4 9
5 9
6 2
7 0
8 3

1 6
2 2
3 5
4 0
5 8
6 9
7 9
8 9

1 5
2 9
3 0
4 9
5 9
6 2
7 0
8 3

1 6
2 2
3 5
4 0
5 8
6 9
7 9
8 9

1 5
2 9
3 0
4 9
5 9
6 2
7 0
8 3

1 6
2 2
3 5
4 0
5 8
6 9
7 9
8 9

1 5
2 9
3 0
4 9
5 9
6 2
7 0
8 3

1 6
2 2
3 5
4 0
5 8
6 9
7 9
8 9

1 5
2 9
3 0
4 9
5 9
6 2
7 0
8 3

1 6
2 2
3 5
4 0
5 8
6 9
7 9
8 9

1 5
2 9
3 0
4 9
5 9
6 2
7 0
8 3

1 6
2 2
3 5
4 0
5 8
6 9
7 9
8 9

1 5
2 9
3 0
4 9
5 9
6 2
7 0
8 3

1 6
2 2
3 5
4 0
5 8
6 9
7 9
8 9

1 5
2 9
3 0
4 9
5 9
6 2
7 0
8 3

1 6
2 2
3 5
4 0
5 8
6 9
7 9
8 9

1 5
2 9
3 0
4 9
5 9
6 2
7 0
8 3

1 6
2 2
3 5
4 0
5 8
6 9
7 9
8 9

1 5
2 9
3 0
4 9
5 9
6 2
7 0
8 3

1 6
2 2
3 5
4 0
5 8
6 9
7 9
8 9

1 5
2 9
3 0
4 9
5 9
6 2
7 0
8 3

1 6
2 2
3 5
4 0
5 8
6 9
7 9
8 9

1 5
2 9
3 0
4 9
5 9
6 2
7 0
8 3

1 6
2 2
3 5
4 0
5 8
6 9
7 9
8 9

1 5
2 9
3 0
4 9
5 9
6 2
7 0
8 3

1 6
2 2
3 5
4 0
5 8
6 9
7 9
8 9

1 5
2 9
3 0
4 9
5 9
6 2
7 0
8 3