1 0
2 0
3 0
4 0
5 0
6 0
7 0
8 0

1 6
2 4
3 5
4 8
5 0
6 7
7 9
8 6

1 8
2 0
3 7
4 6
5 5
6 0
7 6
8 2

1 7
2 9
3 1
4 0
5 1
6 0
7 3
8 6

1 9
2 4
3 0
4 5
5 4
6 9
7 4
8 9

1 6
2 4
3 5
4 8
5 0
6 7
7 9
8 6

1 8
2 0
3 7
4 6
5 5
6 0
7 6
8 2

1 7
2 9
3 1
4 0
5 1
6 0
7 3
8 6

1 9
2 4
3 0
4 5
5 4
6 9
7 4
8 9

1 6
2 4
3 5
4 8
5 0
6 7
7 9
8 6

1 8
2 0
3 7
4 6
5 5
6 0
7 6
8 2

1 7
2 9
3 1
4 0
5 1
6 0
7 3
8 6

1 9
2 4
3 0
4 5
5 4
6 9
7 4
8 9

1 6
2 4
3 5
4 8
5 0
6 7
7 9
8 6

1 8
2 0
3 7
4 6
5 5
6 0
7 6
8 2

1 7
2 9
3 1
4 0
5 1
6 0
7 3
8 6

1 9
2 4
3 0
4 5
5 4
6 9
7 4
8 9

1 6
2 4
3 5
4 8
5 0
6 7
7 9
8 6

1 8
2 0
3 7
4 6
5 5
6 0
7 6
8 2

1 7
2 9
3 1
4 0
5 1
6 0
7 3
8 6

1 9
2 4
3 0
4 5
5 4
6 9
7 4
8 9

1 6
2 4
3 5
4 8
5 0
6 7
7 9
8 6

1 8
2 0
3 7
4 6
5 5
6 0
7 6
8 2

1 7
2 9
3 1
4 0
5 1
6 0
7 3
8 6

1 9
2 4
3 0
4 5
5 4
6 9
7 4
8 9

1 6
2 4
3 5
4 8
5 0
6 7
7 9
8 6

1 8
2 0
3 7
4 6
5 5
6 0
7 6
8 2

1 7
2 9
3 1
4 0
5 1
6 0
7 3
8 6

1 9
2 4
3 0
4 5
5 4
6 9
7 4
8 9

1 6
2 4
3 5
4 8
5 0
6 7
7 9
8 6

1 8
2 0
3 7
4 6
5 5
6 0
7 6
8 2

1 7
2 9
3 1
4 0
5 1
6 0
7 3
8 6

1 9
2 4
3 0
4 5
5 4
6 9
7 4
8 9

1 6
2 4
3 5
4 8
5 0
6 7
7 9
8 6

1 8
2 0
3 7
4 6
5 5
6 0
7 6
8 2

1 7
2 9
3 1
4 0
5 1
6 0
7 3
8 6

1 9
2 4
3 0
4 5
5 4
6 9
7 4
8 9

1 6
2 4
3 5
4 8
5 0
6 7
7 9
8 6

1 8
2 0
3 7
4 6
5 5
6 0
7 6
8 2

1 7
2 9
3 1
4 0
5 1
6 0
7 3
8 6

1 9
2 4
3 0
4 5
5 4
6 9
7 4
8 9

1 6
2 4
3 5
4 8
5 0
6 7
7 9
8 6

1 8
2 0
3 7
4 6
5 5
6 0
7 6
8 2

1 7
2 9
3 1
4 0
5 1
6 0
7 3
8 6

1 9
2 4
3 0
4 5
5 4
6 9
7 4
8 9

1 6
2 4
3 5
4 8
5 0
6 7
7 9
8 6

1 8
2 0
3 7
4 6
5 5
6 0
7 6
8 2

1 7
2 9
3 1
4 0
5 1
6 0
7 3
8 6

1 9
2 4
3 0
4 5
5 4
6 9
7 4
8 9

1 6
2 4
3 5
4 8
5 0
6 7
7 9
8 6

1 8
2 0
3 7
4 6
5 5
6 0
7 6
8 2

1 7
2 9
3 1
4 0
5 1
6 0
7 3
8 6

1 9
2 4
3 0
4 5
5 4
6 9
7 4
8 9

1 6
2 4
3 5
4 8
5 0
6 7
7 9
8 6

1 8
2 0
3 7
4 6
5 5
6 0
7 6
8 2

1 7
2 9
3 1
4 0
5 1
6 0
7 3
8 6

1 9
2 4
3 0
4 5
5 4
6 9
7 4
8 9

1 6
2 4
3 5
4 8
5 0
6 7
7 9
8 6

1 8
2 0
3 7
4 6
5 5
6 0
7 6
8 2

1 7
2 9
3 1
4 0
5 1
6 0
7 3
8 6

1 9
2 4
3 0
4 5
5 4
6 9
7 4
8 9

1 6
2 4
3 5
4 8
5 0
6 7
7 9
8 6

1 8
2 0
3 7
4 6
5 5
6 0
7 6
8 2

1 7
2 9
3 1
4 0
5 1
6 0
7 3
8 6

1 9
2 4
3 0
4 5
5 4
6 9
7 4
8 9

1 6
2 4
3 5
4 8
5 0
6 7
7 9
8 6

1 8
2 0
3 7
4 6
5 5
6 0
7 6
8 2

1 7
2 9
3 1
4 0
5 1
6 0
7 3
8 6

1 9
2 4
3 0
4 5
5 4
6 9
7 4
8 9

1 6
2 4
3 5
4 8
5 0
6 7
7 9
8 6

1 8
2 0
3 7
4 6
5 5
6 0
7 6
8 2

1 7
2 9
3 1
4 0
5 1
6 0
7 3
8 6

1 9
2 4
3 0
4 5
5 4
6 9
7 4
8 9

1 6
2 4
3 5
4 8
5 0
6 7
7 9
8 6

1 8
2 0
3 7
4 6
5 5
6 0
7 6
8 2

1 7
2 9
3 1
4 0
5 1
6 0
7 3
8 6

1 9
2 4
3 0
4 5
5 4
6 9
7 4
8 9

1 6
2 4
3 5
4 8
5 0
6 7
7 9
8 6

1 8
2 0
3 7
4 6
5 5
6 0
7 6
8 2

1 7
2 9
3 1
4 0
5 1
6 0
7 3
8 6

1 9
2 4
3 0
4 5
5 4
6 9
7 4
8 9