1 0
2 0
3 0
4 0
5 0
6 0
7 0
8 0
9 0
10 0
11 0
12 0
13 0
14 0
15 0
16 0

1 17
2 13
3 17
4 13
5 15
6 17
7 10
8 10
9 17
10 11
11 20
12 15
13 12
14 19
15 17
16 15

1 11
2 10
3 10
4 12
5 16
6 19
7 14
8 15
9 11
10 20
11 13
12 12
13 15
14 14
15 11
16 18

1 20
2 13
3 15
4 10
5 20
6 18
7 14
8 12
9 19
10 18
11 20
12 11
13 20
14 15
15 11
16 13

1 10
2 12
3 19
4 11
5 12
6 11
7 17
8 13
9 14
10 15
11 10
12 19
13 13
14 10
15 13
16 14

1 17
2 13
3 17
4 13
5 15
6 17
7 10
8 10
9 17
10 11
11 20
12 15
13 12
14 19
15 17
16 15

1 11
2 10
3 10
4 12
5 16
6 19
7 14
8 15
9 11
10 20
11 13
12 12
13 15
14 14
15 11
16 18

1 20
2 13
3 15
4 10
5 20
6 18
7 14
8 12
9 19
10 18
11 20
12 11
13 20
14 15
15 11
16 13

1 10
2 12
3 19
4 11
5 12
6 11
7 17
8 13
9 14
10 15
11 10
12 19
13 13
14 10
15 13
16 14

1 17
2 13
3 17
4 13
5 15
6 17
7 10
8 10
9 17
10 11
11 20
12 15
13 12
14 19
15 17
16 15

1 11
2 10
3 10
4 12
5 16
6 19
7 14
8 15
9 11
10 20
11 13
12 12
13 15
14 14
15 11
16 18

1 20
2 13
3 15
4 10
5 20
6 18
7 14
8 12
9 19
10 18
11 20
12 11
13 20
14 15
15 11
16 13

1 10
2 12
3 19
4 11
5 12
6 11
7 17
8 13
9 14
10 15
11 10
12 19
13 13
14 10
15 13
16 14

1 17
2 13
3 17
4 13
5 15
6 17
7 10
8 10
9 17
10 11
11 20
12 15
13 12
14 19
15 17
16 15

1 11
2 10
3 10
4 12
5 16
6 19
7 14
8 15
9 11
10 20
11 13
12 12
13 15
14 14
15 11
16 18

1 20
2 13
3 15
4 10
5 20
6 18
7 14
8 12
9 19
10 18
11 20
12 11
13 20
14 15
15 11
16 13

1 10
2 12
3 19
4 11
5 12
6 11
7 17
8 13
9 14
10 15
11 10
12 19
13 13
14 10
15 13
16 14

1 17
2 13
3 17
4 13
5 15
6 17
7 10
8 10
9 17
10 11
11 20
12 15
13 12
14 19
15 17
16 15

1 11
2 10
3 10
4 12
5 16
6 19
7 14
8 15
9 11
10 20
11 13
12 12
13 15
14 14
15 11
16 18

1 20
2 13
3 15
4 10
5 20
6 18
7 14
8 12
9 19
10 18
11 20
12 11
13 20
14 15
15 11
16 13

1 10
2 12
3 19
4 11
5 12
6 11
7 17
8 13
9 14
10 15
11 10
12 19
13 13
14 10
15 13
16 14

1 17
2 13
3 17
4 13
5 15
6 17
7 10
8 10
9 17
10 11
11 20
12 15
13 12
14 19
15 17
16 15

1 11
2 10
3 10
4 12
5 16
6 19
7 14
8 15
9 11
10 20
11 13
12 12
13 15
14 14
15 11
16 18

1 20
2 13
3 15
4 10
5 20
6 18
7 14
8 12
9 19
10 18
11 20
12 11
13 20
14 15
15 11
16 13

1 10
2 12
3 19
4 11
5 12
6 11
7 17
8 13
9 14
10 15
11 10
12 19
13 13
14 10
15 13
16 14

1 17
2 13
3 17
4 13
5 15
6 17
7 10
8 10
9 17
10 11
11 20
12 15
13 12
14 19
15 17
16 15

1 11
2 10
3 10
4 12
5 16
6 19
7 14
8 15
9 11
10 20
11 13
12 12
13 15
14 14
15 11
16 18

1 20
2 13
3 15
4 10
5 20
6 18
7 14
8 12
9 19
10 18
11 20
12 11
13 20
14 15
15 11
16 13

1 10
2 12
3 19
4 11
5 12
6 11
7 17
8 13
9 14
10 15
11 10
12 19
13 13
14 10
15 13
16 14

1 17
2 13
3 17
4 13
5 15
6 17
7 10
8 10
9 17
10 11
11 20
12 15
13 12
14 19
15 17
16 15

1 11
2 10
3 10
4 12
5 16
6 19
7 14
8 15
9 11
10 20
11 13
12 12
13 15
14 14
15 11
16 18

1 20
2 13
3 15
4 10
5 20
6 18
7 14
8 12
9 19
10 18
11 20
12 11
13 20
14 15
15 11
16 13

1 10
2 12
3 19
4 11
5 12
6 11
7 17
8 13
9 14
10 15
11 10
12 19
13 13
14 10
15 13
16 14

1 17
2 13
3 17
4 13
5 15
6 17
7 10
8 10
9 17
10 11
11 20
12 15
13 12
14 19
15 17
16 15

1 11
2 10
3 10
4 12
5 16
6 19
7 14
8 15
9 11
10 20
11 13
12 12
13 15
14 14
15 11
16 18

1 20
2 13
3 15
4 10
5 20
6 18
7 14
8 12
9 19
10 18
11 20
12 11
13 20
14 15
15 11
16 13

1 10
2 12
3 19
4 11
5 12
6 11
7 17
8 13
9 14
10 15
11 10
12 19
13 13
14 10
15 13
16 14

1 17
2 13
3 17
4 13
5 15
6 17
7 10
8 10
9 17
10 11
11 20
12 15
13 12
14 19
15 17
16 15

1 11
2 10
3 10
4 12
5 16
6 19
7 14
8 15
9 11
10 20
11 13
12 12
13 15
14 14
15 11
16 18

1 20
2 13
3 15
4 10
5 20
6 18
7 14
8 12
9 19
10 18
11 20
12 11
13 20
14 15
15 11
16 13

1 10
2 12
3 19
4 11
5 12
6 11
7 17
8 13
9 14
10 15
11 10
12 19
13 13
14 10
15 13
16 14

1 17
2 13
3 17
4 13
5 15
6 17
7 10
8 10
9 17
10 11
11 20
12 15
13 12
14 19
15 17
16 15

1 11
2 10
3 10
4 12
5 16
6 19
7 14
8 15
9 11
10 20
11 13
12 12
13 15
14 14
15 11
16 18

1 20
2 13
3 15
4 10
5 20
6 18
7 14
8 12
9 19
10 18
11 20
12 11
13 20
14 15
15 11
16 13

1 10
2 12
3 19
4 11
5 12
6 11
7 17
8 13
9 14
10 15
11 10
12 19
13 13
14 10
15 13
16 14

1 17
2 13
3 17
4 13
5 15
6 17
7 10
8 10
9 17
10 11
11 20
12 15
13 12
14 19
15 17
16 15

1 11
2 10
3 10
4 12
5 16
6 19
7 14
8 15
9 11
10 20
11 13
12 12
13 15
14 14
15 11
16 18

1 20
2 13
3 15
4 10
5 20
6 18
7 14
8 12
9 19
10 18
11 20
12 11
13 20
14 15
15 11
16 13

1 10
2 12
3 19
4 11
5 12
6 11
7 17
8 13
9 14
10 15
11 10
12 19
13 13
14 10
15 13
16 14

1 17
2 13
3 17
4 13
5 15
6 17
7 10
8 10
9 17
10 11
11 20
12 15
13 12
14 19
15 17
16 15

1 11
2 10
3 10
4 12
5 16
6 19
7 14
8 15
9 11
10 20
11 13
12 12
13 15
14 14
15 11
16 18

1 20
2 13
3 15
4 10
5 20
6 18
7 14
8 12
9 19
10 18
11 20
12 11
13 20
14 15
15 11
16 13

1 10
2 12
3 19
4 11
5 12
6 11
7 17
8 13
9 14
10 15
11 10
12 19
13 13
14 10
15 13
16 14

1 17
2 13
3 17
4 13
5 15
6 17
7 10
8 10
9 17
10 11
11 20
12 15
13 12
14 19
15 17
16 15

1 11
2 10
3 10
4 12
5 16
6 19
7 14
8 15
9 11
10 20
11 13
12 12
13 15
14 14
15 11
16 18

1 20
2 13
3 15
4 10
5 20
6 18
7 14
8 12
9 19
10 18
11 20
12 11
13 20
14 15
15 11
16 13

1 10
2 12
3 19
4 11
5 12
6 11
7 17
8 13
9 14
10 15
11 10
12 19
13 13
14 10
15 13
16 14

1 17
2 13
3 17
4 13
5 15
6 17
7 10
8 10
9 17
10 11
11 20
12 15
13 12
14 19
15 17
16 15

1 11
2 10
3 10
4 12
5 16
6 19
7 14
8 15
9 11
10 20
11 13
12 12
13 15
14 14
15 11
16 18

1 20
2 13
3 15
4 10
5 20
6 18
7 14
8 12
9 19
10 18
11 20
12 11
13 20
14 15
15 11
16 13

1 10
2 12
3 19
4 11
5 12
6 11
7 17
8 13
9 14
10 15
11 10
12 19
13 13
14 10
15 13
16 14