1 0
2 0
3 0
4 0
5 0
6 0
7 0
8 0

1 2
2 3
3 5
4 7
5 5
6 5
7 0
8 7

1 2
2 8
3 9
4 6
5 9
6 0
7 9
8 7

1 2
2 3
3 5
4 7
5 5
6 5
7 0
8 7

1 2
2 8
3 9
4 6
5 9
6 0
7 9
8 7

1 2
2 3
3 5
4 7
5 5
6 5
7 0
8 7

1 2
2 8
3 9
4 6
5 9
6 0
7 9
8 7

1 2
2 3
3 5
4 7
5 5
6 5
7 0
8 7

1 2
2 8
3 9
4 6
5 9
6 0
7 9
8 7

1 2
2 3
3 5
4 7
5 5
6 5
7 0
8 7

1 2
2 8
3 9
4 6
5 9
6 0
7 9
8 7

1 2
2 3
3 5
4 7
5 5
6 5
7 0
8 7

1 2
2 8
3 9
4 6
5 9
6 0
7 9
8 7

1 2
2 3
3 5
4 7
5 5
6 5
7 0
8 7

1 2
2 8
3 9
4 6
5 9
6 0
7 9
8 7

1 2
2 3
3 5
4 7
5 5
6 5
7 0
8 7

1 2
2 8
3 9
4 6
5 9
6 0
7 9
8 7

1 2
2 3
3 5
4 7
5 5
6 5
7 0
8 7

1 2
2 8
3 9
4 6
5 9
6 0
7 9
8 7

1 2
2 3
3 5
4 7
5 5
6 5
7 0
8 7

1 2
2 8
3 9
4 6
5 9
6 0
7 9
8 7

1 2
2 3
3 5
4 7
5 5
6 5
7 0
8 7

1 2
2 8
3 9
4 6
5 9
6 0
7 9
8 7

1 2
2 3
3 5
4 7
5 5
6 5
7 0
8 7

1 2
2 8
3 9
4 6
5 9
6 0
7 9
8 7

1 2
2 3
3 5
4 7
5 5
6 5
7 0
8 7

1 2
2 8
3 9
4 6
5 9
6 0
7 9
8 7

1 2
2 3
3 5
4 7
5 5
6 5
7 0
8 7

1 2
2 8
3 9
4 6
5 9
6 0
7 9
8 7

1 2
2 3
3 5
4 7
5 5
6 5
7 0
8 7

1 2
2 8
3 9
4 6
5 9
6 0
7 9
8 7

1 2
2 3
3 5
4 7
5 5
6 5
7 0
8 7

1 2
2 8
3 9
4 6
5 9
6 0
7 9
8 7

1 2
2 3
3 5
4 7
5 5
6 5
7 0
8 7

1 2
2 8
3 9
4 6
5 9
6 0
7 9
8 7

1 2
2 3
3 5
4 7
5 5
6 5
7 0
8 7

1 2
2 8
3 9
4 6
5 9
6 0
7 9
8 7

1 2
2 3
3 5
4 7
5 5
6 5
7 0
8 7

1 2
2 8
3 9
4 6
5 9
6 0
7 9
8 7

1 2
2 3
3 5
4 7
5 5
6 5
7 0
8 7

1 2
2 8
3 9
4 6
5 9
6 0
7 9
8 7