1 0
2 0
3 0
4 0

1 0
2 0
3 3
4 1

1 4
2 4
3 7
4 8

1 0
2 9
3 0
4 1

1 7
2 0
3 2
4 0

1 0
2 0
3 3
4 1

1 4
2 4
3 7
4 8

1 0
2 9
3 0
4 1

1 7
2 0
3 2
4 0

1 0
2 0
3 3
4 1

1 4
2 4
3 7
4 8

1 0
2 9
3 0
4 1

1 7
2 0
3 2
4 0

1 0
2 0
3 3
4 1

1 4
2 4
3 7
4 8

1 0
2 9
3 0
4 1

1 7
2 0
3 2
4 0

1 0
2 0
3 3
4 1

1 4
2 4
3 7
4 8

1 0
2 9
3 0
4 1

1 7
2 0
3 2
4 0

1 0
2 0
3 3
4 1

1 4
2 4
3 7
4 8

1 0
2 9
3 0
4 1

1 7
2 0
3 2
4 0

1 0
2 0
3 3
4 1

1 4
2 4
3 7
4 8

1 0
2 9
3 0
4 1

1 7
2 0
3 2
4 0

1 0
2 0
3 3
4 1

1 4
2 4
3 7
4 8

1 0
2 9
3 0
4 1

1 7
2 0
3 2
4 0

1 0
2 0
3 3
4 1

1 4
2 4
3 7
4 8

1 0
2 9
3 0
4 1

1 7
2 0
3 2
4 0

1 0
2 0
3 3
4 1

1 4
2 4
3 7
4 8

1 0
2 9
3 0
4 1

1 7
2 0
3 2
4 0

1 0
2 0
3 3
4 1

1 4
2 4
3 7
4 8

1 0
2 9
3 0
4 1

1 7
2 0
3 2
4 0

1 0
2 0
3 3
4 1

1 4
2 4
3 7
4 8

1 0
2 9
3 0
4 1

1 7
2 0
3 2
4 0

1 0
2 0
3 3
4 1

1 4
2 4
3 7
4 8

1 0
2 9
3 0
4 1

1 7
2 0
3 2
4 0

1 0
2 0
3 3
4 1

1 4
2 4
3 7
4 8

1 0
2 9
3 0
4 1

1 7
2 0
3 2
4 0

1 0
2 0
3 3
4 1

1 4
2 4
3 7
4 8

1 0
2 9
3 0
4 1

1 7
2 0
3 2
4 0

1 0
2 0
3 3
4 1

1 4
2 4
3 7
4 8

1 0
2 9
3 0
4 1

1 7
2 0
3 2
4 0

1 0
2 0
3 3
4 1

1 4
2 4
3 7
4 8

1 0
2 9
3 0
4 1

1 7
2 0
3 2
4 0

1 0
2 0
3 3
4 1

1 4
2 4
3 7
4 8

1 0
2 9
3 0
4 1

1 7
2 0
3 2
4 0

1 0
2 0
3 3
4 1

1 4
2 4
3 7
4 8

1 0
2 9
3 0
4 1

1 7
2 0
3 2
4 0

1 0
2 0
3 3
4 1

1 4
2 4
3 7
4 8

1 0
2 9
3 0
4 1

1 7
2 0
3 2
4 0