1 0
2 0
3 0
4 0
5 0
6 0
7 0
8 0
9 0
10 0
11 0
12 0
13 0
14 0
15 0
16 0

1 7
2 0
3 6
4 2
5 9
6 7
7 8
8 1
9 8
10 1
11 9
12 1
13 7
14 6
15 4
16 6

1 5
2 2
3 4
4 0
5 7
6 5
7 3
8 7
9 8
10 4
11 6
12 3
13 6
14 2
15 5
16 3

1 0
2 4
3 0
4 7
5 6
6 9
7 8
8 7
9 8
10 0
11 4
12 7
13 8
14 0
15 4
16 3

1 7
2 9
3 3
4 2
5 0
6 4
7 3
8 0
9 1
10 6
11 8
12 3
13 7
14 7
15 7
16 1

1 7
2 6
3 4
4 3
5 4
6 8
7 7
8 0
9 0
10 4
11 9
12 8
13 4
14 2
15 7
16 2

1 3
2 8
3 8
4 4
5 6
6 5
7 4
8 2
9 9
10 0
11 8
12 0
13 1
14 6
15 0
16 7

1 7
2 0
3 6
4 2
5 9
6 7
7 8
8 1
9 8
10 1
11 9
12 1
13 7
14 6
15 4
16 6

1 5
2 2
3 4
4 0
5 7
6 5
7 3
8 7
9 8
10 4
11 6
12 3
13 6
14 2
15 5
16 3

1 0
2 4
3 0
4 7
5 6
6 9
7 8
8 7
9 8
10 0
11 4
12 7
13 8
14 0
15 4
16 3

1 7
2 9
3 3
4 2
5 0
6 4
7 3
8 0
9 1
10 6
11 8
12 3
13 7
14 7
15 7
16 1

1 7
2 6
3 4
4 3
5 4
6 8
7 7
8 0
9 0
10 4
11 9
12 8
13 4
14 2
15 7
16 2

1 3
2 8
3 8
4 4
5 6
6 5
7 4
8 2
9 9
10 0
11 8
12 0
13 1
14 6
15 0
16 7

1 7
2 0
3 6
4 2
5 9
6 7
7 8
8 1
9 8
10 1
11 9
12 1
13 7
14 6
15 4
16 6

1 5
2 2
3 4
4 0
5 7
6 5
7 3
8 7
9 8
10 4
11 6
12 3
13 6
14 2
15 5
16 3

1 0
2 4
3 0
4 7
5 6
6 9
7 8
8 7
9 8
10 0
11 4
12 7
13 8
14 0
15 4
16 3

1 7
2 9
3 3
4 2
5 0
6 4
7 3
8 0
9 1
10 6
11 8
12 3
13 7
14 7
15 7
16 1

1 7
2 6
3 4
4 3
5 4
6 8
7 7
8 0
9 0
10 4
11 9
12 8
13 4
14 2
15 7
16 2

1 3
2 8
3 8
4 4
5 6
6 5
7 4
8 2
9 9
10 0
11 8
12 0
13 1
14 6
15 0
16 7

1 7
2 0
3 6
4 2
5 9
6 7
7 8
8 1
9 8
10 1
11 9
12 1
13 7
14 6
15 4
16 6

1 5
2 2
3 4
4 0
5 7
6 5
7 3
8 7
9 8
10 4
11 6
12 3
13 6
14 2
15 5
16 3

1 0
2 4
3 0
4 7
5 6
6 9
7 8
8 7
9 8
10 0
11 4
12 7
13 8
14 0
15 4
16 3

1 7
2 9
3 3
4 2
5 0
6 4
7 3
8 0
9 1
10 6
11 8
12 3
13 7
14 7
15 7
16 1

1 7
2 6
3 4
4 3
5 4
6 8
7 7
8 0
9 0
10 4
11 9
12 8
13 4
14 2
15 7
16 2

1 3
2 8
3 8
4 4
5 6
6 5
7 4
8 2
9 9
10 0
11 8
12 0
13 1
14 6
15 0
16 7

1 7
2 0
3 6
4 2
5 9
6 7
7 8
8 1
9 8
10 1
11 9
12 1
13 7
14 6
15 4
16 6

1 5
2 2
3 4
4 0
5 7
6 5
7 3
8 7
9 8
10 4
11 6
12 3
13 6
14 2
15 5
16 3

1 0
2 4
3 0
4 7
5 6
6 9
7 8
8 7
9 8
10 0
11 4
12 7
13 8
14 0
15 4
16 3

1 7
2 9
3 3
4 2
5 0
6 4
7 3
8 0
9 1
10 6
11 8
12 3
13 7
14 7
15 7
16 1

1 7
2 6
3 4
4 3
5 4
6 8
7 7
8 0
9 0
10 4
11 9
12 8
13 4
14 2
15 7
16 2

1 3
2 8
3 8
4 4
5 6
6 5
7 4
8 2
9 9
10 0
11 8
12 0
13 1
14 6
15 0
16 7

1 7
2 0
3 6
4 2
5 9
6 7
7 8
8 1
9 8
10 1
11 9
12 1
13 7
14 6
15 4
16 6

1 5
2 2
3 4
4 0
5 7
6 5
7 3
8 7
9 8
10 4
11 6
12 3
13 6
14 2
15 5
16 3

1 0
2 4
3 0
4 7
5 6
6 9
7 8
8 7
9 8
10 0
11 4
12 7
13 8
14 0
15 4
16 3

1 7
2 9
3 3
4 2
5 0
6 4
7 3
8 0
9 1
10 6
11 8
12 3
13 7
14 7
15 7
16 1

1 7
2 6
3 4
4 3
5 4
6 8
7 7
8 0
9 0
10 4
11 9
12 8
13 4
14 2
15 7
16 2

1 3
2 8
3 8
4 4
5 6
6 5
7 4
8 2
9 9
10 0
11 8
12 0
13 1
14 6
15 0
16 7

1 7
2 0
3 6
4 2
5 9
6 7
7 8
8 1
9 8
10 1
11 9
12 1
13 7
14 6
15 4
16 6

1 5
2 2
3 4
4 0
5 7
6 5
7 3
8 7
9 8
10 4
11 6
12 3
13 6
14 2
15 5
16 3

1 0
2 4
3 0
4 7
5 6
6 9
7 8
8 7
9 8
10 0
11 4
12 7
13 8
14 0
15 4
16 3

1 7
2 9
3 3
4 2
5 0
6 4
7 3
8 0
9 1
10 6
11 8
12 3
13 7
14 7
15 7
16 1

1 7
2 6
3 4
4 3
5 4
6 8
7 7
8 0
9 0
10 4
11 9
12 8
13 4
14 2
15 7
16 2

1 3
2 8
3 8
4 4
5 6
6 5
7 4
8 2
9 9
10 0
11 8
12 0
13 1
14 6
15 0
16 7

1 7
2 0
3 6
4 2
5 9
6 7
7 8
8 1
9 8
10 1
11 9
12 1
13 7
14 6
15 4
16 6

1 5
2 2
3 4
4 0
5 7
6 5
7 3
8 7
9 8
10 4
11 6
12 3
13 6
14 2
15 5
16 3

1 0
2 4
3 0
4 7
5 6
6 9
7 8
8 7
9 8
10 0
11 4
12 7
13 8
14 0
15 4
16 3

1 7
2 9
3 3
4 2
5 0
6 4
7 3
8 0
9 1
10 6
11 8
12 3
13 7
14 7
15 7
16 1

1 7
2 6
3 4
4 3
5 4
6 8
7 7
8 0
9 0
10 4
11 9
12 8
13 4
14 2
15 7
16 2

1 3
2 8
3 8
4 4
5 6
6 5
7 4
8 2
9 9
10 0
11 8
12 0
13 1
14 6
15 0
16 7

1 7
2 0
3 6
4 2
5 9
6 7
7 8
8 1
9 8
10 1
11 9
12 1
13 7
14 6
15 4
16 6

1 5
2 2
3 4
4 0
5 7
6 5
7 3
8 7
9 8
10 4
11 6
12 3
13 6
14 2
15 5
16 3

1 0
2 4
3 0
4 7
5 6
6 9
7 8
8 7
9 8
10 0
11 4
12 7
13 8
14 0
15 4
16 3

1 7
2 9
3 3
4 2
5 0
6 4
7 3
8 0
9 1
10 6
11 8
12 3
13 7
14 7
15 7
16 1

1 7
2 6
3 4
4 3
5 4
6 8
7 7
8 0
9 0
10 4
11 9
12 8
13 4
14 2
15 7
16 2

1 3
2 8
3 8
4 4
5 6
6 5
7 4
8 2
9 9
10 0
11 8
12 0
13 1
14 6
15 0
16 7

1 7
2 0
3 6
4 2
5 9
6 7
7 8
8 1
9 8
10 1
11 9
12 1
13 7
14 6
15 4
16 6

1 5
2 2
3 4
4 0
5 7
6 5
7 3
8 7
9 8
10 4
11 6
12 3
13 6
14 2
15 5
16 3

1 0
2 4
3 0
4 7
5 6
6 9
7 8
8 7
9 8
10 0
11 4
12 7
13 8
14 0
15 4
16 3

1 7
2 9
3 3
4 2
5 0
6 4
7 3
8 0
9 1
10 6
11 8
12 3
13 7
14 7
15 7
16 1

1 7
2 6
3 4
4 3
5 4
6 8
7 7
8 0
9 0
10 4
11 9
12 8
13 4
14 2
15 7
16 2

1 3
2 8
3 8
4 4
5 6
6 5
7 4
8 2
9 9
10 0
11 8
12 0
13 1
14 6
15 0
16 7

1 7
2 0
3 6
4 2
5 9
6 7
7 8
8 1
9 8
10 1
11 9
12 1
13 7
14 6
15 4
16 6

1 5
2 2
3 4
4 0
5 7
6 5
7 3
8 7
9 8
10 4
11 6
12 3
13 6
14 2
15 5
16 3

1 0
2 4
3 0
4 7
5 6
6 9
7 8
8 7
9 8
10 0
11 4
12 7
13 8
14 0
15 4
16 3

1 7
2 9
3 3
4 2
5 0
6 4
7 3
8 0
9 1
10 6
11 8
12 3
13 7
14 7
15 7
16 1

1 7
2 6
3 4
4 3
5 4
6 8
7 7
8 0
9 0
10 4
11 9
12 8
13 4
14 2
15 7
16 2

1 3
2 8
3 8
4 4
5 6
6 5
7 4
8 2
9 9
10 0
11 8
12 0
13 1
14 6
15 0
16 7

1 7
2 0
3 6
4 2
5 9
6 7
7 8
8 1
9 8
10 1
11 9
12 1
13 7
14 6
15 4
16 6

1 5
2 2
3 4
4 0
5 7
6 5
7 3
8 7
9 8
10 4
11 6
12 3
13 6
14 2
15 5
16 3

1 0
2 4
3 0
4 7
5 6
6 9
7 8
8 7
9 8
10 0
11 4
12 7
13 8
14 0
15 4
16 3

1 7
2 9
3 3
4 2
5 0
6 4
7 3
8 0
9 1
10 6
11 8
12 3
13 7
14 7
15 7
16 1

1 7
2 6
3 4
4 3
5 4
6 8
7 7
8 0
9 0
10 4
11 9
12 8
13 4
14 2
15 7
16 2

1 3
2 8
3 8
4 4
5 6
6 5
7 4
8 2
9 9
10 0
11 8
12 0
13 1
14 6
15 0
16 7

1 7
2 0
3 6
4 2
5 9
6 7
7 8
8 1
9 8
10 1
11 9
12 1
13 7
14 6
15 4
16 6

1 5
2 2
3 4
4 0
5 7
6 5
7 3
8 7
9 8
10 4
11 6
12 3
13 6
14 2
15 5
16 3

1 0
2 4
3 0
4 7
5 6
6 9
7 8
8 7
9 8
10 0
11 4
12 7
13 8
14 0
15 4
16 3

1 7
2 9
3 3
4 2
5 0
6 4
7 3
8 0
9 1
10 6
11 8
12 3
13 7
14 7
15 7
16 1

1 7
2 6
3 4
4 3
5 4
6 8
7 7
8 0
9 0
10 4
11 9
12 8
13 4
14 2
15 7
16 2

1 3
2 8
3 8
4 4
5 6
6 5
7 4
8 2
9 9
10 0
11 8
12 0
13 1
14 6
15 0
16 7

1 7
2 0
3 6
4 2
5 9
6 7
7 8
8 1
9 8
10 1
11 9
12 1
13 7
14 6
15 4
16 6

1 5
2 2
3 4
4 0
5 7
6 5
7 3
8 7
9 8
10 4
11 6
12 3
13 6
14 2
15 5
16 3

1 0
2 4
3 0
4 7
5 6
6 9
7 8
8 7
9 8
10 0
11 4
12 7
13 8
14 0
15 4
16 3

1 7
2 9
3 3
4 2
5 0
6 4
7 3
8 0
9 1
10 6
11 8
12 3
13 7
14 7
15 7
16 1

1 7
2 6
3 4
4 3
5 4
6 8
7 7
8 0
9 0
10 4
11 9
12 8
13 4
14 2
15 7
16 2

1 3
2 8
3 8
4 4
5 6
6 5
7 4
8 2
9 9
10 0
11 8
12 0
13 1
14 6
15 0
16 7

1 7
2 0
3 6
4 2
5 9
6 7
7 8
8 1
9 8
10 1
11 9
12 1
13 7
14 6
15 4
16 6

1 5
2 2
3 4
4 0
5 7
6 5
7 3
8 7
9 8
10 4
11 6
12 3
13 6
14 2
15 5
16 3

1 0
2 4
3 0
4 7
5 6
6 9
7 8
8 7
9 8
10 0
11 4
12 7
13 8
14 0
15 4
16 3

1 7
2 9
3 3
4 2
5 0
6 4
7 3
8 0
9 1
10 6
11 8
12 3
13 7
14 7
15 7
16 1

1 7
2 6
3 4
4 3
5 4
6 8
7 7
8 0
9 0
10 4
11 9
12 8
13 4
14 2
15 7
16 2

1 3
2 8
3 8
4 4
5 6
6 5
7 4
8 2
9 9
10 0
11 8
12 0
13 1
14 6
15 0
16 7

1 7
2 0
3 6
4 2
5 9
6 7
7 8
8 1
9 8
10 1
11 9
12 1
13 7
14 6
15 4
16 6

1 5
2 2
3 4
4 0
5 7
6 5
7 3
8 7
9 8
10 4
11 6
12 3
13 6
14 2
15 5
16 3

1 0
2 4
3 0
4 7
5 6
6 9
7 8
8 7
9 8
10 0
11 4
12 7
13 8
14 0
15 4
16 3

1 7
2 9
3 3
4 2
5 0
6 4
7 3
8 0
9 1
10 6
11 8
12 3
13 7
14 7
15 7
16 1

1 7
2 6
3 4
4 3
5 4
6 8
7 7
8 0
9 0
10 4
11 9
12 8
13 4
14 2
15 7
16 2

1 3
2 8
3 8
4 4
5 6
6 5
7 4
8 2
9 9
10 0
11 8
12 0
13 1
14 6
15 0
16 7

1 7
2 0
3 6
4 2
5 9
6 7
7 8
8 1
9 8
10 1
11 9
12 1
13 7
14 6
15 4
16 6

1 5
2 2
3 4
4 0
5 7
6 5
7 3
8 7
9 8
10 4
11 6
12 3
13 6
14 2
15 5
16 3

1 0
2 4
3 0
4 7
5 6
6 9
7 8
8 7
9 8
10 0
11 4
12 7
13 8
14 0
15 4
16 3

1 7
2 9
3 3
4 2
5 0
6 4
7 3
8 0
9 1
10 6
11 8
12 3
13 7
14 7
15 7
16 1

1 7
2 6
3 4
4 3
5 4
6 8
7 7
8 0
9 0
10 4
11 9
12 8
13 4
14 2
15 7
16 2

1 3
2 8
3 8
4 4
5 6
6 5
7 4
8 2
9 9
10 0
11 8
12 0
13 1
14 6
15 0
16 7

1 7
2 0
3 6
4 2
5 9
6 7
7 8
8 1
9 8
10 1
11 9
12 1
13 7
14 6
15 4
16 6

1 5
2 2
3 4
4 0
5 7
6 5
7 3
8 7
9 8
10 4
11 6
12 3
13 6
14 2
15 5
16 3

1 0
2 4
3 0
4 7
5 6
6 9
7 8
8 7
9 8
10 0
11 4
12 7
13 8
14 0
15 4
16 3

1 7
2 9
3 3
4 2
5 0
6 4
7 3
8 0
9 1
10 6
11 8
12 3
13 7
14 7
15 7
16 1

1 7
2 6
3 4
4 3
5 4
6 8
7 7
8 0
9 0
10 4
11 9
12 8
13 4
14 2
15 7
16 2

1 3
2 8
3 8
4 4
5 6
6 5
7 4
8 2
9 9
10 0
11 8
12 0
13 1
14 6
15 0
16 7

1 7
2 0
3 6
4 2
5 9
6 7
7 8
8 1
9 8
10 1
11 9
12 1
13 7
14 6
15 4
16 6

1 5
2 2
3 4
4 0
5 7
6 5
7 3
8 7
9 8
10 4
11 6
12 3
13 6
14 2
15 5
16 3

1 0
2 4
3 0
4 7
5 6
6 9
7 8
8 7
9 8
10 0
11 4
12 7
13 8
14 0
15 4
16 3

1 7
2 9
3 3
4 2
5 0
6 4
7 3
8 0
9 1
10 6
11 8
12 3
13 7
14 7
15 7
16 1

1 7
2 6
3 4
4 3
5 4
6 8
7 7
8 0
9 0
10 4
11 9
12 8
13 4
14 2
15 7
16 2

1 3
2 8
3 8
4 4
5 6
6 5
7 4
8 2
9 9
10 0
11 8
12 0
13 1
14 6
15 0
16 7

1 7
2 0
3 6
4 2
5 9
6 7
7 8
8 1
9 8
10 1
11 9
12 1
13 7
14 6
15 4
16 6

1 5
2 2
3 4
4 0
5 7
6 5
7 3
8 7
9 8
10 4
11 6
12 3
13 6
14 2
15 5
16 3

1 0
2 4
3 0
4 7
5 6
6 9
7 8
8 7
9 8
10 0
11 4
12 7
13 8
14 0
15 4
16 3

1 7
2 9
3 3
4 2
5 0
6 4
7 3
8 0
9 1
10 6
11 8
12 3
13 7
14 7
15 7
16 1

1 7
2 6
3 4
4 3
5 4
6 8
7 7
8 0
9 0
10 4
11 9
12 8
13 4
14 2
15 7
16 2

1 3
2 8
3 8
4 4
5 6
6 5
7 4
8 2
9 9
10 0
11 8
12 0
13 1
14 6
15 0
16 7