1 0
2 0
3 0
4 0
5 0
6 0
7 0
8 0
9 0
10 0
11 0
12 0
13 0
14 0
15 0
16 0

1 17
2 20
3 13
4 16
5 18
6 16
7 12
8 16
9 11
10 10
11 16
12 12
13 16
14 20
15 18
16 18

1 18
2 12
3 16
4 15
5 20
6 14
7 18
8 11
9 11
10 14
11 10
12 14
13 13
14 13
15 18
16 14

1 20
2 17
3 10
4 16
5 15
6 16
7 15
8 20
9 17
10 19
11 15
12 16
13 17
14 19
15 19
16 11

1 19
2 13
3 13
4 14
5 19
6 13
7 16
8 17
9 17
10 11
11 15
12 17
13 20
14 20
15 19
16 16

1 10
2 15
3 20
4 15
5 12
6 19
7 13
8 19
9 13
10 18
11 18
12 12
13 19
14 19
15 16
16 18

1 11
2 19
3 16
4 14
5 20
6 18
7 10
8 16
9 10
10 17
11 15
12 20
13 10
14 16
15 16
16 11

1 17
2 20
3 13
4 16
5 18
6 16
7 12
8 16
9 11
10 10
11 16
12 12
13 16
14 20
15 18
16 18

1 18
2 12
3 16
4 15
5 20
6 14
7 18
8 11
9 11
10 14
11 10
12 14
13 13
14 13
15 18
16 14

1 20
2 17
3 10
4 16
5 15
6 16
7 15
8 20
9 17
10 19
11 15
12 16
13 17
14 19
15 19
16 11

1 19
2 13
3 13
4 14
5 19
6 13
7 16
8 17
9 17
10 11
11 15
12 17
13 20
14 20
15 19
16 16

1 10
2 15
3 20
4 15
5 12
6 19
7 13
8 19
9 13
10 18
11 18
12 12
13 19
14 19
15 16
16 18

1 11
2 19
3 16
4 14
5 20
6 18
7 10
8 16
9 10
10 17
11 15
12 20
13 10
14 16
15 16
16 11

1 17
2 20
3 13
4 16
5 18
6 16
7 12
8 16
9 11
10 10
11 16
12 12
13 16
14 20
15 18
16 18

1 18
2 12
3 16
4 15
5 20
6 14
7 18
8 11
9 11
10 14
11 10
12 14
13 13
14 13
15 18
16 14

1 20
2 17
3 10
4 16
5 15
6 16
7 15
8 20
9 17
10 19
11 15
12 16
13 17
14 19
15 19
16 11

1 19
2 13
3 13
4 14
5 19
6 13
7 16
8 17
9 17
10 11
11 15
12 17
13 20
14 20
15 19
16 16

1 10
2 15
3 20
4 15
5 12
6 19
7 13
8 19
9 13
10 18
11 18
12 12
13 19
14 19
15 16
16 18

1 11
2 19
3 16
4 14
5 20
6 18
7 10
8 16
9 10
10 17
11 15
12 20
13 10
14 16
15 16
16 11

1 17
2 20
3 13
4 16
5 18
6 16
7 12
8 16
9 11
10 10
11 16
12 12
13 16
14 20
15 18
16 18

1 18
2 12
3 16
4 15
5 20
6 14
7 18
8 11
9 11
10 14
11 10
12 14
13 13
14 13
15 18
16 14

1 20
2 17
3 10
4 16
5 15
6 16
7 15
8 20
9 17
10 19
11 15
12 16
13 17
14 19
15 19
16 11

1 19
2 13
3 13
4 14
5 19
6 13
7 16
8 17
9 17
10 11
11 15
12 17
13 20
14 20
15 19
16 16

1 10
2 15
3 20
4 15
5 12
6 19
7 13
8 19
9 13
10 18
11 18
12 12
13 19
14 19
15 16
16 18

1 11
2 19
3 16
4 14
5 20
6 18
7 10
8 16
9 10
10 17
11 15
12 20
13 10
14 16
15 16
16 11

1 17
2 20
3 13
4 16
5 18
6 16
7 12
8 16
9 11
10 10
11 16
12 12
13 16
14 20
15 18
16 18

1 18
2 12
3 16
4 15
5 20
6 14
7 18
8 11
9 11
10 14
11 10
12 14
13 13
14 13
15 18
16 14

1 20
2 17
3 10
4 16
5 15
6 16
7 15
8 20
9 17
10 19
11 15
12 16
13 17
14 19
15 19
16 11

1 19
2 13
3 13
4 14
5 19
6 13
7 16
8 17
9 17
10 11
11 15
12 17
13 20
14 20
15 19
16 16

1 10
2 15
3 20
4 15
5 12
6 19
7 13
8 19
9 13
10 18
11 18
12 12
13 19
14 19
15 16
16 18

1 11
2 19
3 16
4 14
5 20
6 18
7 10
8 16
9 10
10 17
11 15
12 20
13 10
14 16
15 16
16 11

1 17
2 20
3 13
4 16
5 18
6 16
7 12
8 16
9 11
10 10
11 16
12 12
13 16
14 20
15 18
16 18

1 18
2 12
3 16
4 15
5 20
6 14
7 18
8 11
9 11
10 14
11 10
12 14
13 13
14 13
15 18
16 14

1 20
2 17
3 10
4 16
5 15
6 16
7 15
8 20
9 17
10 19
11 15
12 16
13 17
14 19
15 19
16 11

1 19
2 13
3 13
4 14
5 19
6 13
7 16
8 17
9 17
10 11
11 15
12 17
13 20
14 20
15 19
16 16

1 10
2 15
3 20
4 15
5 12
6 19
7 13
8 19
9 13
10 18
11 18
12 12
13 19
14 19
15 16
16 18

1 11
2 19
3 16
4 14
5 20
6 18
7 10
8 16
9 10
10 17
11 15
12 20
13 10
14 16
15 16
16 11

1 17
2 20
3 13
4 16
5 18
6 16
7 12
8 16
9 11
10 10
11 16
12 12
13 16
14 20
15 18
16 18

1 18
2 12
3 16
4 15
5 20
6 14
7 18
8 11
9 11
10 14
11 10
12 14
13 13
14 13
15 18
16 14

1 20
2 17
3 10
4 16
5 15
6 16
7 15
8 20
9 17
10 19
11 15
12 16
13 17
14 19
15 19
16 11

1 19
2 13
3 13
4 14
5 19
6 13
7 16
8 17
9 17
10 11
11 15
12 17
13 20
14 20
15 19
16 16

1 10
2 15
3 20
4 15
5 12
6 19
7 13
8 19
9 13
10 18
11 18
12 12
13 19
14 19
15 16
16 18

1 11
2 19
3 16
4 14
5 20
6 18
7 10
8 16
9 10
10 17
11 15
12 20
13 10
14 16
15 16
16 11

1 17
2 20
3 13
4 16
5 18
6 16
7 12
8 16
9 11
10 10
11 16
12 12
13 16
14 20
15 18
16 18

1 18
2 12
3 16
4 15
5 20
6 14
7 18
8 11
9 11
10 14
11 10
12 14
13 13
14 13
15 18
16 14

1 20
2 17
3 10
4 16
5 15
6 16
7 15
8 20
9 17
10 19
11 15
12 16
13 17
14 19
15 19
16 11

1 19
2 13
3 13
4 14
5 19
6 13
7 16
8 17
9 17
10 11
11 15
12 17
13 20
14 20
15 19
16 16

1 10
2 15
3 20
4 15
5 12
6 19
7 13
8 19
9 13
10 18
11 18
12 12
13 19
14 19
15 16
16 18

1 11
2 19
3 16
4 14
5 20
6 18
7 10
8 16
9 10
10 17
11 15
12 20
13 10
14 16
15 16
16 11

1 17
2 20
3 13
4 16
5 18
6 16
7 12
8 16
9 11
10 10
11 16
12 12
13 16
14 20
15 18
16 18

1 18
2 12
3 16
4 15
5 20
6 14
7 18
8 11
9 11
10 14
11 10
12 14
13 13
14 13
15 18
16 14

1 20
2 17
3 10
4 16
5 15
6 16
7 15
8 20
9 17
10 19
11 15
12 16
13 17
14 19
15 19
16 11

1 19
2 13
3 13
4 14
5 19
6 13
7 16
8 17
9 17
10 11
11 15
12 17
13 20
14 20
15 19
16 16

1 10
2 15
3 20
4 15
5 12
6 19
7 13
8 19
9 13
10 18
11 18
12 12
13 19
14 19
15 16
16 18

1 11
2 19
3 16
4 14
5 20
6 18
7 10
8 16
9 10
10 17
11 15
12 20
13 10
14 16
15 16
16 11

1 17
2 20
3 13
4 16
5 18
6 16
7 12
8 16
9 11
10 10
11 16
12 12
13 16
14 20
15 18
16 18

1 18
2 12
3 16
4 15
5 20
6 14
7 18
8 11
9 11
10 14
11 10
12 14
13 13
14 13
15 18
16 14

1 20
2 17
3 10
4 16
5 15
6 16
7 15
8 20
9 17
10 19
11 15
12 16
13 17
14 19
15 19
16 11

1 19
2 13
3 13
4 14
5 19
6 13
7 16
8 17
9 17
10 11
11 15
12 17
13 20
14 20
15 19
16 16

1 10
2 15
3 20
4 15
5 12
6 19
7 13
8 19
9 13
10 18
11 18
12 12
13 19
14 19
15 16
16 18

1 11
2 19
3 16
4 14
5 20
6 18
7 10
8 16
9 10
10 17
11 15
12 20
13 10
14 16
15 16
16 11