1 0
2 0
3 0
4 0

1 18
2 11
3 19
4 12

1 13
2 11
3 15
4 14

1 18
2 11
3 19
4 12

1 13
2 11
3 15
4 14

1 18
2 11
3 19
4 12

1 13
2 11
3 15
4 14

1 18
2 11
3 19
4 12

1 13
2 11
3 15
4 14

1 18
2 11
3 19
4 12

1 13
2 11
3 15
4 14

1 18
2 11
3 19
4 12

1 13
2 11
3 15
4 14

1 18
2 11
3 19
4 12

1 13
2 11
3 15
4 14

1 18
2 11
3 19
4 12

1 13
2 11
3 15
4 14

1 18
2 11
3 19
4 12

1 13
2 11
3 15
4 14

1 18
2 11
3 19
4 12

1 13
2 11
3 15
4 14

1 18
2 11
3 19
4 12

1 13
2 11
3 15
4 14

1 18
2 11
3 19
4 12

1 13
2 11
3 15
4 14

1 18
2 11
3 19
4 12

1 13
2 11
3 15
4 14

1 18
2 11
3 19
4 12

1 13
2 11
3 15
4 14

1 18
2 11
3 19
4 12

1 13
2 11
3 15
4 14

1 18
2 11
3 19
4 12

1 13
2 11
3 15
4 14

1 18
2 11
3 19
4 12

1 13
2 11
3 15
4 14

1 18
2 11
3 19
4 12

1 13
2 11
3 15
4 14

1 18
2 11
3 19
4 12

1 13
2 11
3 15
4 14

1 18
2 11
3 19
4 12

1 13
2 11
3 15
4 14