1 0
2 0
3 0
4 0

1 15
2 14
3 16
4 16

1 18
2 13
3 19
4 18

1 15
2 14
3 16
4 16

1 18
2 13
3 19
4 18

1 15
2 14
3 16
4 16

1 18
2 13
3 19
4 18

1 15
2 14
3 16
4 16

1 18
2 13
3 19
4 18

1 15
2 14
3 16
4 16

1 18
2 13
3 19
4 18

1 15
2 14
3 16
4 16

1 18
2 13
3 19
4 18

1 15
2 14
3 16
4 16

1 18
2 13
3 19
4 18

1 15
2 14
3 16
4 16

1 18
2 13
3 19
4 18

1 15
2 14
3 16
4 16

1 18
2 13
3 19
4 18

1 15
2 14
3 16
4 16

1 18
2 13
3 19
4 18

1 15
2 14
3 16
4 16

1 18
2 13
3 19
4 18

1 15
2 14
3 16
4 16

1 18
2 13
3 19
4 18

1 15
2 14
3 16
4 16

1 18
2 13
3 19
4 18

1 15
2 14
3 16
4 16

1 18
2 13
3 19
4 18

1 15
2 14
3 16
4 16

1 18
2 13
3 19
4 18

1 15
2 14
3 16
4 16

1 18
2 13
3 19
4 18

1 15
2 14
3 16
4 16

1 18
2 13
3 19
4 18

1 15
2 14
3 16
4 16

1 18
2 13
3 19
4 18

1 15
2 14
3 16
4 16

1 18
2 13
3 19
4 18

1 15
2 14
3 16
4 16

1 18
2 13
3 19
4 18