1 0
2 0
3 0
4 0
5 0
6 0
7 0
8 0
9 0
10 0
11 0
12 0
13 0
14 0
15 0
16 0

1 18
2 15
3 18
4 19
5 17
6 15
7 11
8 18
9 15
10 13
11 12
12 11
13 14
14 10
15 17
16 14

1 19
2 15
3 15
4 14
5 11
6 12
7 10
8 15
9 13
10 19
11 15
12 14
13 12
14 12
15 11
16 18

1 18
2 15
3 18
4 19
5 17
6 15
7 11
8 18
9 15
10 13
11 12
12 11
13 14
14 10
15 17
16 14

1 19
2 15
3 15
4 14
5 11
6 12
7 10
8 15
9 13
10 19
11 15
12 14
13 12
14 12
15 11
16 18

1 18
2 15
3 18
4 19
5 17
6 15
7 11
8 18
9 15
10 13
11 12
12 11
13 14
14 10
15 17
16 14

1 19
2 15
3 15
4 14
5 11
6 12
7 10
8 15
9 13
10 19
11 15
12 14
13 12
14 12
15 11
16 18

1 18
2 15
3 18
4 19
5 17
6 15
7 11
8 18
9 15
10 13
11 12
12 11
13 14
14 10
15 17
16 14

1 19
2 15
3 15
4 14
5 11
6 12
7 10
8 15
9 13
10 19
11 15
12 14
13 12
14 12
15 11
16 18

1 18
2 15
3 18
4 19
5 17
6 15
7 11
8 18
9 15
10 13
11 12
12 11
13 14
14 10
15 17
16 14

1 19
2 15
3 15
4 14
5 11
6 12
7 10
8 15
9 13
10 19
11 15
12 14
13 12
14 12
15 11
16 18

1 18
2 15
3 18
4 19
5 17
6 15
7 11
8 18
9 15
10 13
11 12
12 11
13 14
14 10
15 17
16 14

1 19
2 15
3 15
4 14
5 11
6 12
7 10
8 15
9 13
10 19
11 15
12 14
13 12
14 12
15 11
16 18

1 18
2 15
3 18
4 19
5 17
6 15
7 11
8 18
9 15
10 13
11 12
12 11
13 14
14 10
15 17
16 14

1 19
2 15
3 15
4 14
5 11
6 12
7 10
8 15
9 13
10 19
11 15
12 14
13 12
14 12
15 11
16 18

1 18
2 15
3 18
4 19
5 17
6 15
7 11
8 18
9 15
10 13
11 12
12 11
13 14
14 10
15 17
16 14

1 19
2 15
3 15
4 14
5 11
6 12
7 10
8 15
9 13
10 19
11 15
12 14
13 12
14 12
15 11
16 18

1 18
2 15
3 18
4 19
5 17
6 15
7 11
8 18
9 15
10 13
11 12
12 11
13 14
14 10
15 17
16 14

1 19
2 15
3 15
4 14
5 11
6 12
7 10
8 15
9 13
10 19
11 15
12 14
13 12
14 12
15 11
16 18

1 18
2 15
3 18
4 19
5 17
6 15
7 11
8 18
9 15
10 13
11 12
12 11
13 14
14 10
15 17
16 14

1 19
2 15
3 15
4 14
5 11
6 12
7 10
8 15
9 13
10 19
11 15
12 14
13 12
14 12
15 11
16 18

1 18
2 15
3 18
4 19
5 17
6 15
7 11
8 18
9 15
10 13
11 12
12 11
13 14
14 10
15 17
16 14

1 19
2 15
3 15
4 14
5 11
6 12
7 10
8 15
9 13
10 19
11 15
12 14
13 12
14 12
15 11
16 18

1 18
2 15
3 18
4 19
5 17
6 15
7 11
8 18
9 15
10 13
11 12
12 11
13 14
14 10
15 17
16 14

1 19
2 15
3 15
4 14
5 11
6 12
7 10
8 15
9 13
10 19
11 15
12 14
13 12
14 12
15 11
16 18

1 18
2 15
3 18
4 19
5 17
6 15
7 11
8 18
9 15
10 13
11 12
12 11
13 14
14 10
15 17
16 14

1 19
2 15
3 15
4 14
5 11
6 12
7 10
8 15
9 13
10 19
11 15
12 14
13 12
14 12
15 11
16 18

1 18
2 15
3 18
4 19
5 17
6 15
7 11
8 18
9 15
10 13
11 12
12 11
13 14
14 10
15 17
16 14

1 19
2 15
3 15
4 14
5 11
6 12
7 10
8 15
9 13
10 19
11 15
12 14
13 12
14 12
15 11
16 18

1 18
2 15
3 18
4 19
5 17
6 15
7 11
8 18
9 15
10 13
11 12
12 11
13 14
14 10
15 17
16 14

1 19
2 15
3 15
4 14
5 11
6 12
7 10
8 15
9 13
10 19
11 15
12 14
13 12
14 12
15 11
16 18