1 0
2 0
3 0
4 0
5 0
6 0
7 0
8 0
9 0
10 0
11 0
12 0
13 0
14 0
15 0
16 0

1 10
2 10
3 14
4 17
5 19
6 17
7 10
8 13
9 11
10 14
11 19
12 20
13 16
14 20
15 14
16 16

1 17
2 12
3 11
4 15
5 11
6 12
7 17
8 12
9 13
10 16
11 20
12 10
13 16
14 19
15 19
16 16

1 10
2 10
3 14
4 17
5 19
6 17
7 10
8 13
9 11
10 14
11 19
12 20
13 16
14 20
15 14
16 16

1 17
2 12
3 11
4 15
5 11
6 12
7 17
8 12
9 13
10 16
11 20
12 10
13 16
14 19
15 19
16 16

1 10
2 10
3 14
4 17
5 19
6 17
7 10
8 13
9 11
10 14
11 19
12 20
13 16
14 20
15 14
16 16

1 17
2 12
3 11
4 15
5 11
6 12
7 17
8 12
9 13
10 16
11 20
12 10
13 16
14 19
15 19
16 16

1 10
2 10
3 14
4 17
5 19
6 17
7 10
8 13
9 11
10 14
11 19
12 20
13 16
14 20
15 14
16 16

1 17
2 12
3 11
4 15
5 11
6 12
7 17
8 12
9 13
10 16
11 20
12 10
13 16
14 19
15 19
16 16

1 10
2 10
3 14
4 17
5 19
6 17
7 10
8 13
9 11
10 14
11 19
12 20
13 16
14 20
15 14
16 16

1 17
2 12
3 11
4 15
5 11
6 12
7 17
8 12
9 13
10 16
11 20
12 10
13 16
14 19
15 19
16 16

1 10
2 10
3 14
4 17
5 19
6 17
7 10
8 13
9 11
10 14
11 19
12 20
13 16
14 20
15 14
16 16

1 17
2 12
3 11
4 15
5 11
6 12
7 17
8 12
9 13
10 16
11 20
12 10
13 16
14 19
15 19
16 16

1 10
2 10
3 14
4 17
5 19
6 17
7 10
8 13
9 11
10 14
11 19
12 20
13 16
14 20
15 14
16 16

1 17
2 12
3 11
4 15
5 11
6 12
7 17
8 12
9 13
10 16
11 20
12 10
13 16
14 19
15 19
16 16

1 10
2 10
3 14
4 17
5 19
6 17
7 10
8 13
9 11
10 14
11 19
12 20
13 16
14 20
15 14
16 16

1 17
2 12
3 11
4 15
5 11
6 12
7 17
8 12
9 13
10 16
11 20
12 10
13 16
14 19
15 19
16 16

1 10
2 10
3 14
4 17
5 19
6 17
7 10
8 13
9 11
10 14
11 19
12 20
13 16
14 20
15 14
16 16

1 17
2 12
3 11
4 15
5 11
6 12
7 17
8 12
9 13
10 16
11 20
12 10
13 16
14 19
15 19
16 16

1 10
2 10
3 14
4 17
5 19
6 17
7 10
8 13
9 11
10 14
11 19
12 20
13 16
14 20
15 14
16 16

1 17
2 12
3 11
4 15
5 11
6 12
7 17
8 12
9 13
10 16
11 20
12 10
13 16
14 19
15 19
16 16

1 10
2 10
3 14
4 17
5 19
6 17
7 10
8 13
9 11
10 14
11 19
12 20
13 16
14 20
15 14
16 16

1 17
2 12
3 11
4 15
5 11
6 12
7 17
8 12
9 13
10 16
11 20
12 10
13 16
14 19
15 19
16 16

1 10
2 10
3 14
4 17
5 19
6 17
7 10
8 13
9 11
10 14
11 19
12 20
13 16
14 20
15 14
16 16

1 17
2 12
3 11
4 15
5 11
6 12
7 17
8 12
9 13
10 16
11 20
12 10
13 16
14 19
15 19
16 16

1 10
2 10
3 14
4 17
5 19
6 17
7 10
8 13
9 11
10 14
11 19
12 20
13 16
14 20
15 14
16 16

1 17
2 12
3 11
4 15
5 11
6 12
7 17
8 12
9 13
10 16
11 20
12 10
13 16
14 19
15 19
16 16

1 10
2 10
3 14
4 17
5 19
6 17
7 10
8 13
9 11
10 14
11 19
12 20
13 16
14 20
15 14
16 16

1 17
2 12
3 11
4 15
5 11
6 12
7 17
8 12
9 13
10 16
11 20
12 10
13 16
14 19
15 19
16 16

1 10
2 10
3 14
4 17
5 19
6 17
7 10
8 13
9 11
10 14
11 19
12 20
13 16
14 20
15 14
16 16

1 17
2 12
3 11
4 15
5 11
6 12
7 17
8 12
9 13
10 16
11 20
12 10
13 16
14 19
15 19
16 16