1 0
2 0
3 0
4 0
5 0
6 0
7 0
8 0

1 12
2 20
3 18
4 19
5 16
6 11
7 15
8 14

1 11
2 14
3 11
4 16
5 20
6 16
7 10
8 17

1 12
2 20
3 18
4 19
5 16
6 11
7 15
8 14

1 11
2 14
3 11
4 16
5 20
6 16
7 10
8 17

1 12
2 20
3 18
4 19
5 16
6 11
7 15
8 14

1 11
2 14
3 11
4 16
5 20
6 16
7 10
8 17

1 12
2 20
3 18
4 19
5 16
6 11
7 15
8 14

1 11
2 14
3 11
4 16
5 20
6 16
7 10
8 17

1 12
2 20
3 18
4 19
5 16
6 11
7 15
8 14

1 11
2 14
3 11
4 16
5 20
6 16
7 10
8 17

1 12
2 20
3 18
4 19
5 16
6 11
7 15
8 14

1 11
2 14
3 11
4 16
5 20
6 16
7 10
8 17

1 12
2 20
3 18
4 19
5 16
6 11
7 15
8 14

1 11
2 14
3 11
4 16
5 20
6 16
7 10
8 17

1 12
2 20
3 18
4 19
5 16
6 11
7 15
8 14

1 11
2 14
3 11
4 16
5 20
6 16
7 10
8 17

1 12
2 20
3 18
4 19
5 16
6 11
7 15
8 14

1 11
2 14
3 11
4 16
5 20
6 16
7 10
8 17

1 12
2 20
3 18
4 19
5 16
6 11
7 15
8 14

1 11
2 14
3 11
4 16
5 20
6 16
7 10
8 17

1 12
2 20
3 18
4 19
5 16
6 11
7 15
8 14

1 11
2 14
3 11
4 16
5 20
6 16
7 10
8 17

1 12
2 20
3 18
4 19
5 16
6 11
7 15
8 14

1 11
2 14
3 11
4 16
5 20
6 16
7 10
8 17

1 12
2 20
3 18
4 19
5 16
6 11
7 15
8 14

1 11
2 14
3 11
4 16
5 20
6 16
7 10
8 17

1 12
2 20
3 18
4 19
5 16
6 11
7 15
8 14

1 11
2 14
3 11
4 16
5 20
6 16
7 10
8 17

1 12
2 20
3 18
4 19
5 16
6 11
7 15
8 14

1 11
2 14
3 11
4 16
5 20
6 16
7 10
8 17

1 12
2 20
3 18
4 19
5 16
6 11
7 15
8 14

1 11
2 14
3 11
4 16
5 20
6 16
7 10
8 17

1 12
2 20
3 18
4 19
5 16
6 11
7 15
8 14

1 11
2 14
3 11
4 16
5 20
6 16
7 10
8 17

1 12
2 20
3 18
4 19
5 16
6 11
7 15
8 14

1 11
2 14
3 11
4 16
5 20
6 16
7 10
8 17

1 12
2 20
3 18
4 19
5 16
6 11
7 15
8 14

1 11
2 14
3 11
4 16
5 20
6 16
7 10
8 17

1 12
2 20
3 18
4 19
5 16
6 11
7 15
8 14

1 11
2 14
3 11
4 16
5 20
6 16
7 10
8 17