1 0
2 0
3 0
4 0
5 0
6 0
7 0
8 0
9 0
10 0
11 0
12 0
13 0
14 0
15 0
16 0

1 14
2 20
3 19
4 13
5 14
6 14
7 12
8 12
9 10
10 14
11 16
12 17
13 10
14 15
15 10
16 15

1 17
2 16
3 12
4 20
5 11
6 15
7 16
8 16
9 11
10 17
11 18
12 13
13 20
14 11
15 12
16 20

1 14
2 20
3 19
4 13
5 14
6 14
7 12
8 12
9 10
10 14
11 16
12 17
13 10
14 15
15 10
16 15

1 17
2 16
3 12
4 20
5 11
6 15
7 16
8 16
9 11
10 17
11 18
12 13
13 20
14 11
15 12
16 20

1 14
2 20
3 19
4 13
5 14
6 14
7 12
8 12
9 10
10 14
11 16
12 17
13 10
14 15
15 10
16 15

1 17
2 16
3 12
4 20
5 11
6 15
7 16
8 16
9 11
10 17
11 18
12 13
13 20
14 11
15 12
16 20

1 14
2 20
3 19
4 13
5 14
6 14
7 12
8 12
9 10
10 14
11 16
12 17
13 10
14 15
15 10
16 15

1 17
2 16
3 12
4 20
5 11
6 15
7 16
8 16
9 11
10 17
11 18
12 13
13 20
14 11
15 12
16 20

1 14
2 20
3 19
4 13
5 14
6 14
7 12
8 12
9 10
10 14
11 16
12 17
13 10
14 15
15 10
16 15

1 17
2 16
3 12
4 20
5 11
6 15
7 16
8 16
9 11
10 17
11 18
12 13
13 20
14 11
15 12
16 20

1 14
2 20
3 19
4 13
5 14
6 14
7 12
8 12
9 10
10 14
11 16
12 17
13 10
14 15
15 10
16 15

1 17
2 16
3 12
4 20
5 11
6 15
7 16
8 16
9 11
10 17
11 18
12 13
13 20
14 11
15 12
16 20

1 14
2 20
3 19
4 13
5 14
6 14
7 12
8 12
9 10
10 14
11 16
12 17
13 10
14 15
15 10
16 15

1 17
2 16
3 12
4 20
5 11
6 15
7 16
8 16
9 11
10 17
11 18
12 13
13 20
14 11
15 12
16 20

1 14
2 20
3 19
4 13
5 14
6 14
7 12
8 12
9 10
10 14
11 16
12 17
13 10
14 15
15 10
16 15

1 17
2 16
3 12
4 20
5 11
6 15
7 16
8 16
9 11
10 17
11 18
12 13
13 20
14 11
15 12
16 20

1 14
2 20
3 19
4 13
5 14
6 14
7 12
8 12
9 10
10 14
11 16
12 17
13 10
14 15
15 10
16 15

1 17
2 16
3 12
4 20
5 11
6 15
7 16
8 16
9 11
10 17
11 18
12 13
13 20
14 11
15 12
16 20

1 14
2 20
3 19
4 13
5 14
6 14
7 12
8 12
9 10
10 14
11 16
12 17
13 10
14 15
15 10
16 15

1 17
2 16
3 12
4 20
5 11
6 15
7 16
8 16
9 11
10 17
11 18
12 13
13 20
14 11
15 12
16 20