1 0
2 0
3 0
4 0
5 0
6 0
7 0
8 0

1 13
2 12
3 12
4 13
5 16
6 10
7 13
8 12

1 14
2 10
3 11
4 20
5 12
6 19
7 16
8 12

1 10
2 19
3 17
4 19
5 15
6 15
7 11
8 10

1 16
2 14
3 16
4 10
5 11
6 20
7 11
8 16

1 17
2 20
3 13
4 12
5 11
6 12
7 11
8 10

1 16
2 18
3 15
4 12
5 14
6 12
7 17
8 13

1 13
2 12
3 12
4 13
5 16
6 10
7 13
8 12

1 14
2 10
3 11
4 20
5 12
6 19
7 16
8 12

1 10
2 19
3 17
4 19
5 15
6 15
7 11
8 10

1 16
2 14
3 16
4 10
5 11
6 20
7 11
8 16

1 17
2 20
3 13
4 12
5 11
6 12
7 11
8 10

1 16
2 18
3 15
4 12
5 14
6 12
7 17
8 13

1 13
2 12
3 12
4 13
5 16
6 10
7 13
8 12

1 14
2 10
3 11
4 20
5 12
6 19
7 16
8 12

1 10
2 19
3 17
4 19
5 15
6 15
7 11
8 10

1 16
2 14
3 16
4 10
5 11
6 20
7 11
8 16

1 17
2 20
3 13
4 12
5 11
6 12
7 11
8 10

1 16
2 18
3 15
4 12
5 14
6 12
7 17
8 13

1 13
2 12
3 12
4 13
5 16
6 10
7 13
8 12

1 14
2 10
3 11
4 20
5 12
6 19
7 16
8 12

1 10
2 19
3 17
4 19
5 15
6 15
7 11
8 10

1 16
2 14
3 16
4 10
5 11
6 20
7 11
8 16

1 17
2 20
3 13
4 12
5 11
6 12
7 11
8 10

1 16
2 18
3 15
4 12
5 14
6 12
7 17
8 13

1 13
2 12
3 12
4 13
5 16
6 10
7 13
8 12

1 14
2 10
3 11
4 20
5 12
6 19
7 16
8 12

1 10
2 19
3 17
4 19
5 15
6 15
7 11
8 10

1 16
2 14
3 16
4 10
5 11
6 20
7 11
8 16

1 17
2 20
3 13
4 12
5 11
6 12
7 11
8 10

1 16
2 18
3 15
4 12
5 14
6 12
7 17
8 13

1 13
2 12
3 12
4 13
5 16
6 10
7 13
8 12

1 14
2 10
3 11
4 20
5 12
6 19
7 16
8 12

1 10
2 19
3 17
4 19
5 15
6 15
7 11
8 10

1 16
2 14
3 16
4 10
5 11
6 20
7 11
8 16

1 17
2 20
3 13
4 12
5 11
6 12
7 11
8 10

1 16
2 18
3 15
4 12
5 14
6 12
7 17
8 13

1 13
2 12
3 12
4 13
5 16
6 10
7 13
8 12

1 14
2 10
3 11
4 20
5 12
6 19
7 16
8 12

1 10
2 19
3 17
4 19
5 15
6 15
7 11
8 10

1 16
2 14
3 16
4 10
5 11
6 20
7 11
8 16

1 17
2 20
3 13
4 12
5 11
6 12
7 11
8 10

1 16
2 18
3 15
4 12
5 14
6 12
7 17
8 13

1 13
2 12
3 12
4 13
5 16
6 10
7 13
8 12

1 14
2 10
3 11
4 20
5 12
6 19
7 16
8 12

1 10
2 19
3 17
4 19
5 15
6 15
7 11
8 10

1 16
2 14
3 16
4 10
5 11
6 20
7 11
8 16

1 17
2 20
3 13
4 12
5 11
6 12
7 11
8 10

1 16
2 18
3 15
4 12
5 14
6 12
7 17
8 13

1 13
2 12
3 12
4 13
5 16
6 10
7 13
8 12

1 14
2 10
3 11
4 20
5 12
6 19
7 16
8 12

1 10
2 19
3 17
4 19
5 15
6 15
7 11
8 10

1 16
2 14
3 16
4 10
5 11
6 20
7 11
8 16

1 17
2 20
3 13
4 12
5 11
6 12
7 11
8 10

1 16
2 18
3 15
4 12
5 14
6 12
7 17
8 13

1 13
2 12
3 12
4 13
5 16
6 10
7 13
8 12

1 14
2 10
3 11
4 20
5 12
6 19
7 16
8 12

1 10
2 19
3 17
4 19
5 15
6 15
7 11
8 10

1 16
2 14
3 16
4 10
5 11
6 20
7 11
8 16

1 17
2 20
3 13
4 12
5 11
6 12
7 11
8 10

1 16
2 18
3 15
4 12
5 14
6 12
7 17
8 13

1 13
2 12
3 12
4 13
5 16
6 10
7 13
8 12

1 14
2 10
3 11
4 20
5 12
6 19
7 16
8 12

1 10
2 19
3 17
4 19
5 15
6 15
7 11
8 10

1 16
2 14
3 16
4 10
5 11
6 20
7 11
8 16

1 17
2 20
3 13
4 12
5 11
6 12
7 11
8 10

1 16
2 18
3 15
4 12
5 14
6 12
7 17
8 13

1 13
2 12
3 12
4 13
5 16
6 10
7 13
8 12

1 14
2 10
3 11
4 20
5 12
6 19
7 16
8 12

1 10
2 19
3 17
4 19
5 15
6 15
7 11
8 10

1 16
2 14
3 16
4 10
5 11
6 20
7 11
8 16

1 17
2 20
3 13
4 12
5 11
6 12
7 11
8 10

1 16
2 18
3 15
4 12
5 14
6 12
7 17
8 13

1 13
2 12
3 12
4 13
5 16
6 10
7 13
8 12

1 14
2 10
3 11
4 20
5 12
6 19
7 16
8 12

1 10
2 19
3 17
4 19
5 15
6 15
7 11
8 10

1 16
2 14
3 16
4 10
5 11
6 20
7 11
8 16

1 17
2 20
3 13
4 12
5 11
6 12
7 11
8 10

1 16
2 18
3 15
4 12
5 14
6 12
7 17
8 13

1 13
2 12
3 12
4 13
5 16
6 10
7 13
8 12

1 14
2 10
3 11
4 20
5 12
6 19
7 16
8 12

1 10
2 19
3 17
4 19
5 15
6 15
7 11
8 10

1 16
2 14
3 16
4 10
5 11
6 20
7 11
8 16

1 17
2 20
3 13
4 12
5 11
6 12
7 11
8 10

1 16
2 18
3 15
4 12
5 14
6 12
7 17
8 13

1 13
2 12
3 12
4 13
5 16
6 10
7 13
8 12

1 14
2 10
3 11
4 20
5 12
6 19
7 16
8 12

1 10
2 19
3 17
4 19
5 15
6 15
7 11
8 10

1 16
2 14
3 16
4 10
5 11
6 20
7 11
8 16

1 17
2 20
3 13
4 12
5 11
6 12
7 11
8 10

1 16
2 18
3 15
4 12
5 14
6 12
7 17
8 13