1 0
2 0
3 0
4 0
5 0
6 0
7 0
8 0
9 0
10 0
11 0
12 0
13 0
14 0
15 0
16 0

1 14
2 17
3 10
4 10
5 14
6 20
7 19
8 17
9 20
10 18
11 19
12 10
13 15
14 13
15 12
16 17

1 20
2 13
3 10
4 15
5 10
6 11
7 14
8 20
9 11
10 15
11 11
12 20
13 17
14 15
15 16
16 13

1 11
2 20
3 15
4 16
5 11
6 13
7 12
8 14
9 12
10 17
11 12
12 18
13 18
14 16
15 18
16 12

1 19
2 19
3 12
4 14
5 15
6 17
7 12
8 13
9 20
10 15
11 14
12 11
13 13
14 16
15 18
16 13

1 15
2 20
3 18
4 11
5 19
6 18
7 14
8 17
9 14
10 14
11 11
12 17
13 19
14 20
15 11
16 16

1 13
2 13
3 15
4 15
5 10
6 10
7 16
8 10
9 13
10 12
11 13
12 18
13 15
14 11
15 15
16 13

1 14
2 17
3 10
4 10
5 14
6 20
7 19
8 17
9 20
10 18
11 19
12 10
13 15
14 13
15 12
16 17

1 20
2 13
3 10
4 15
5 10
6 11
7 14
8 20
9 11
10 15
11 11
12 20
13 17
14 15
15 16
16 13

1 11
2 20
3 15
4 16
5 11
6 13
7 12
8 14
9 12
10 17
11 12
12 18
13 18
14 16
15 18
16 12

1 19
2 19
3 12
4 14
5 15
6 17
7 12
8 13
9 20
10 15
11 14
12 11
13 13
14 16
15 18
16 13

1 15
2 20
3 18
4 11
5 19
6 18
7 14
8 17
9 14
10 14
11 11
12 17
13 19
14 20
15 11
16 16

1 13
2 13
3 15
4 15
5 10
6 10
7 16
8 10
9 13
10 12
11 13
12 18
13 15
14 11
15 15
16 13

1 14
2 17
3 10
4 10
5 14
6 20
7 19
8 17
9 20
10 18
11 19
12 10
13 15
14 13
15 12
16 17

1 20
2 13
3 10
4 15
5 10
6 11
7 14
8 20
9 11
10 15
11 11
12 20
13 17
14 15
15 16
16 13

1 11
2 20
3 15
4 16
5 11
6 13
7 12
8 14
9 12
10 17
11 12
12 18
13 18
14 16
15 18
16 12

1 19
2 19
3 12
4 14
5 15
6 17
7 12
8 13
9 20
10 15
11 14
12 11
13 13
14 16
15 18
16 13

1 15
2 20
3 18
4 11
5 19
6 18
7 14
8 17
9 14
10 14
11 11
12 17
13 19
14 20
15 11
16 16

1 13
2 13
3 15
4 15
5 10
6 10
7 16
8 10
9 13
10 12
11 13
12 18
13 15
14 11
15 15
16 13

1 14
2 17
3 10
4 10
5 14
6 20
7 19
8 17
9 20
10 18
11 19
12 10
13 15
14 13
15 12
16 17

1 20
2 13
3 10
4 15
5 10
6 11
7 14
8 20
9 11
10 15
11 11
12 20
13 17
14 15
15 16
16 13

1 11
2 20
3 15
4 16
5 11
6 13
7 12
8 14
9 12
10 17
11 12
12 18
13 18
14 16
15 18
16 12

1 19
2 19
3 12
4 14
5 15
6 17
7 12
8 13
9 20
10 15
11 14
12 11
13 13
14 16
15 18
16 13

1 15
2 20
3 18
4 11
5 19
6 18
7 14
8 17
9 14
10 14
11 11
12 17
13 19
14 20
15 11
16 16

1 13
2 13
3 15
4 15
5 10
6 10
7 16
8 10
9 13
10 12
11 13
12 18
13 15
14 11
15 15
16 13

1 14
2 17
3 10
4 10
5 14
6 20
7 19
8 17
9 20
10 18
11 19
12 10
13 15
14 13
15 12
16 17

1 20
2 13
3 10
4 15
5 10
6 11
7 14
8 20
9 11
10 15
11 11
12 20
13 17
14 15
15 16
16 13

1 11
2 20
3 15
4 16
5 11
6 13
7 12
8 14
9 12
10 17
11 12
12 18
13 18
14 16
15 18
16 12

1 19
2 19
3 12
4 14
5 15
6 17
7 12
8 13
9 20
10 15
11 14
12 11
13 13
14 16
15 18
16 13

1 15
2 20
3 18
4 11
5 19
6 18
7 14
8 17
9 14
10 14
11 11
12 17
13 19
14 20
15 11
16 16

1 13
2 13
3 15
4 15
5 10
6 10
7 16
8 10
9 13
10 12
11 13
12 18
13 15
14 11
15 15
16 13

1 14
2 17
3 10
4 10
5 14
6 20
7 19
8 17
9 20
10 18
11 19
12 10
13 15
14 13
15 12
16 17

1 20
2 13
3 10
4 15
5 10
6 11
7 14
8 20
9 11
10 15
11 11
12 20
13 17
14 15
15 16
16 13

1 11
2 20
3 15
4 16
5 11
6 13
7 12
8 14
9 12
10 17
11 12
12 18
13 18
14 16
15 18
16 12

1 19
2 19
3 12
4 14
5 15
6 17
7 12
8 13
9 20
10 15
11 14
12 11
13 13
14 16
15 18
16 13

1 15
2 20
3 18
4 11
5 19
6 18
7 14
8 17
9 14
10 14
11 11
12 17
13 19
14 20
15 11
16 16

1 13
2 13
3 15
4 15
5 10
6 10
7 16
8 10
9 13
10 12
11 13
12 18
13 15
14 11
15 15
16 13

1 14
2 17
3 10
4 10
5 14
6 20
7 19
8 17
9 20
10 18
11 19
12 10
13 15
14 13
15 12
16 17

1 20
2 13
3 10
4 15
5 10
6 11
7 14
8 20
9 11
10 15
11 11
12 20
13 17
14 15
15 16
16 13

1 11
2 20
3 15
4 16
5 11
6 13
7 12
8 14
9 12
10 17
11 12
12 18
13 18
14 16
15 18
16 12

1 19
2 19
3 12
4 14
5 15
6 17
7 12
8 13
9 20
10 15
11 14
12 11
13 13
14 16
15 18
16 13

1 15
2 20
3 18
4 11
5 19
6 18
7 14
8 17
9 14
10 14
11 11
12 17
13 19
14 20
15 11
16 16

1 13
2 13
3 15
4 15
5 10
6 10
7 16
8 10
9 13
10 12
11 13
12 18
13 15
14 11
15 15
16 13

1 14
2 17
3 10
4 10
5 14
6 20
7 19
8 17
9 20
10 18
11 19
12 10
13 15
14 13
15 12
16 17

1 20
2 13
3 10
4 15
5 10
6 11
7 14
8 20
9 11
10 15
11 11
12 20
13 17
14 15
15 16
16 13

1 11
2 20
3 15
4 16
5 11
6 13
7 12
8 14
9 12
10 17
11 12
12 18
13 18
14 16
15 18
16 12

1 19
2 19
3 12
4 14
5 15
6 17
7 12
8 13
9 20
10 15
11 14
12 11
13 13
14 16
15 18
16 13

1 15
2 20
3 18
4 11
5 19
6 18
7 14
8 17
9 14
10 14
11 11
12 17
13 19
14 20
15 11
16 16

1 13
2 13
3 15
4 15
5 10
6 10
7 16
8 10
9 13
10 12
11 13
12 18
13 15
14 11
15 15
16 13

1 14
2 17
3 10
4 10
5 14
6 20
7 19
8 17
9 20
10 18
11 19
12 10
13 15
14 13
15 12
16 17

1 20
2 13
3 10
4 15
5 10
6 11
7 14
8 20
9 11
10 15
11 11
12 20
13 17
14 15
15 16
16 13

1 11
2 20
3 15
4 16
5 11
6 13
7 12
8 14
9 12
10 17
11 12
12 18
13 18
14 16
15 18
16 12

1 19
2 19
3 12
4 14
5 15
6 17
7 12
8 13
9 20
10 15
11 14
12 11
13 13
14 16
15 18
16 13

1 15
2 20
3 18
4 11
5 19
6 18
7 14
8 17
9 14
10 14
11 11
12 17
13 19
14 20
15 11
16 16

1 13
2 13
3 15
4 15
5 10
6 10
7 16
8 10
9 13
10 12
11 13
12 18
13 15
14 11
15 15
16 13

1 14
2 17
3 10
4 10
5 14
6 20
7 19
8 17
9 20
10 18
11 19
12 10
13 15
14 13
15 12
16 17

1 20
2 13
3 10
4 15
5 10
6 11
7 14
8 20
9 11
10 15
11 11
12 20
13 17
14 15
15 16
16 13

1 11
2 20
3 15
4 16
5 11
6 13
7 12
8 14
9 12
10 17
11 12
12 18
13 18
14 16
15 18
16 12

1 19
2 19
3 12
4 14
5 15
6 17
7 12
8 13
9 20
10 15
11 14
12 11
13 13
14 16
15 18
16 13

1 15
2 20
3 18
4 11
5 19
6 18
7 14
8 17
9 14
10 14
11 11
12 17
13 19
14 20
15 11
16 16

1 13
2 13
3 15
4 15
5 10
6 10
7 16
8 10
9 13
10 12
11 13
12 18
13 15
14 11
15 15
16 13