1 0
2 0
3 0
4 0

1 4
2 3
3 9
4 3

1 4
2 3
3 7
4 7

1 4
2 3
3 9
4 3

1 4
2 3
3 7
4 7

1 4
2 3
3 9
4 3

1 4
2 3
3 7
4 7

1 4
2 3
3 9
4 3

1 4
2 3
3 7
4 7

1 4
2 3
3 9
4 3

1 4
2 3
3 7
4 7

1 4
2 3
3 9
4 3

1 4
2 3
3 7
4 7

1 4
2 3
3 9
4 3

1 4
2 3
3 7
4 7

1 4
2 3
3 9
4 3

1 4
2 3
3 7
4 7

1 4
2 3
3 9
4 3

1 4
2 3
3 7
4 7

1 4
2 3
3 9
4 3

1 4
2 3
3 7
4 7

1 4
2 3
3 9
4 3

1 4
2 3
3 7
4 7

1 4
2 3
3 9
4 3

1 4
2 3
3 7
4 7

1 4
2 3
3 9
4 3

1 4
2 3
3 7
4 7

1 4
2 3
3 9
4 3

1 4
2 3
3 7
4 7

1 4
2 3
3 9
4 3

1 4
2 3
3 7
4 7

1 4
2 3
3 9
4 3

1 4
2 3
3 7
4 7

1 4
2 3
3 9
4 3

1 4
2 3
3 7
4 7

1 4
2 3
3 9
4 3

1 4
2 3
3 7
4 7

1 4
2 3
3 9
4 3

1 4
2 3
3 7
4 7

1 4
2 3
3 9
4 3

1 4
2 3
3 7
4 7