1 0
2 0
3 0
4 0

1 8
2 2
3 0
4 4

1 1
2 1
3 0
4 1

1 3
2 2
3 3
4 1

1 9
2 3
3 0
4 2

1 8
2 2
3 0
4 4

1 1
2 1
3 0
4 1

1 3
2 2
3 3
4 1

1 9
2 3
3 0
4 2

1 8
2 2
3 0
4 4

1 1
2 1
3 0
4 1

1 3
2 2
3 3
4 1

1 9
2 3
3 0
4 2

1 8
2 2
3 0
4 4

1 1
2 1
3 0
4 1

1 3
2 2
3 3
4 1

1 9
2 3
3 0
4 2

1 8
2 2
3 0
4 4

1 1
2 1
3 0
4 1

1 3
2 2
3 3
4 1

1 9
2 3
3 0
4 2

1 8
2 2
3 0
4 4

1 1
2 1
3 0
4 1

1 3
2 2
3 3
4 1

1 9
2 3
3 0
4 2

1 8
2 2
3 0
4 4

1 1
2 1
3 0
4 1

1 3
2 2
3 3
4 1

1 9
2 3
3 0
4 2

1 8
2 2
3 0
4 4

1 1
2 1
3 0
4 1

1 3
2 2
3 3
4 1

1 9
2 3
3 0
4 2

1 8
2 2
3 0
4 4

1 1
2 1
3 0
4 1

1 3
2 2
3 3
4 1

1 9
2 3
3 0
4 2

1 8
2 2
3 0
4 4

1 1
2 1
3 0
4 1

1 3
2 2
3 3
4 1

1 9
2 3
3 0
4 2