1 0
2 0
3 0
4 0
5 0
6 0
7 0
8 0

1 17
2 10
3 16
4 19
5 16
6 20
7 12
8 18

1 14
2 10
3 17
4 17
5 18
6 13
7 10
8 20

1 11
2 14
3 15
4 10
5 14
6 17
7 19
8 20

1 13
2 18
3 15
4 10
5 15
6 13
7 14
8 12

1 17
2 10
3 16
4 19
5 16
6 20
7 12
8 18

1 14
2 10
3 17
4 17
5 18
6 13
7 10
8 20

1 11
2 14
3 15
4 10
5 14
6 17
7 19
8 20

1 13
2 18
3 15
4 10
5 15
6 13
7 14
8 12

1 17
2 10
3 16
4 19
5 16
6 20
7 12
8 18

1 14
2 10
3 17
4 17
5 18
6 13
7 10
8 20

1 11
2 14
3 15
4 10
5 14
6 17
7 19
8 20

1 13
2 18
3 15
4 10
5 15
6 13
7 14
8 12

1 17
2 10
3 16
4 19
5 16
6 20
7 12
8 18

1 14
2 10
3 17
4 17
5 18
6 13
7 10
8 20

1 11
2 14
3 15
4 10
5 14
6 17
7 19
8 20

1 13
2 18
3 15
4 10
5 15
6 13
7 14
8 12

1 17
2 10
3 16
4 19
5 16
6 20
7 12
8 18

1 14
2 10
3 17
4 17
5 18
6 13
7 10
8 20

1 11
2 14
3 15
4 10
5 14
6 17
7 19
8 20

1 13
2 18
3 15
4 10
5 15
6 13
7 14
8 12

1 17
2 10
3 16
4 19
5 16
6 20
7 12
8 18

1 14
2 10
3 17
4 17
5 18
6 13
7 10
8 20

1 11
2 14
3 15
4 10
5 14
6 17
7 19
8 20

1 13
2 18
3 15
4 10
5 15
6 13
7 14
8 12

1 17
2 10
3 16
4 19
5 16
6 20
7 12
8 18

1 14
2 10
3 17
4 17
5 18
6 13
7 10
8 20

1 11
2 14
3 15
4 10
5 14
6 17
7 19
8 20

1 13
2 18
3 15
4 10
5 15
6 13
7 14
8 12

1 17
2 10
3 16
4 19
5 16
6 20
7 12
8 18

1 14
2 10
3 17
4 17
5 18
6 13
7 10
8 20

1 11
2 14
3 15
4 10
5 14
6 17
7 19
8 20

1 13
2 18
3 15
4 10
5 15
6 13
7 14
8 12

1 17
2 10
3 16
4 19
5 16
6 20
7 12
8 18

1 14
2 10
3 17
4 17
5 18
6 13
7 10
8 20

1 11
2 14
3 15
4 10
5 14
6 17
7 19
8 20

1 13
2 18
3 15
4 10
5 15
6 13
7 14
8 12

1 17
2 10
3 16
4 19
5 16
6 20
7 12
8 18

1 14
2 10
3 17
4 17
5 18
6 13
7 10
8 20

1 11
2 14
3 15
4 10
5 14
6 17
7 19
8 20

1 13
2 18
3 15
4 10
5 15
6 13
7 14
8 12

1 17
2 10
3 16
4 19
5 16
6 20
7 12
8 18

1 14
2 10
3 17
4 17
5 18
6 13
7 10
8 20

1 11
2 14
3 15
4 10
5 14
6 17
7 19
8 20

1 13
2 18
3 15
4 10
5 15
6 13
7 14
8 12

1 17
2 10
3 16
4 19
5 16
6 20
7 12
8 18

1 14
2 10
3 17
4 17
5 18
6 13
7 10
8 20

1 11
2 14
3 15
4 10
5 14
6 17
7 19
8 20

1 13
2 18
3 15
4 10
5 15
6 13
7 14
8 12

1 17
2 10
3 16
4 19
5 16
6 20
7 12
8 18

1 14
2 10
3 17
4 17
5 18
6 13
7 10
8 20

1 11
2 14
3 15
4 10
5 14
6 17
7 19
8 20

1 13
2 18
3 15
4 10
5 15
6 13
7 14
8 12

1 17
2 10
3 16
4 19
5 16
6 20
7 12
8 18

1 14
2 10
3 17
4 17
5 18
6 13
7 10
8 20

1 11
2 14
3 15
4 10
5 14
6 17
7 19
8 20

1 13
2 18
3 15
4 10
5 15
6 13
7 14
8 12

1 17
2 10
3 16
4 19
5 16
6 20
7 12
8 18

1 14
2 10
3 17
4 17
5 18
6 13
7 10
8 20

1 11
2 14
3 15
4 10
5 14
6 17
7 19
8 20

1 13
2 18
3 15
4 10
5 15
6 13
7 14
8 12