1 0
2 0
3 0
4 0

1 14
2 19
3 10
4 14

1 12
2 16
3 12
4 10

1 12
2 19
3 12
4 17

1 18
2 10
3 17
4 15

1 19
2 16
3 12
4 15

1 13
2 20
3 16
4 10

1 14
2 19
3 10
4 14

1 12
2 16
3 12
4 10

1 12
2 19
3 12
4 17

1 18
2 10
3 17
4 15

1 19
2 16
3 12
4 15

1 13
2 20
3 16
4 10

1 14
2 19
3 10
4 14

1 12
2 16
3 12
4 10

1 12
2 19
3 12
4 17

1 18
2 10
3 17
4 15

1 19
2 16
3 12
4 15

1 13
2 20
3 16
4 10

1 14
2 19
3 10
4 14

1 12
2 16
3 12
4 10

1 12
2 19
3 12
4 17

1 18
2 10
3 17
4 15

1 19
2 16
3 12
4 15

1 13
2 20
3 16
4 10

1 14
2 19
3 10
4 14

1 12
2 16
3 12
4 10

1 12
2 19
3 12
4 17

1 18
2 10
3 17
4 15

1 19
2 16
3 12
4 15

1 13
2 20
3 16
4 10

1 14
2 19
3 10
4 14

1 12
2 16
3 12
4 10

1 12
2 19
3 12
4 17

1 18
2 10
3 17
4 15

1 19
2 16
3 12
4 15

1 13
2 20
3 16
4 10

1 14
2 19
3 10
4 14

1 12
2 16
3 12
4 10

1 12
2 19
3 12
4 17

1 18
2 10
3 17
4 15

1 19
2 16
3 12
4 15

1 13
2 20
3 16
4 10

1 14
2 19
3 10
4 14

1 12
2 16
3 12
4 10

1 12
2 19
3 12
4 17

1 18
2 10
3 17
4 15

1 19
2 16
3 12
4 15

1 13
2 20
3 16
4 10

1 14
2 19
3 10
4 14

1 12
2 16
3 12
4 10

1 12
2 19
3 12
4 17

1 18
2 10
3 17
4 15

1 19
2 16
3 12
4 15

1 13
2 20
3 16
4 10

1 14
2 19
3 10
4 14

1 12
2 16
3 12
4 10

1 12
2 19
3 12
4 17

1 18
2 10
3 17
4 15

1 19
2 16
3 12
4 15

1 13
2 20
3 16
4 10