1 0
2 0
3 0
4 0
5 0
6 0
7 0
8 0

1 17
2 13
3 16
4 16
5 16
6 10
7 12
8 11

1 19
2 19
3 13
4 15
5 15
6 13
7 17
8 10

1 14
2 20
3 14
4 10
5 14
6 16
7 16
8 15

1 10
2 19
3 13
4 14
5 14
6 20
7 18
8 16

1 10
2 20
3 14
4 20
5 13
6 10
7 12
8 18

1 19
2 10
3 10
4 13
5 12
6 17
7 13
8 15

1 17
2 13
3 16
4 16
5 16
6 10
7 12
8 11

1 19
2 19
3 13
4 15
5 15
6 13
7 17
8 10

1 14
2 20
3 14
4 10
5 14
6 16
7 16
8 15

1 10
2 19
3 13
4 14
5 14
6 20
7 18
8 16

1 10
2 20
3 14
4 20
5 13
6 10
7 12
8 18

1 19
2 10
3 10
4 13
5 12
6 17
7 13
8 15

1 17
2 13
3 16
4 16
5 16
6 10
7 12
8 11

1 19
2 19
3 13
4 15
5 15
6 13
7 17
8 10

1 14
2 20
3 14
4 10
5 14
6 16
7 16
8 15

1 10
2 19
3 13
4 14
5 14
6 20
7 18
8 16

1 10
2 20
3 14
4 20
5 13
6 10
7 12
8 18

1 19
2 10
3 10
4 13
5 12
6 17
7 13
8 15

1 17
2 13
3 16
4 16
5 16
6 10
7 12
8 11

1 19
2 19
3 13
4 15
5 15
6 13
7 17
8 10

1 14
2 20
3 14
4 10
5 14
6 16
7 16
8 15

1 10
2 19
3 13
4 14
5 14
6 20
7 18
8 16

1 10
2 20
3 14
4 20
5 13
6 10
7 12
8 18

1 19
2 10
3 10
4 13
5 12
6 17
7 13
8 15

1 17
2 13
3 16
4 16
5 16
6 10
7 12
8 11

1 19
2 19
3 13
4 15
5 15
6 13
7 17
8 10

1 14
2 20
3 14
4 10
5 14
6 16
7 16
8 15

1 10
2 19
3 13
4 14
5 14
6 20
7 18
8 16

1 10
2 20
3 14
4 20
5 13
6 10
7 12
8 18

1 19
2 10
3 10
4 13
5 12
6 17
7 13
8 15

1 17
2 13
3 16
4 16
5 16
6 10
7 12
8 11

1 19
2 19
3 13
4 15
5 15
6 13
7 17
8 10

1 14
2 20
3 14
4 10
5 14
6 16
7 16
8 15

1 10
2 19
3 13
4 14
5 14
6 20
7 18
8 16

1 10
2 20
3 14
4 20
5 13
6 10
7 12
8 18

1 19
2 10
3 10
4 13
5 12
6 17
7 13
8 15

1 17
2 13
3 16
4 16
5 16
6 10
7 12
8 11

1 19
2 19
3 13
4 15
5 15
6 13
7 17
8 10

1 14
2 20
3 14
4 10
5 14
6 16
7 16
8 15

1 10
2 19
3 13
4 14
5 14
6 20
7 18
8 16

1 10
2 20
3 14
4 20
5 13
6 10
7 12
8 18

1 19
2 10
3 10
4 13
5 12
6 17
7 13
8 15

1 17
2 13
3 16
4 16
5 16
6 10
7 12
8 11

1 19
2 19
3 13
4 15
5 15
6 13
7 17
8 10

1 14
2 20
3 14
4 10
5 14
6 16
7 16
8 15

1 10
2 19
3 13
4 14
5 14
6 20
7 18
8 16

1 10
2 20
3 14
4 20
5 13
6 10
7 12
8 18

1 19
2 10
3 10
4 13
5 12
6 17
7 13
8 15

1 17
2 13
3 16
4 16
5 16
6 10
7 12
8 11

1 19
2 19
3 13
4 15
5 15
6 13
7 17
8 10

1 14
2 20
3 14
4 10
5 14
6 16
7 16
8 15

1 10
2 19
3 13
4 14
5 14
6 20
7 18
8 16

1 10
2 20
3 14
4 20
5 13
6 10
7 12
8 18

1 19
2 10
3 10
4 13
5 12
6 17
7 13
8 15

1 17
2 13
3 16
4 16
5 16
6 10
7 12
8 11

1 19
2 19
3 13
4 15
5 15
6 13
7 17
8 10

1 14
2 20
3 14
4 10
5 14
6 16
7 16
8 15

1 10
2 19
3 13
4 14
5 14
6 20
7 18
8 16

1 10
2 20
3 14
4 20
5 13
6 10
7 12
8 18

1 19
2 10
3 10
4 13
5 12
6 17
7 13
8 15

1 17
2 13
3 16
4 16
5 16
6 10
7 12
8 11

1 19
2 19
3 13
4 15
5 15
6 13
7 17
8 10

1 14
2 20
3 14
4 10
5 14
6 16
7 16
8 15

1 10
2 19
3 13
4 14
5 14
6 20
7 18
8 16

1 10
2 20
3 14
4 20
5 13
6 10
7 12
8 18

1 19
2 10
3 10
4 13
5 12
6 17
7 13
8 15

1 17
2 13
3 16
4 16
5 16
6 10
7 12
8 11

1 19
2 19
3 13
4 15
5 15
6 13
7 17
8 10

1 14
2 20
3 14
4 10
5 14
6 16
7 16
8 15

1 10
2 19
3 13
4 14
5 14
6 20
7 18
8 16

1 10
2 20
3 14
4 20
5 13
6 10
7 12
8 18

1 19
2 10
3 10
4 13
5 12
6 17
7 13
8 15

1 17
2 13
3 16
4 16
5 16
6 10
7 12
8 11

1 19
2 19
3 13
4 15
5 15
6 13
7 17
8 10

1 14
2 20
3 14
4 10
5 14
6 16
7 16
8 15

1 10
2 19
3 13
4 14
5 14
6 20
7 18
8 16

1 10
2 20
3 14
4 20
5 13
6 10
7 12
8 18

1 19
2 10
3 10
4 13
5 12
6 17
7 13
8 15

1 17
2 13
3 16
4 16
5 16
6 10
7 12
8 11

1 19
2 19
3 13
4 15
5 15
6 13
7 17
8 10

1 14
2 20
3 14
4 10
5 14
6 16
7 16
8 15

1 10
2 19
3 13
4 14
5 14
6 20
7 18
8 16

1 10
2 20
3 14
4 20
5 13
6 10
7 12
8 18

1 19
2 10
3 10
4 13
5 12
6 17
7 13
8 15

1 17
2 13
3 16
4 16
5 16
6 10
7 12
8 11

1 19
2 19
3 13
4 15
5 15
6 13
7 17
8 10

1 14
2 20
3 14
4 10
5 14
6 16
7 16
8 15

1 10
2 19
3 13
4 14
5 14
6 20
7 18
8 16

1 10
2 20
3 14
4 20
5 13
6 10
7 12
8 18

1 19
2 10
3 10
4 13
5 12
6 17
7 13
8 15