1 0
2 0
3 0
4 0

1 14
2 14
3 17
4 20

1 18
2 14
3 12
4 15

1 17
2 11
3 20
4 16

1 17
2 18
3 18
4 19

1 14
2 14
3 17
4 20

1 18
2 14
3 12
4 15

1 17
2 11
3 20
4 16

1 17
2 18
3 18
4 19

1 14
2 14
3 17
4 20

1 18
2 14
3 12
4 15

1 17
2 11
3 20
4 16

1 17
2 18
3 18
4 19

1 14
2 14
3 17
4 20

1 18
2 14
3 12
4 15

1 17
2 11
3 20
4 16

1 17
2 18
3 18
4 19

1 14
2 14
3 17
4 20

1 18
2 14
3 12
4 15

1 17
2 11
3 20
4 16

1 17
2 18
3 18
4 19

1 14
2 14
3 17
4 20

1 18
2 14
3 12
4 15

1 17
2 11
3 20
4 16

1 17
2 18
3 18
4 19

1 14
2 14
3 17
4 20

1 18
2 14
3 12
4 15

1 17
2 11
3 20
4 16

1 17
2 18
3 18
4 19

1 14
2 14
3 17
4 20

1 18
2 14
3 12
4 15

1 17
2 11
3 20
4 16

1 17
2 18
3 18
4 19

1 14
2 14
3 17
4 20

1 18
2 14
3 12
4 15

1 17
2 11
3 20
4 16

1 17
2 18
3 18
4 19

1 14
2 14
3 17
4 20

1 18
2 14
3 12
4 15

1 17
2 11
3 20
4 16

1 17
2 18
3 18
4 19

1 14
2 14
3 17
4 20

1 18
2 14
3 12
4 15

1 17
2 11
3 20
4 16

1 17
2 18
3 18
4 19

1 14
2 14
3 17
4 20

1 18
2 14
3 12
4 15

1 17
2 11
3 20
4 16

1 17
2 18
3 18
4 19

1 14
2 14
3 17
4 20

1 18
2 14
3 12
4 15

1 17
2 11
3 20
4 16

1 17
2 18
3 18
4 19

1 14
2 14
3 17
4 20

1 18
2 14
3 12
4 15

1 17
2 11
3 20
4 16

1 17
2 18
3 18
4 19

1 14
2 14
3 17
4 20

1 18
2 14
3 12
4 15

1 17
2 11
3 20
4 16

1 17
2 18
3 18
4 19