1 0
2 0
3 0
4 0

1 13
2 12
3 16
4 17

1 16
2 14
3 19
4 10

1 14
2 17
3 13
4 12

1 19
2 10
3 19
4 15

1 18
2 13
3 11
4 10

1 18
2 19
3 11
4 11

1 13
2 12
3 16
4 17

1 16
2 14
3 19
4 10

1 14
2 17
3 13
4 12

1 19
2 10
3 19
4 15

1 18
2 13
3 11
4 10

1 18
2 19
3 11
4 11

1 13
2 12
3 16
4 17

1 16
2 14
3 19
4 10

1 14
2 17
3 13
4 12

1 19
2 10
3 19
4 15

1 18
2 13
3 11
4 10

1 18
2 19
3 11
4 11

1 13
2 12
3 16
4 17

1 16
2 14
3 19
4 10

1 14
2 17
3 13
4 12

1 19
2 10
3 19
4 15

1 18
2 13
3 11
4 10

1 18
2 19
3 11
4 11

1 13
2 12
3 16
4 17

1 16
2 14
3 19
4 10

1 14
2 17
3 13
4 12

1 19
2 10
3 19
4 15

1 18
2 13
3 11
4 10

1 18
2 19
3 11
4 11

1 13
2 12
3 16
4 17

1 16
2 14
3 19
4 10

1 14
2 17
3 13
4 12

1 19
2 10
3 19
4 15

1 18
2 13
3 11
4 10

1 18
2 19
3 11
4 11

1 13
2 12
3 16
4 17

1 16
2 14
3 19
4 10

1 14
2 17
3 13
4 12

1 19
2 10
3 19
4 15

1 18
2 13
3 11
4 10

1 18
2 19
3 11
4 11

1 13
2 12
3 16
4 17

1 16
2 14
3 19
4 10

1 14
2 17
3 13
4 12

1 19
2 10
3 19
4 15

1 18
2 13
3 11
4 10

1 18
2 19
3 11
4 11

1 13
2 12
3 16
4 17

1 16
2 14
3 19
4 10

1 14
2 17
3 13
4 12

1 19
2 10
3 19
4 15

1 18
2 13
3 11
4 10

1 18
2 19
3 11
4 11

1 13
2 12
3 16
4 17

1 16
2 14
3 19
4 10

1 14
2 17
3 13
4 12

1 19
2 10
3 19
4 15

1 18
2 13
3 11
4 10

1 18
2 19
3 11
4 11

1 13
2 12
3 16
4 17

1 16
2 14
3 19
4 10

1 14
2 17
3 13
4 12

1 19
2 10
3 19
4 15

1 18
2 13
3 11
4 10

1 18
2 19
3 11
4 11

1 13
2 12
3 16
4 17

1 16
2 14
3 19
4 10

1 14
2 17
3 13
4 12

1 19
2 10
3 19
4 15

1 18
2 13
3 11
4 10

1 18
2 19
3 11
4 11

1 13
2 12
3 16
4 17

1 16
2 14
3 19
4 10

1 14
2 17
3 13
4 12

1 19
2 10
3 19
4 15

1 18
2 13
3 11
4 10

1 18
2 19
3 11
4 11

1 13
2 12
3 16
4 17

1 16
2 14
3 19
4 10

1 14
2 17
3 13
4 12

1 19
2 10
3 19
4 15

1 18
2 13
3 11
4 10

1 18
2 19
3 11
4 11

1 13
2 12
3 16
4 17

1 16
2 14
3 19
4 10

1 14
2 17
3 13
4 12

1 19
2 10
3 19
4 15

1 18
2 13
3 11
4 10

1 18
2 19
3 11
4 11