1 0
2 0
3 0
4 0
5 0
6 0
7 0
8 0
9 0
10 0
11 0
12 0
13 0
14 0
15 0
16 0

1 16
2 16
3 17
4 11
5 19
6 20
7 20
8 15
9 20
10 12
11 19
12 19
13 16
14 11
15 15
16 16

1 16
2 15
3 17
4 20
5 19
6 13
7 17
8 15
9 12
10 15
11 13
12 18
13 11
14 14
15 17
16 16

1 11
2 12
3 11
4 11
5 10
6 10
7 15
8 13
9 16
10 19
11 12
12 11
13 10
14 18
15 13
16 14

1 15
2 15
3 17
4 20
5 13
6 16
7 12
8 19
9 13
10 19
11 14
12 14
13 12
14 13
15 10
16 12

1 10
2 15
3 13
4 19
5 12
6 17
7 17
8 15
9 10
10 14
11 12
12 11
13 16
14 15
15 17
16 15

1 13
2 12
3 16
4 15
5 20
6 12
7 10
8 19
9 15
10 12
11 18
12 12
13 16
14 16
15 17
16 15

1 16
2 16
3 17
4 11
5 19
6 20
7 20
8 15
9 20
10 12
11 19
12 19
13 16
14 11
15 15
16 16

1 16
2 15
3 17
4 20
5 19
6 13
7 17
8 15
9 12
10 15
11 13
12 18
13 11
14 14
15 17
16 16

1 11
2 12
3 11
4 11
5 10
6 10
7 15
8 13
9 16
10 19
11 12
12 11
13 10
14 18
15 13
16 14

1 15
2 15
3 17
4 20
5 13
6 16
7 12
8 19
9 13
10 19
11 14
12 14
13 12
14 13
15 10
16 12

1 10
2 15
3 13
4 19
5 12
6 17
7 17
8 15
9 10
10 14
11 12
12 11
13 16
14 15
15 17
16 15

1 13
2 12
3 16
4 15
5 20
6 12
7 10
8 19
9 15
10 12
11 18
12 12
13 16
14 16
15 17
16 15

1 16
2 16
3 17
4 11
5 19
6 20
7 20
8 15
9 20
10 12
11 19
12 19
13 16
14 11
15 15
16 16

1 16
2 15
3 17
4 20
5 19
6 13
7 17
8 15
9 12
10 15
11 13
12 18
13 11
14 14
15 17
16 16

1 11
2 12
3 11
4 11
5 10
6 10
7 15
8 13
9 16
10 19
11 12
12 11
13 10
14 18
15 13
16 14

1 15
2 15
3 17
4 20
5 13
6 16
7 12
8 19
9 13
10 19
11 14
12 14
13 12
14 13
15 10
16 12

1 10
2 15
3 13
4 19
5 12
6 17
7 17
8 15
9 10
10 14
11 12
12 11
13 16
14 15
15 17
16 15

1 13
2 12
3 16
4 15
5 20
6 12
7 10
8 19
9 15
10 12
11 18
12 12
13 16
14 16
15 17
16 15

1 16
2 16
3 17
4 11
5 19
6 20
7 20
8 15
9 20
10 12
11 19
12 19
13 16
14 11
15 15
16 16

1 16
2 15
3 17
4 20
5 19
6 13
7 17
8 15
9 12
10 15
11 13
12 18
13 11
14 14
15 17
16 16

1 11
2 12
3 11
4 11
5 10
6 10
7 15
8 13
9 16
10 19
11 12
12 11
13 10
14 18
15 13
16 14

1 15
2 15
3 17
4 20
5 13
6 16
7 12
8 19
9 13
10 19
11 14
12 14
13 12
14 13
15 10
16 12

1 10
2 15
3 13
4 19
5 12
6 17
7 17
8 15
9 10
10 14
11 12
12 11
13 16
14 15
15 17
16 15

1 13
2 12
3 16
4 15
5 20
6 12
7 10
8 19
9 15
10 12
11 18
12 12
13 16
14 16
15 17
16 15

1 16
2 16
3 17
4 11
5 19
6 20
7 20
8 15
9 20
10 12
11 19
12 19
13 16
14 11
15 15
16 16

1 16
2 15
3 17
4 20
5 19
6 13
7 17
8 15
9 12
10 15
11 13
12 18
13 11
14 14
15 17
16 16

1 11
2 12
3 11
4 11
5 10
6 10
7 15
8 13
9 16
10 19
11 12
12 11
13 10
14 18
15 13
16 14

1 15
2 15
3 17
4 20
5 13
6 16
7 12
8 19
9 13
10 19
11 14
12 14
13 12
14 13
15 10
16 12

1 10
2 15
3 13
4 19
5 12
6 17
7 17
8 15
9 10
10 14
11 12
12 11
13 16
14 15
15 17
16 15

1 13
2 12
3 16
4 15
5 20
6 12
7 10
8 19
9 15
10 12
11 18
12 12
13 16
14 16
15 17
16 15

1 16
2 16
3 17
4 11
5 19
6 20
7 20
8 15
9 20
10 12
11 19
12 19
13 16
14 11
15 15
16 16

1 16
2 15
3 17
4 20
5 19
6 13
7 17
8 15
9 12
10 15
11 13
12 18
13 11
14 14
15 17
16 16

1 11
2 12
3 11
4 11
5 10
6 10
7 15
8 13
9 16
10 19
11 12
12 11
13 10
14 18
15 13
16 14

1 15
2 15
3 17
4 20
5 13
6 16
7 12
8 19
9 13
10 19
11 14
12 14
13 12
14 13
15 10
16 12

1 10
2 15
3 13
4 19
5 12
6 17
7 17
8 15
9 10
10 14
11 12
12 11
13 16
14 15
15 17
16 15

1 13
2 12
3 16
4 15
5 20
6 12
7 10
8 19
9 15
10 12
11 18
12 12
13 16
14 16
15 17
16 15

1 16
2 16
3 17
4 11
5 19
6 20
7 20
8 15
9 20
10 12
11 19
12 19
13 16
14 11
15 15
16 16

1 16
2 15
3 17
4 20
5 19
6 13
7 17
8 15
9 12
10 15
11 13
12 18
13 11
14 14
15 17
16 16

1 11
2 12
3 11
4 11
5 10
6 10
7 15
8 13
9 16
10 19
11 12
12 11
13 10
14 18
15 13
16 14

1 15
2 15
3 17
4 20
5 13
6 16
7 12
8 19
9 13
10 19
11 14
12 14
13 12
14 13
15 10
16 12

1 10
2 15
3 13
4 19
5 12
6 17
7 17
8 15
9 10
10 14
11 12
12 11
13 16
14 15
15 17
16 15

1 13
2 12
3 16
4 15
5 20
6 12
7 10
8 19
9 15
10 12
11 18
12 12
13 16
14 16
15 17
16 15

1 16
2 16
3 17
4 11
5 19
6 20
7 20
8 15
9 20
10 12
11 19
12 19
13 16
14 11
15 15
16 16

1 16
2 15
3 17
4 20
5 19
6 13
7 17
8 15
9 12
10 15
11 13
12 18
13 11
14 14
15 17
16 16

1 11
2 12
3 11
4 11
5 10
6 10
7 15
8 13
9 16
10 19
11 12
12 11
13 10
14 18
15 13
16 14

1 15
2 15
3 17
4 20
5 13
6 16
7 12
8 19
9 13
10 19
11 14
12 14
13 12
14 13
15 10
16 12

1 10
2 15
3 13
4 19
5 12
6 17
7 17
8 15
9 10
10 14
11 12
12 11
13 16
14 15
15 17
16 15

1 13
2 12
3 16
4 15
5 20
6 12
7 10
8 19
9 15
10 12
11 18
12 12
13 16
14 16
15 17
16 15

1 16
2 16
3 17
4 11
5 19
6 20
7 20
8 15
9 20
10 12
11 19
12 19
13 16
14 11
15 15
16 16

1 16
2 15
3 17
4 20
5 19
6 13
7 17
8 15
9 12
10 15
11 13
12 18
13 11
14 14
15 17
16 16

1 11
2 12
3 11
4 11
5 10
6 10
7 15
8 13
9 16
10 19
11 12
12 11
13 10
14 18
15 13
16 14

1 15
2 15
3 17
4 20
5 13
6 16
7 12
8 19
9 13
10 19
11 14
12 14
13 12
14 13
15 10
16 12

1 10
2 15
3 13
4 19
5 12
6 17
7 17
8 15
9 10
10 14
11 12
12 11
13 16
14 15
15 17
16 15

1 13
2 12
3 16
4 15
5 20
6 12
7 10
8 19
9 15
10 12
11 18
12 12
13 16
14 16
15 17
16 15

1 16
2 16
3 17
4 11
5 19
6 20
7 20
8 15
9 20
10 12
11 19
12 19
13 16
14 11
15 15
16 16

1 16
2 15
3 17
4 20
5 19
6 13
7 17
8 15
9 12
10 15
11 13
12 18
13 11
14 14
15 17
16 16

1 11
2 12
3 11
4 11
5 10
6 10
7 15
8 13
9 16
10 19
11 12
12 11
13 10
14 18
15 13
16 14

1 15
2 15
3 17
4 20
5 13
6 16
7 12
8 19
9 13
10 19
11 14
12 14
13 12
14 13
15 10
16 12

1 10
2 15
3 13
4 19
5 12
6 17
7 17
8 15
9 10
10 14
11 12
12 11
13 16
14 15
15 17
16 15

1 13
2 12
3 16
4 15
5 20
6 12
7 10
8 19
9 15
10 12
11 18
12 12
13 16
14 16
15 17
16 15

1 16
2 16
3 17
4 11
5 19
6 20
7 20
8 15
9 20
10 12
11 19
12 19
13 16
14 11
15 15
16 16

1 16
2 15
3 17
4 20
5 19
6 13
7 17
8 15
9 12
10 15
11 13
12 18
13 11
14 14
15 17
16 16

1 11
2 12
3 11
4 11
5 10
6 10
7 15
8 13
9 16
10 19
11 12
12 11
13 10
14 18
15 13
16 14

1 15
2 15
3 17
4 20
5 13
6 16
7 12
8 19
9 13
10 19
11 14
12 14
13 12
14 13
15 10
16 12

1 10
2 15
3 13
4 19
5 12
6 17
7 17
8 15
9 10
10 14
11 12
12 11
13 16
14 15
15 17
16 15

1 13
2 12
3 16
4 15
5 20
6 12
7 10
8 19
9 15
10 12
11 18
12 12
13 16
14 16
15 17
16 15

1 16
2 16
3 17
4 11
5 19
6 20
7 20
8 15
9 20
10 12
11 19
12 19
13 16
14 11
15 15
16 16

1 16
2 15
3 17
4 20
5 19
6 13
7 17
8 15
9 12
10 15
11 13
12 18
13 11
14 14
15 17
16 16

1 11
2 12
3 11
4 11
5 10
6 10
7 15
8 13
9 16
10 19
11 12
12 11
13 10
14 18
15 13
16 14

1 15
2 15
3 17
4 20
5 13
6 16
7 12
8 19
9 13
10 19
11 14
12 14
13 12
14 13
15 10
16 12

1 10
2 15
3 13
4 19
5 12
6 17
7 17
8 15
9 10
10 14
11 12
12 11
13 16
14 15
15 17
16 15

1 13
2 12
3 16
4 15
5 20
6 12
7 10
8 19
9 15
10 12
11 18
12 12
13 16
14 16
15 17
16 15

1 16
2 16
3 17
4 11
5 19
6 20
7 20
8 15
9 20
10 12
11 19
12 19
13 16
14 11
15 15
16 16

1 16
2 15
3 17
4 20
5 19
6 13
7 17
8 15
9 12
10 15
11 13
12 18
13 11
14 14
15 17
16 16

1 11
2 12
3 11
4 11
5 10
6 10
7 15
8 13
9 16
10 19
11 12
12 11
13 10
14 18
15 13
16 14

1 15
2 15
3 17
4 20
5 13
6 16
7 12
8 19
9 13
10 19
11 14
12 14
13 12
14 13
15 10
16 12

1 10
2 15
3 13
4 19
5 12
6 17
7 17
8 15
9 10
10 14
11 12
12 11
13 16
14 15
15 17
16 15

1 13
2 12
3 16
4 15
5 20
6 12
7 10
8 19
9 15
10 12
11 18
12 12
13 16
14 16
15 17
16 15

1 16
2 16
3 17
4 11
5 19
6 20
7 20
8 15
9 20
10 12
11 19
12 19
13 16
14 11
15 15
16 16

1 16
2 15
3 17
4 20
5 19
6 13
7 17
8 15
9 12
10 15
11 13
12 18
13 11
14 14
15 17
16 16

1 11
2 12
3 11
4 11
5 10
6 10
7 15
8 13
9 16
10 19
11 12
12 11
13 10
14 18
15 13
16 14

1 15
2 15
3 17
4 20
5 13
6 16
7 12
8 19
9 13
10 19
11 14
12 14
13 12
14 13
15 10
16 12

1 10
2 15
3 13
4 19
5 12
6 17
7 17
8 15
9 10
10 14
11 12
12 11
13 16
14 15
15 17
16 15

1 13
2 12
3 16
4 15
5 20
6 12
7 10
8 19
9 15
10 12
11 18
12 12
13 16
14 16
15 17
16 15

1 16
2 16
3 17
4 11
5 19
6 20
7 20
8 15
9 20
10 12
11 19
12 19
13 16
14 11
15 15
16 16

1 16
2 15
3 17
4 20
5 19
6 13
7 17
8 15
9 12
10 15
11 13
12 18
13 11
14 14
15 17
16 16

1 11
2 12
3 11
4 11
5 10
6 10
7 15
8 13
9 16
10 19
11 12
12 11
13 10
14 18
15 13
16 14

1 15
2 15
3 17
4 20
5 13
6 16
7 12
8 19
9 13
10 19
11 14
12 14
13 12
14 13
15 10
16 12

1 10
2 15
3 13
4 19
5 12
6 17
7 17
8 15
9 10
10 14
11 12
12 11
13 16
14 15
15 17
16 15

1 13
2 12
3 16
4 15
5 20
6 12
7 10
8 19
9 15
10 12
11 18
12 12
13 16
14 16
15 17
16 15

1 16
2 16
3 17
4 11
5 19
6 20
7 20
8 15
9 20
10 12
11 19
12 19
13 16
14 11
15 15
16 16

1 16
2 15
3 17
4 20
5 19
6 13
7 17
8 15
9 12
10 15
11 13
12 18
13 11
14 14
15 17
16 16

1 11
2 12
3 11
4 11
5 10
6 10
7 15
8 13
9 16
10 19
11 12
12 11
13 10
14 18
15 13
16 14

1 15
2 15
3 17
4 20
5 13
6 16
7 12
8 19
9 13
10 19
11 14
12 14
13 12
14 13
15 10
16 12

1 10
2 15
3 13
4 19
5 12
6 17
7 17
8 15
9 10
10 14
11 12
12 11
13 16
14 15
15 17
16 15

1 13
2 12
3 16
4 15
5 20
6 12
7 10
8 19
9 15
10 12
11 18
12 12
13 16
14 16
15 17
16 15

1 16
2 16
3 17
4 11
5 19
6 20
7 20
8 15
9 20
10 12
11 19
12 19
13 16
14 11
15 15
16 16

1 16
2 15
3 17
4 20
5 19
6 13
7 17
8 15
9 12
10 15
11 13
12 18
13 11
14 14
15 17
16 16

1 11
2 12
3 11
4 11
5 10
6 10
7 15
8 13
9 16
10 19
11 12
12 11
13 10
14 18
15 13
16 14

1 15
2 15
3 17
4 20
5 13
6 16
7 12
8 19
9 13
10 19
11 14
12 14
13 12
14 13
15 10
16 12

1 10
2 15
3 13
4 19
5 12
6 17
7 17
8 15
9 10
10 14
11 12
12 11
13 16
14 15
15 17
16 15

1 13
2 12
3 16
4 15
5 20
6 12
7 10
8 19
9 15
10 12
11 18
12 12
13 16
14 16
15 17
16 15

1 16
2 16
3 17
4 11
5 19
6 20
7 20
8 15
9 20
10 12
11 19
12 19
13 16
14 11
15 15
16 16

1 16
2 15
3 17
4 20
5 19
6 13
7 17
8 15
9 12
10 15
11 13
12 18
13 11
14 14
15 17
16 16

1 11
2 12
3 11
4 11
5 10
6 10
7 15
8 13
9 16
10 19
11 12
12 11
13 10
14 18
15 13
16 14

1 15
2 15
3 17
4 20
5 13
6 16
7 12
8 19
9 13
10 19
11 14
12 14
13 12
14 13
15 10
16 12

1 10
2 15
3 13
4 19
5 12
6 17
7 17
8 15
9 10
10 14
11 12
12 11
13 16
14 15
15 17
16 15

1 13
2 12
3 16
4 15
5 20
6 12
7 10
8 19
9 15
10 12
11 18
12 12
13 16
14 16
15 17
16 15

1 16
2 16
3 17
4 11
5 19
6 20
7 20
8 15
9 20
10 12
11 19
12 19
13 16
14 11
15 15
16 16

1 16
2 15
3 17
4 20
5 19
6 13
7 17
8 15
9 12
10 15
11 13
12 18
13 11
14 14
15 17
16 16

1 11
2 12
3 11
4 11
5 10
6 10
7 15
8 13
9 16
10 19
11 12
12 11
13 10
14 18
15 13
16 14

1 15
2 15
3 17
4 20
5 13
6 16
7 12
8 19
9 13
10 19
11 14
12 14
13 12
14 13
15 10
16 12

1 10
2 15
3 13
4 19
5 12
6 17
7 17
8 15
9 10
10 14
11 12
12 11
13 16
14 15
15 17
16 15

1 13
2 12
3 16
4 15
5 20
6 12
7 10
8 19
9 15
10 12
11 18
12 12
13 16
14 16
15 17
16 15

1 16
2 16
3 17
4 11
5 19
6 20
7 20
8 15
9 20
10 12
11 19
12 19
13 16
14 11
15 15
16 16

1 16
2 15
3 17
4 20
5 19
6 13
7 17
8 15
9 12
10 15
11 13
12 18
13 11
14 14
15 17
16 16

1 11
2 12
3 11
4 11
5 10
6 10
7 15
8 13
9 16
10 19
11 12
12 11
13 10
14 18
15 13
16 14

1 15
2 15
3 17
4 20
5 13
6 16
7 12
8 19
9 13
10 19
11 14
12 14
13 12
14 13
15 10
16 12

1 10
2 15
3 13
4 19
5 12
6 17
7 17
8 15
9 10
10 14
11 12
12 11
13 16
14 15
15 17
16 15

1 13
2 12
3 16
4 15
5 20
6 12
7 10
8 19
9 15
10 12
11 18
12 12
13 16
14 16
15 17
16 15