1 0
2 0
3 0
4 0

1 6
2 0
3 5
4 7

1 1
2 8
3 1
4 0

1 9
2 3
3 5
4 8

1 5
2 4
3 6
4 8

1 6
2 0
3 5
4 7

1 1
2 8
3 1
4 0

1 9
2 3
3 5
4 8

1 5
2 4
3 6
4 8

1 6
2 0
3 5
4 7

1 1
2 8
3 1
4 0

1 9
2 3
3 5
4 8

1 5
2 4
3 6
4 8

1 6
2 0
3 5
4 7

1 1
2 8
3 1
4 0

1 9
2 3
3 5
4 8

1 5
2 4
3 6
4 8

1 6
2 0
3 5
4 7

1 1
2 8
3 1
4 0

1 9
2 3
3 5
4 8

1 5
2 4
3 6
4 8

1 6
2 0
3 5
4 7

1 1
2 8
3 1
4 0

1 9
2 3
3 5
4 8

1 5
2 4
3 6
4 8

1 6
2 0
3 5
4 7

1 1
2 8
3 1
4 0

1 9
2 3
3 5
4 8

1 5
2 4
3 6
4 8

1 6
2 0
3 5
4 7

1 1
2 8
3 1
4 0

1 9
2 3
3 5
4 8

1 5
2 4
3 6
4 8

1 6
2 0
3 5
4 7

1 1
2 8
3 1
4 0

1 9
2 3
3 5
4 8

1 5
2 4
3 6
4 8

1 6
2 0
3 5
4 7

1 1
2 8
3 1
4 0

1 9
2 3
3 5
4 8

1 5
2 4
3 6
4 8