1 0
2 0
3 0
4 0
5 0
6 0
7 0
8 0
9 0
10 0
11 0
12 0
13 0
14 0
15 0
16 0

1 6
2 5
3 1
4 0
5 6
6 3
7 1
8 6
9 4
10 8
11 9
12 6
13 6
14 7
15 5
16 2

1 1
2 0
3 7
4 7
5 3
6 9
7 7
8 9
9 4
10 0
11 1
12 6
13 9
14 2
15 6
16 4

1 0
2 9
3 0
4 5
5 9
6 6
7 9
8 5
9 2
10 9
11 6
12 8
13 3
14 3
15 4
16 1

1 1
2 0
3 6
4 2
5 4
6 9
7 5
8 2
9 1
10 7
11 8
12 9
13 7
14 8
15 9
16 9

1 1
2 3
3 3
4 4
5 0
6 8
7 4
8 4
9 1
10 5
11 3
12 6
13 7
14 3
15 1
16 2

1 1
2 3
3 3
4 7
5 6
6 0
7 5
8 4
9 8
10 3
11 6
12 6
13 2
14 3
15 0
16 6

1 6
2 5
3 1
4 0
5 6
6 3
7 1
8 6
9 4
10 8
11 9
12 6
13 6
14 7
15 5
16 2

1 1
2 0
3 7
4 7
5 3
6 9
7 7
8 9
9 4
10 0
11 1
12 6
13 9
14 2
15 6
16 4

1 0
2 9
3 0
4 5
5 9
6 6
7 9
8 5
9 2
10 9
11 6
12 8
13 3
14 3
15 4
16 1

1 1
2 0
3 6
4 2
5 4
6 9
7 5
8 2
9 1
10 7
11 8
12 9
13 7
14 8
15 9
16 9

1 1
2 3
3 3
4 4
5 0
6 8
7 4
8 4
9 1
10 5
11 3
12 6
13 7
14 3
15 1
16 2

1 1
2 3
3 3
4 7
5 6
6 0
7 5
8 4
9 8
10 3
11 6
12 6
13 2
14 3
15 0
16 6

1 6
2 5
3 1
4 0
5 6
6 3
7 1
8 6
9 4
10 8
11 9
12 6
13 6
14 7
15 5
16 2

1 1
2 0
3 7
4 7
5 3
6 9
7 7
8 9
9 4
10 0
11 1
12 6
13 9
14 2
15 6
16 4

1 0
2 9
3 0
4 5
5 9
6 6
7 9
8 5
9 2
10 9
11 6
12 8
13 3
14 3
15 4
16 1

1 1
2 0
3 6
4 2
5 4
6 9
7 5
8 2
9 1
10 7
11 8
12 9
13 7
14 8
15 9
16 9

1 1
2 3
3 3
4 4
5 0
6 8
7 4
8 4
9 1
10 5
11 3
12 6
13 7
14 3
15 1
16 2

1 1
2 3
3 3
4 7
5 6
6 0
7 5
8 4
9 8
10 3
11 6
12 6
13 2
14 3
15 0
16 6

1 6
2 5
3 1
4 0
5 6
6 3
7 1
8 6
9 4
10 8
11 9
12 6
13 6
14 7
15 5
16 2

1 1
2 0
3 7
4 7
5 3
6 9
7 7
8 9
9 4
10 0
11 1
12 6
13 9
14 2
15 6
16 4

1 0
2 9
3 0
4 5
5 9
6 6
7 9
8 5
9 2
10 9
11 6
12 8
13 3
14 3
15 4
16 1

1 1
2 0
3 6
4 2
5 4
6 9
7 5
8 2
9 1
10 7
11 8
12 9
13 7
14 8
15 9
16 9

1 1
2 3
3 3
4 4
5 0
6 8
7 4
8 4
9 1
10 5
11 3
12 6
13 7
14 3
15 1
16 2

1 1
2 3
3 3
4 7
5 6
6 0
7 5
8 4
9 8
10 3
11 6
12 6
13 2
14 3
15 0
16 6

1 6
2 5
3 1
4 0
5 6
6 3
7 1
8 6
9 4
10 8
11 9
12 6
13 6
14 7
15 5
16 2

1 1
2 0
3 7
4 7
5 3
6 9
7 7
8 9
9 4
10 0
11 1
12 6
13 9
14 2
15 6
16 4

1 0
2 9
3 0
4 5
5 9
6 6
7 9
8 5
9 2
10 9
11 6
12 8
13 3
14 3
15 4
16 1

1 1
2 0
3 6
4 2
5 4
6 9
7 5
8 2
9 1
10 7
11 8
12 9
13 7
14 8
15 9
16 9

1 1
2 3
3 3
4 4
5 0
6 8
7 4
8 4
9 1
10 5
11 3
12 6
13 7
14 3
15 1
16 2

1 1
2 3
3 3
4 7
5 6
6 0
7 5
8 4
9 8
10 3
11 6
12 6
13 2
14 3
15 0
16 6

1 6
2 5
3 1
4 0
5 6
6 3
7 1
8 6
9 4
10 8
11 9
12 6
13 6
14 7
15 5
16 2

1 1
2 0
3 7
4 7
5 3
6 9
7 7
8 9
9 4
10 0
11 1
12 6
13 9
14 2
15 6
16 4

1 0
2 9
3 0
4 5
5 9
6 6
7 9
8 5
9 2
10 9
11 6
12 8
13 3
14 3
15 4
16 1

1 1
2 0
3 6
4 2
5 4
6 9
7 5
8 2
9 1
10 7
11 8
12 9
13 7
14 8
15 9
16 9

1 1
2 3
3 3
4 4
5 0
6 8
7 4
8 4
9 1
10 5
11 3
12 6
13 7
14 3
15 1
16 2

1 1
2 3
3 3
4 7
5 6
6 0
7 5
8 4
9 8
10 3
11 6
12 6
13 2
14 3
15 0
16 6

1 6
2 5
3 1
4 0
5 6
6 3
7 1
8 6
9 4
10 8
11 9
12 6
13 6
14 7
15 5
16 2

1 1
2 0
3 7
4 7
5 3
6 9
7 7
8 9
9 4
10 0
11 1
12 6
13 9
14 2
15 6
16 4

1 0
2 9
3 0
4 5
5 9
6 6
7 9
8 5
9 2
10 9
11 6
12 8
13 3
14 3
15 4
16 1

1 1
2 0
3 6
4 2
5 4
6 9
7 5
8 2
9 1
10 7
11 8
12 9
13 7
14 8
15 9
16 9

1 1
2 3
3 3
4 4
5 0
6 8
7 4
8 4
9 1
10 5
11 3
12 6
13 7
14 3
15 1
16 2

1 1
2 3
3 3
4 7
5 6
6 0
7 5
8 4
9 8
10 3
11 6
12 6
13 2
14 3
15 0
16 6

1 6
2 5
3 1
4 0
5 6
6 3
7 1
8 6
9 4
10 8
11 9
12 6
13 6
14 7
15 5
16 2

1 1
2 0
3 7
4 7
5 3
6 9
7 7
8 9
9 4
10 0
11 1
12 6
13 9
14 2
15 6
16 4

1 0
2 9
3 0
4 5
5 9
6 6
7 9
8 5
9 2
10 9
11 6
12 8
13 3
14 3
15 4
16 1

1 1
2 0
3 6
4 2
5 4
6 9
7 5
8 2
9 1
10 7
11 8
12 9
13 7
14 8
15 9
16 9

1 1
2 3
3 3
4 4
5 0
6 8
7 4
8 4
9 1
10 5
11 3
12 6
13 7
14 3
15 1
16 2

1 1
2 3
3 3
4 7
5 6
6 0
7 5
8 4
9 8
10 3
11 6
12 6
13 2
14 3
15 0
16 6

1 6
2 5
3 1
4 0
5 6
6 3
7 1
8 6
9 4
10 8
11 9
12 6
13 6
14 7
15 5
16 2

1 1
2 0
3 7
4 7
5 3
6 9
7 7
8 9
9 4
10 0
11 1
12 6
13 9
14 2
15 6
16 4

1 0
2 9
3 0
4 5
5 9
6 6
7 9
8 5
9 2
10 9
11 6
12 8
13 3
14 3
15 4
16 1

1 1
2 0
3 6
4 2
5 4
6 9
7 5
8 2
9 1
10 7
11 8
12 9
13 7
14 8
15 9
16 9

1 1
2 3
3 3
4 4
5 0
6 8
7 4
8 4
9 1
10 5
11 3
12 6
13 7
14 3
15 1
16 2

1 1
2 3
3 3
4 7
5 6
6 0
7 5
8 4
9 8
10 3
11 6
12 6
13 2
14 3
15 0
16 6

1 6
2 5
3 1
4 0
5 6
6 3
7 1
8 6
9 4
10 8
11 9
12 6
13 6
14 7
15 5
16 2

1 1
2 0
3 7
4 7
5 3
6 9
7 7
8 9
9 4
10 0
11 1
12 6
13 9
14 2
15 6
16 4

1 0
2 9
3 0
4 5
5 9
6 6
7 9
8 5
9 2
10 9
11 6
12 8
13 3
14 3
15 4
16 1

1 1
2 0
3 6
4 2
5 4
6 9
7 5
8 2
9 1
10 7
11 8
12 9
13 7
14 8
15 9
16 9

1 1
2 3
3 3
4 4
5 0
6 8
7 4
8 4
9 1
10 5
11 3
12 6
13 7
14 3
15 1
16 2

1 1
2 3
3 3
4 7
5 6
6 0
7 5
8 4
9 8
10 3
11 6
12 6
13 2
14 3
15 0
16 6