1 0
2 0
3 0
4 0
5 0
6 0
7 0
8 0

1 11
2 13
3 10
4 13
5 20
6 10
7 19
8 12

1 10
2 16
3 17
4 16
5 10
6 19
7 13
8 10

1 12
2 16
3 20
4 10
5 16
6 19
7 13
8 19

1 20
2 10
3 19
4 12
5 12
6 20
7 14
8 15

1 11
2 13
3 10
4 13
5 20
6 10
7 19
8 12

1 10
2 16
3 17
4 16
5 10
6 19
7 13
8 10

1 12
2 16
3 20
4 10
5 16
6 19
7 13
8 19

1 20
2 10
3 19
4 12
5 12
6 20
7 14
8 15

1 11
2 13
3 10
4 13
5 20
6 10
7 19
8 12

1 10
2 16
3 17
4 16
5 10
6 19
7 13
8 10

1 12
2 16
3 20
4 10
5 16
6 19
7 13
8 19

1 20
2 10
3 19
4 12
5 12
6 20
7 14
8 15

1 11
2 13
3 10
4 13
5 20
6 10
7 19
8 12

1 10
2 16
3 17
4 16
5 10
6 19
7 13
8 10

1 12
2 16
3 20
4 10
5 16
6 19
7 13
8 19

1 20
2 10
3 19
4 12
5 12
6 20
7 14
8 15

1 11
2 13
3 10
4 13
5 20
6 10
7 19
8 12

1 10
2 16
3 17
4 16
5 10
6 19
7 13
8 10

1 12
2 16
3 20
4 10
5 16
6 19
7 13
8 19

1 20
2 10
3 19
4 12
5 12
6 20
7 14
8 15

1 11
2 13
3 10
4 13
5 20
6 10
7 19
8 12

1 10
2 16
3 17
4 16
5 10
6 19
7 13
8 10

1 12
2 16
3 20
4 10
5 16
6 19
7 13
8 19

1 20
2 10
3 19
4 12
5 12
6 20
7 14
8 15

1 11
2 13
3 10
4 13
5 20
6 10
7 19
8 12

1 10
2 16
3 17
4 16
5 10
6 19
7 13
8 10

1 12
2 16
3 20
4 10
5 16
6 19
7 13
8 19

1 20
2 10
3 19
4 12
5 12
6 20
7 14
8 15

1 11
2 13
3 10
4 13
5 20
6 10
7 19
8 12

1 10
2 16
3 17
4 16
5 10
6 19
7 13
8 10

1 12
2 16
3 20
4 10
5 16
6 19
7 13
8 19

1 20
2 10
3 19
4 12
5 12
6 20
7 14
8 15

1 11
2 13
3 10
4 13
5 20
6 10
7 19
8 12

1 10
2 16
3 17
4 16
5 10
6 19
7 13
8 10

1 12
2 16
3 20
4 10
5 16
6 19
7 13
8 19

1 20
2 10
3 19
4 12
5 12
6 20
7 14
8 15

1 11
2 13
3 10
4 13
5 20
6 10
7 19
8 12

1 10
2 16
3 17
4 16
5 10
6 19
7 13
8 10

1 12
2 16
3 20
4 10
5 16
6 19
7 13
8 19

1 20
2 10
3 19
4 12
5 12
6 20
7 14
8 15