1 0
2 0
3 0
4 0
5 0
6 0
7 0
8 0
9 0
10 0
11 0
12 0
13 0
14 0
15 0
16 0

1 14
2 13
3 11
4 15
5 12
6 19
7 15
8 15
9 10
10 20
11 14
12 16
13 12
14 18
15 20
16 18

1 15
2 16
3 12
4 16
5 10
6 14
7 13
8 18
9 12
10 11
11 16
12 13
13 19
14 10
15 13
16 16

1 14
2 13
3 11
4 15
5 12
6 19
7 15
8 15
9 10
10 20
11 14
12 16
13 12
14 18
15 20
16 18

1 15
2 16
3 12
4 16
5 10
6 14
7 13
8 18
9 12
10 11
11 16
12 13
13 19
14 10
15 13
16 16

1 14
2 13
3 11
4 15
5 12
6 19
7 15
8 15
9 10
10 20
11 14
12 16
13 12
14 18
15 20
16 18

1 15
2 16
3 12
4 16
5 10
6 14
7 13
8 18
9 12
10 11
11 16
12 13
13 19
14 10
15 13
16 16

1 14
2 13
3 11
4 15
5 12
6 19
7 15
8 15
9 10
10 20
11 14
12 16
13 12
14 18
15 20
16 18

1 15
2 16
3 12
4 16
5 10
6 14
7 13
8 18
9 12
10 11
11 16
12 13
13 19
14 10
15 13
16 16

1 14
2 13
3 11
4 15
5 12
6 19
7 15
8 15
9 10
10 20
11 14
12 16
13 12
14 18
15 20
16 18

1 15
2 16
3 12
4 16
5 10
6 14
7 13
8 18
9 12
10 11
11 16
12 13
13 19
14 10
15 13
16 16

1 14
2 13
3 11
4 15
5 12
6 19
7 15
8 15
9 10
10 20
11 14
12 16
13 12
14 18
15 20
16 18

1 15
2 16
3 12
4 16
5 10
6 14
7 13
8 18
9 12
10 11
11 16
12 13
13 19
14 10
15 13
16 16

1 14
2 13
3 11
4 15
5 12
6 19
7 15
8 15
9 10
10 20
11 14
12 16
13 12
14 18
15 20
16 18

1 15
2 16
3 12
4 16
5 10
6 14
7 13
8 18
9 12
10 11
11 16
12 13
13 19
14 10
15 13
16 16

1 14
2 13
3 11
4 15
5 12
6 19
7 15
8 15
9 10
10 20
11 14
12 16
13 12
14 18
15 20
16 18

1 15
2 16
3 12
4 16
5 10
6 14
7 13
8 18
9 12
10 11
11 16
12 13
13 19
14 10
15 13
16 16

1 14
2 13
3 11
4 15
5 12
6 19
7 15
8 15
9 10
10 20
11 14
12 16
13 12
14 18
15 20
16 18

1 15
2 16
3 12
4 16
5 10
6 14
7 13
8 18
9 12
10 11
11 16
12 13
13 19
14 10
15 13
16 16

1 14
2 13
3 11
4 15
5 12
6 19
7 15
8 15
9 10
10 20
11 14
12 16
13 12
14 18
15 20
16 18

1 15
2 16
3 12
4 16
5 10
6 14
7 13
8 18
9 12
10 11
11 16
12 13
13 19
14 10
15 13
16 16

1 14
2 13
3 11
4 15
5 12
6 19
7 15
8 15
9 10
10 20
11 14
12 16
13 12
14 18
15 20
16 18

1 15
2 16
3 12
4 16
5 10
6 14
7 13
8 18
9 12
10 11
11 16
12 13
13 19
14 10
15 13
16 16

1 14
2 13
3 11
4 15
5 12
6 19
7 15
8 15
9 10
10 20
11 14
12 16
13 12
14 18
15 20
16 18

1 15
2 16
3 12
4 16
5 10
6 14
7 13
8 18
9 12
10 11
11 16
12 13
13 19
14 10
15 13
16 16

1 14
2 13
3 11
4 15
5 12
6 19
7 15
8 15
9 10
10 20
11 14
12 16
13 12
14 18
15 20
16 18

1 15
2 16
3 12
4 16
5 10
6 14
7 13
8 18
9 12
10 11
11 16
12 13
13 19
14 10
15 13
16 16

1 14
2 13
3 11
4 15
5 12
6 19
7 15
8 15
9 10
10 20
11 14
12 16
13 12
14 18
15 20
16 18

1 15
2 16
3 12
4 16
5 10
6 14
7 13
8 18
9 12
10 11
11 16
12 13
13 19
14 10
15 13
16 16

1 14
2 13
3 11
4 15
5 12
6 19
7 15
8 15
9 10
10 20
11 14
12 16
13 12
14 18
15 20
16 18

1 15
2 16
3 12
4 16
5 10
6 14
7 13
8 18
9 12
10 11
11 16
12 13
13 19
14 10
15 13
16 16