1 0
2 0
3 0
4 0
5 0
6 0
7 0
8 0
9 0
10 0
11 0
12 0
13 0
14 0
15 0
16 0

1 9
2 3
3 0
4 7
5 9
6 2
7 1
8 7
9 5
10 5
11 0
12 8
13 2
14 9
15 3
16 7

1 3
2 5
3 8
4 0
5 9
6 1
7 0
8 9
9 7
10 3
11 6
12 5
13 3
14 8
15 5
16 3

1 5
2 0
3 4
4 0
5 9
6 0
7 1
8 8
9 4
10 6
11 1
12 5
13 1
14 5
15 0
16 1

1 7
2 3
3 7
4 1
5 7
6 6
7 6
8 4
9 2
10 1
11 3
12 2
13 3
14 1
15 3
16 4

1 9
2 3
3 0
4 7
5 9
6 2
7 1
8 7
9 5
10 5
11 0
12 8
13 2
14 9
15 3
16 7

1 3
2 5
3 8
4 0
5 9
6 1
7 0
8 9
9 7
10 3
11 6
12 5
13 3
14 8
15 5
16 3

1 5
2 0
3 4
4 0
5 9
6 0
7 1
8 8
9 4
10 6
11 1
12 5
13 1
14 5
15 0
16 1

1 7
2 3
3 7
4 1
5 7
6 6
7 6
8 4
9 2
10 1
11 3
12 2
13 3
14 1
15 3
16 4

1 9
2 3
3 0
4 7
5 9
6 2
7 1
8 7
9 5
10 5
11 0
12 8
13 2
14 9
15 3
16 7

1 3
2 5
3 8
4 0
5 9
6 1
7 0
8 9
9 7
10 3
11 6
12 5
13 3
14 8
15 5
16 3

1 5
2 0
3 4
4 0
5 9
6 0
7 1
8 8
9 4
10 6
11 1
12 5
13 1
14 5
15 0
16 1

1 7
2 3
3 7
4 1
5 7
6 6
7 6
8 4
9 2
10 1
11 3
12 2
13 3
14 1
15 3
16 4

1 9
2 3
3 0
4 7
5 9
6 2
7 1
8 7
9 5
10 5
11 0
12 8
13 2
14 9
15 3
16 7

1 3
2 5
3 8
4 0
5 9
6 1
7 0
8 9
9 7
10 3
11 6
12 5
13 3
14 8
15 5
16 3

1 5
2 0
3 4
4 0
5 9
6 0
7 1
8 8
9 4
10 6
11 1
12 5
13 1
14 5
15 0
16 1

1 7
2 3
3 7
4 1
5 7
6 6
7 6
8 4
9 2
10 1
11 3
12 2
13 3
14 1
15 3
16 4

1 9
2 3
3 0
4 7
5 9
6 2
7 1
8 7
9 5
10 5
11 0
12 8
13 2
14 9
15 3
16 7

1 3
2 5
3 8
4 0
5 9
6 1
7 0
8 9
9 7
10 3
11 6
12 5
13 3
14 8
15 5
16 3

1 5
2 0
3 4
4 0
5 9
6 0
7 1
8 8
9 4
10 6
11 1
12 5
13 1
14 5
15 0
16 1

1 7
2 3
3 7
4 1
5 7
6 6
7 6
8 4
9 2
10 1
11 3
12 2
13 3
14 1
15 3
16 4

1 9
2 3
3 0
4 7
5 9
6 2
7 1
8 7
9 5
10 5
11 0
12 8
13 2
14 9
15 3
16 7

1 3
2 5
3 8
4 0
5 9
6 1
7 0
8 9
9 7
10 3
11 6
12 5
13 3
14 8
15 5
16 3

1 5
2 0
3 4
4 0
5 9
6 0
7 1
8 8
9 4
10 6
11 1
12 5
13 1
14 5
15 0
16 1

1 7
2 3
3 7
4 1
5 7
6 6
7 6
8 4
9 2
10 1
11 3
12 2
13 3
14 1
15 3
16 4

1 9
2 3
3 0
4 7
5 9
6 2
7 1
8 7
9 5
10 5
11 0
12 8
13 2
14 9
15 3
16 7

1 3
2 5
3 8
4 0
5 9
6 1
7 0
8 9
9 7
10 3
11 6
12 5
13 3
14 8
15 5
16 3

1 5
2 0
3 4
4 0
5 9
6 0
7 1
8 8
9 4
10 6
11 1
12 5
13 1
14 5
15 0
16 1

1 7
2 3
3 7
4 1
5 7
6 6
7 6
8 4
9 2
10 1
11 3
12 2
13 3
14 1
15 3
16 4

1 9
2 3
3 0
4 7
5 9
6 2
7 1
8 7
9 5
10 5
11 0
12 8
13 2
14 9
15 3
16 7

1 3
2 5
3 8
4 0
5 9
6 1
7 0
8 9
9 7
10 3
11 6
12 5
13 3
14 8
15 5
16 3

1 5
2 0
3 4
4 0
5 9
6 0
7 1
8 8
9 4
10 6
11 1
12 5
13 1
14 5
15 0
16 1

1 7
2 3
3 7
4 1
5 7
6 6
7 6
8 4
9 2
10 1
11 3
12 2
13 3
14 1
15 3
16 4

1 9
2 3
3 0
4 7
5 9
6 2
7 1
8 7
9 5
10 5
11 0
12 8
13 2
14 9
15 3
16 7

1 3
2 5
3 8
4 0
5 9
6 1
7 0
8 9
9 7
10 3
11 6
12 5
13 3
14 8
15 5
16 3

1 5
2 0
3 4
4 0
5 9
6 0
7 1
8 8
9 4
10 6
11 1
12 5
13 1
14 5
15 0
16 1

1 7
2 3
3 7
4 1
5 7
6 6
7 6
8 4
9 2
10 1
11 3
12 2
13 3
14 1
15 3
16 4

1 9
2 3
3 0
4 7
5 9
6 2
7 1
8 7
9 5
10 5
11 0
12 8
13 2
14 9
15 3
16 7

1 3
2 5
3 8
4 0
5 9
6 1
7 0
8 9
9 7
10 3
11 6
12 5
13 3
14 8
15 5
16 3

1 5
2 0
3 4
4 0
5 9
6 0
7 1
8 8
9 4
10 6
11 1
12 5
13 1
14 5
15 0
16 1

1 7
2 3
3 7
4 1
5 7
6 6
7 6
8 4
9 2
10 1
11 3
12 2
13 3
14 1
15 3
16 4

1 9
2 3
3 0
4 7
5 9
6 2
7 1
8 7
9 5
10 5
11 0
12 8
13 2
14 9
15 3
16 7

1 3
2 5
3 8
4 0
5 9
6 1
7 0
8 9
9 7
10 3
11 6
12 5
13 3
14 8
15 5
16 3

1 5
2 0
3 4
4 0
5 9
6 0
7 1
8 8
9 4
10 6
11 1
12 5
13 1
14 5
15 0
16 1

1 7
2 3
3 7
4 1
5 7
6 6
7 6
8 4
9 2
10 1
11 3
12 2
13 3
14 1
15 3
16 4

1 9
2 3
3 0
4 7
5 9
6 2
7 1
8 7
9 5
10 5
11 0
12 8
13 2
14 9
15 3
16 7

1 3
2 5
3 8
4 0
5 9
6 1
7 0
8 9
9 7
10 3
11 6
12 5
13 3
14 8
15 5
16 3

1 5
2 0
3 4
4 0
5 9
6 0
7 1
8 8
9 4
10 6
11 1
12 5
13 1
14 5
15 0
16 1

1 7
2 3
3 7
4 1
5 7
6 6
7 6
8 4
9 2
10 1
11 3
12 2
13 3
14 1
15 3
16 4

1 9
2 3
3 0
4 7
5 9
6 2
7 1
8 7
9 5
10 5
11 0
12 8
13 2
14 9
15 3
16 7

1 3
2 5
3 8
4 0
5 9
6 1
7 0
8 9
9 7
10 3
11 6
12 5
13 3
14 8
15 5
16 3

1 5
2 0
3 4
4 0
5 9
6 0
7 1
8 8
9 4
10 6
11 1
12 5
13 1
14 5
15 0
16 1

1 7
2 3
3 7
4 1
5 7
6 6
7 6
8 4
9 2
10 1
11 3
12 2
13 3
14 1
15 3
16 4

1 9
2 3
3 0
4 7
5 9
6 2
7 1
8 7
9 5
10 5
11 0
12 8
13 2
14 9
15 3
16 7

1 3
2 5
3 8
4 0
5 9
6 1
7 0
8 9
9 7
10 3
11 6
12 5
13 3
14 8
15 5
16 3

1 5
2 0
3 4
4 0
5 9
6 0
7 1
8 8
9 4
10 6
11 1
12 5
13 1
14 5
15 0
16 1

1 7
2 3
3 7
4 1
5 7
6 6
7 6
8 4
9 2
10 1
11 3
12 2
13 3
14 1
15 3
16 4

1 9
2 3
3 0
4 7
5 9
6 2
7 1
8 7
9 5
10 5
11 0
12 8
13 2
14 9
15 3
16 7

1 3
2 5
3 8
4 0
5 9
6 1
7 0
8 9
9 7
10 3
11 6
12 5
13 3
14 8
15 5
16 3

1 5
2 0
3 4
4 0
5 9
6 0
7 1
8 8
9 4
10 6
11 1
12 5
13 1
14 5
15 0
16 1

1 7
2 3
3 7
4 1
5 7
6 6
7 6
8 4
9 2
10 1
11 3
12 2
13 3
14 1
15 3
16 4

1 9
2 3
3 0
4 7
5 9
6 2
7 1
8 7
9 5
10 5
11 0
12 8
13 2
14 9
15 3
16 7

1 3
2 5
3 8
4 0
5 9
6 1
7 0
8 9
9 7
10 3
11 6
12 5
13 3
14 8
15 5
16 3

1 5
2 0
3 4
4 0
5 9
6 0
7 1
8 8
9 4
10 6
11 1
12 5
13 1
14 5
15 0
16 1

1 7
2 3
3 7
4 1
5 7
6 6
7 6
8 4
9 2
10 1
11 3
12 2
13 3
14 1
15 3
16 4

1 9
2 3
3 0
4 7
5 9
6 2
7 1
8 7
9 5
10 5
11 0
12 8
13 2
14 9
15 3
16 7

1 3
2 5
3 8
4 0
5 9
6 1
7 0
8 9
9 7
10 3
11 6
12 5
13 3
14 8
15 5
16 3

1 5
2 0
3 4
4 0
5 9
6 0
7 1
8 8
9 4
10 6
11 1
12 5
13 1
14 5
15 0
16 1

1 7
2 3
3 7
4 1
5 7
6 6
7 6
8 4
9 2
10 1
11 3
12 2
13 3
14 1
15 3
16 4

1 9
2 3
3 0
4 7
5 9
6 2
7 1
8 7
9 5
10 5
11 0
12 8
13 2
14 9
15 3
16 7

1 3
2 5
3 8
4 0
5 9
6 1
7 0
8 9
9 7
10 3
11 6
12 5
13 3
14 8
15 5
16 3

1 5
2 0
3 4
4 0
5 9
6 0
7 1
8 8
9 4
10 6
11 1
12 5
13 1
14 5
15 0
16 1

1 7
2 3
3 7
4 1
5 7
6 6
7 6
8 4
9 2
10 1
11 3
12 2
13 3
14 1
15 3
16 4

1 9
2 3
3 0
4 7
5 9
6 2
7 1
8 7
9 5
10 5
11 0
12 8
13 2
14 9
15 3
16 7

1 3
2 5
3 8
4 0
5 9
6 1
7 0
8 9
9 7
10 3
11 6
12 5
13 3
14 8
15 5
16 3

1 5
2 0
3 4
4 0
5 9
6 0
7 1
8 8
9 4
10 6
11 1
12 5
13 1
14 5
15 0
16 1

1 7
2 3
3 7
4 1
5 7
6 6
7 6
8 4
9 2
10 1
11 3
12 2
13 3
14 1
15 3
16 4

1 9
2 3
3 0
4 7
5 9
6 2
7 1
8 7
9 5
10 5
11 0
12 8
13 2
14 9
15 3
16 7

1 3
2 5
3 8
4 0
5 9
6 1
7 0
8 9
9 7
10 3
11 6
12 5
13 3
14 8
15 5
16 3

1 5
2 0
3 4
4 0
5 9
6 0
7 1
8 8
9 4
10 6
11 1
12 5
13 1
14 5
15 0
16 1

1 7
2 3
3 7
4 1
5 7
6 6
7 6
8 4
9 2
10 1
11 3
12 2
13 3
14 1
15 3
16 4