1 0
2 0
3 0
4 0
5 0
6 0
7 0
8 0
9 0
10 0
11 0
12 0
13 0
14 0
15 0
16 0

1 17
2 13
3 16
4 11
5 18
6 14
7 18
8 11
9 12
10 13
11 20
12 11
13 18
14 14
15 11
16 13

1 16
2 20
3 17
4 15
5 10
6 11
7 16
8 10
9 17
10 14
11 10
12 10
13 15
14 10
15 20
16 11

1 12
2 18
3 10
4 10
5 13
6 18
7 13
8 19
9 14
10 15
11 18
12 17
13 19
14 20
15 15
16 15

1 19
2 16
3 11
4 17
5 16
6 10
7 18
8 11
9 12
10 16
11 15
12 18
13 13
14 10
15 10
16 11

1 17
2 13
3 16
4 11
5 18
6 14
7 18
8 11
9 12
10 13
11 20
12 11
13 18
14 14
15 11
16 13

1 16
2 20
3 17
4 15
5 10
6 11
7 16
8 10
9 17
10 14
11 10
12 10
13 15
14 10
15 20
16 11

1 12
2 18
3 10
4 10
5 13
6 18
7 13
8 19
9 14
10 15
11 18
12 17
13 19
14 20
15 15
16 15

1 19
2 16
3 11
4 17
5 16
6 10
7 18
8 11
9 12
10 16
11 15
12 18
13 13
14 10
15 10
16 11

1 17
2 13
3 16
4 11
5 18
6 14
7 18
8 11
9 12
10 13
11 20
12 11
13 18
14 14
15 11
16 13

1 16
2 20
3 17
4 15
5 10
6 11
7 16
8 10
9 17
10 14
11 10
12 10
13 15
14 10
15 20
16 11

1 12
2 18
3 10
4 10
5 13
6 18
7 13
8 19
9 14
10 15
11 18
12 17
13 19
14 20
15 15
16 15

1 19
2 16
3 11
4 17
5 16
6 10
7 18
8 11
9 12
10 16
11 15
12 18
13 13
14 10
15 10
16 11

1 17
2 13
3 16
4 11
5 18
6 14
7 18
8 11
9 12
10 13
11 20
12 11
13 18
14 14
15 11
16 13

1 16
2 20
3 17
4 15
5 10
6 11
7 16
8 10
9 17
10 14
11 10
12 10
13 15
14 10
15 20
16 11

1 12
2 18
3 10
4 10
5 13
6 18
7 13
8 19
9 14
10 15
11 18
12 17
13 19
14 20
15 15
16 15

1 19
2 16
3 11
4 17
5 16
6 10
7 18
8 11
9 12
10 16
11 15
12 18
13 13
14 10
15 10
16 11

1 17
2 13
3 16
4 11
5 18
6 14
7 18
8 11
9 12
10 13
11 20
12 11
13 18
14 14
15 11
16 13

1 16
2 20
3 17
4 15
5 10
6 11
7 16
8 10
9 17
10 14
11 10
12 10
13 15
14 10
15 20
16 11

1 12
2 18
3 10
4 10
5 13
6 18
7 13
8 19
9 14
10 15
11 18
12 17
13 19
14 20
15 15
16 15

1 19
2 16
3 11
4 17
5 16
6 10
7 18
8 11
9 12
10 16
11 15
12 18
13 13
14 10
15 10
16 11

1 17
2 13
3 16
4 11
5 18
6 14
7 18
8 11
9 12
10 13
11 20
12 11
13 18
14 14
15 11
16 13

1 16
2 20
3 17
4 15
5 10
6 11
7 16
8 10
9 17
10 14
11 10
12 10
13 15
14 10
15 20
16 11

1 12
2 18
3 10
4 10
5 13
6 18
7 13
8 19
9 14
10 15
11 18
12 17
13 19
14 20
15 15
16 15

1 19
2 16
3 11
4 17
5 16
6 10
7 18
8 11
9 12
10 16
11 15
12 18
13 13
14 10
15 10
16 11

1 17
2 13
3 16
4 11
5 18
6 14
7 18
8 11
9 12
10 13
11 20
12 11
13 18
14 14
15 11
16 13

1 16
2 20
3 17
4 15
5 10
6 11
7 16
8 10
9 17
10 14
11 10
12 10
13 15
14 10
15 20
16 11

1 12
2 18
3 10
4 10
5 13
6 18
7 13
8 19
9 14
10 15
11 18
12 17
13 19
14 20
15 15
16 15

1 19
2 16
3 11
4 17
5 16
6 10
7 18
8 11
9 12
10 16
11 15
12 18
13 13
14 10
15 10
16 11

1 17
2 13
3 16
4 11
5 18
6 14
7 18
8 11
9 12
10 13
11 20
12 11
13 18
14 14
15 11
16 13

1 16
2 20
3 17
4 15
5 10
6 11
7 16
8 10
9 17
10 14
11 10
12 10
13 15
14 10
15 20
16 11

1 12
2 18
3 10
4 10
5 13
6 18
7 13
8 19
9 14
10 15
11 18
12 17
13 19
14 20
15 15
16 15

1 19
2 16
3 11
4 17
5 16
6 10
7 18
8 11
9 12
10 16
11 15
12 18
13 13
14 10
15 10
16 11

1 17
2 13
3 16
4 11
5 18
6 14
7 18
8 11
9 12
10 13
11 20
12 11
13 18
14 14
15 11
16 13

1 16
2 20
3 17
4 15
5 10
6 11
7 16
8 10
9 17
10 14
11 10
12 10
13 15
14 10
15 20
16 11

1 12
2 18
3 10
4 10
5 13
6 18
7 13
8 19
9 14
10 15
11 18
12 17
13 19
14 20
15 15
16 15

1 19
2 16
3 11
4 17
5 16
6 10
7 18
8 11
9 12
10 16
11 15
12 18
13 13
14 10
15 10
16 11

1 17
2 13
3 16
4 11
5 18
6 14
7 18
8 11
9 12
10 13
11 20
12 11
13 18
14 14
15 11
16 13

1 16
2 20
3 17
4 15
5 10
6 11
7 16
8 10
9 17
10 14
11 10
12 10
13 15
14 10
15 20
16 11

1 12
2 18
3 10
4 10
5 13
6 18
7 13
8 19
9 14
10 15
11 18
12 17
13 19
14 20
15 15
16 15

1 19
2 16
3 11
4 17
5 16
6 10
7 18
8 11
9 12
10 16
11 15
12 18
13 13
14 10
15 10
16 11

1 17
2 13
3 16
4 11
5 18
6 14
7 18
8 11
9 12
10 13
11 20
12 11
13 18
14 14
15 11
16 13

1 16
2 20
3 17
4 15
5 10
6 11
7 16
8 10
9 17
10 14
11 10
12 10
13 15
14 10
15 20
16 11

1 12
2 18
3 10
4 10
5 13
6 18
7 13
8 19
9 14
10 15
11 18
12 17
13 19
14 20
15 15
16 15

1 19
2 16
3 11
4 17
5 16
6 10
7 18
8 11
9 12
10 16
11 15
12 18
13 13
14 10
15 10
16 11

1 17
2 13
3 16
4 11
5 18
6 14
7 18
8 11
9 12
10 13
11 20
12 11
13 18
14 14
15 11
16 13

1 16
2 20
3 17
4 15
5 10
6 11
7 16
8 10
9 17
10 14
11 10
12 10
13 15
14 10
15 20
16 11

1 12
2 18
3 10
4 10
5 13
6 18
7 13
8 19
9 14
10 15
11 18
12 17
13 19
14 20
15 15
16 15

1 19
2 16
3 11
4 17
5 16
6 10
7 18
8 11
9 12
10 16
11 15
12 18
13 13
14 10
15 10
16 11

1 17
2 13
3 16
4 11
5 18
6 14
7 18
8 11
9 12
10 13
11 20
12 11
13 18
14 14
15 11
16 13

1 16
2 20
3 17
4 15
5 10
6 11
7 16
8 10
9 17
10 14
11 10
12 10
13 15
14 10
15 20
16 11

1 12
2 18
3 10
4 10
5 13
6 18
7 13
8 19
9 14
10 15
11 18
12 17
13 19
14 20
15 15
16 15

1 19
2 16
3 11
4 17
5 16
6 10
7 18
8 11
9 12
10 16
11 15
12 18
13 13
14 10
15 10
16 11

1 17
2 13
3 16
4 11
5 18
6 14
7 18
8 11
9 12
10 13
11 20
12 11
13 18
14 14
15 11
16 13

1 16
2 20
3 17
4 15
5 10
6 11
7 16
8 10
9 17
10 14
11 10
12 10
13 15
14 10
15 20
16 11

1 12
2 18
3 10
4 10
5 13
6 18
7 13
8 19
9 14
10 15
11 18
12 17
13 19
14 20
15 15
16 15

1 19
2 16
3 11
4 17
5 16
6 10
7 18
8 11
9 12
10 16
11 15
12 18
13 13
14 10
15 10
16 11

1 17
2 13
3 16
4 11
5 18
6 14
7 18
8 11
9 12
10 13
11 20
12 11
13 18
14 14
15 11
16 13

1 16
2 20
3 17
4 15
5 10
6 11
7 16
8 10
9 17
10 14
11 10
12 10
13 15
14 10
15 20
16 11

1 12
2 18
3 10
4 10
5 13
6 18
7 13
8 19
9 14
10 15
11 18
12 17
13 19
14 20
15 15
16 15

1 19
2 16
3 11
4 17
5 16
6 10
7 18
8 11
9 12
10 16
11 15
12 18
13 13
14 10
15 10
16 11