1 0
2 0
3 0
4 0
5 0
6 0
7 0
8 0

1 10
2 15
3 15
4 19
5 20
6 18
7 17
8 14

1 16
2 16
3 20
4 11
5 18
6 15
7 20
8 10

1 11
2 18
3 12
4 17
5 19
6 15
7 14
8 18

1 12
2 13
3 15
4 16
5 11
6 10
7 12
8 12

1 10
2 15
3 15
4 19
5 20
6 18
7 17
8 14

1 16
2 16
3 20
4 11
5 18
6 15
7 20
8 10

1 11
2 18
3 12
4 17
5 19
6 15
7 14
8 18

1 12
2 13
3 15
4 16
5 11
6 10
7 12
8 12

1 10
2 15
3 15
4 19
5 20
6 18
7 17
8 14

1 16
2 16
3 20
4 11
5 18
6 15
7 20
8 10

1 11
2 18
3 12
4 17
5 19
6 15
7 14
8 18

1 12
2 13
3 15
4 16
5 11
6 10
7 12
8 12

1 10
2 15
3 15
4 19
5 20
6 18
7 17
8 14

1 16
2 16
3 20
4 11
5 18
6 15
7 20
8 10

1 11
2 18
3 12
4 17
5 19
6 15
7 14
8 18

1 12
2 13
3 15
4 16
5 11
6 10
7 12
8 12

1 10
2 15
3 15
4 19
5 20
6 18
7 17
8 14

1 16
2 16
3 20
4 11
5 18
6 15
7 20
8 10

1 11
2 18
3 12
4 17
5 19
6 15
7 14
8 18

1 12
2 13
3 15
4 16
5 11
6 10
7 12
8 12

1 10
2 15
3 15
4 19
5 20
6 18
7 17
8 14

1 16
2 16
3 20
4 11
5 18
6 15
7 20
8 10

1 11
2 18
3 12
4 17
5 19
6 15
7 14
8 18

1 12
2 13
3 15
4 16
5 11
6 10
7 12
8 12

1 10
2 15
3 15
4 19
5 20
6 18
7 17
8 14

1 16
2 16
3 20
4 11
5 18
6 15
7 20
8 10

1 11
2 18
3 12
4 17
5 19
6 15
7 14
8 18

1 12
2 13
3 15
4 16
5 11
6 10
7 12
8 12

1 10
2 15
3 15
4 19
5 20
6 18
7 17
8 14

1 16
2 16
3 20
4 11
5 18
6 15
7 20
8 10

1 11
2 18
3 12
4 17
5 19
6 15
7 14
8 18

1 12
2 13
3 15
4 16
5 11
6 10
7 12
8 12

1 10
2 15
3 15
4 19
5 20
6 18
7 17
8 14

1 16
2 16
3 20
4 11
5 18
6 15
7 20
8 10

1 11
2 18
3 12
4 17
5 19
6 15
7 14
8 18

1 12
2 13
3 15
4 16
5 11
6 10
7 12
8 12

1 10
2 15
3 15
4 19
5 20
6 18
7 17
8 14

1 16
2 16
3 20
4 11
5 18
6 15
7 20
8 10

1 11
2 18
3 12
4 17
5 19
6 15
7 14
8 18

1 12
2 13
3 15
4 16
5 11
6 10
7 12
8 12

1 10
2 15
3 15
4 19
5 20
6 18
7 17
8 14

1 16
2 16
3 20
4 11
5 18
6 15
7 20
8 10

1 11
2 18
3 12
4 17
5 19
6 15
7 14
8 18

1 12
2 13
3 15
4 16
5 11
6 10
7 12
8 12

1 10
2 15
3 15
4 19
5 20
6 18
7 17
8 14

1 16
2 16
3 20
4 11
5 18
6 15
7 20
8 10

1 11
2 18
3 12
4 17
5 19
6 15
7 14
8 18

1 12
2 13
3 15
4 16
5 11
6 10
7 12
8 12

1 10
2 15
3 15
4 19
5 20
6 18
7 17
8 14

1 16
2 16
3 20
4 11
5 18
6 15
7 20
8 10

1 11
2 18
3 12
4 17
5 19
6 15
7 14
8 18

1 12
2 13
3 15
4 16
5 11
6 10
7 12
8 12

1 10
2 15
3 15
4 19
5 20
6 18
7 17
8 14

1 16
2 16
3 20
4 11
5 18
6 15
7 20
8 10

1 11
2 18
3 12
4 17
5 19
6 15
7 14
8 18

1 12
2 13
3 15
4 16
5 11
6 10
7 12
8 12

1 10
2 15
3 15
4 19
5 20
6 18
7 17
8 14

1 16
2 16
3 20
4 11
5 18
6 15
7 20
8 10

1 11
2 18
3 12
4 17
5 19
6 15
7 14
8 18

1 12
2 13
3 15
4 16
5 11
6 10
7 12
8 12

1 10
2 15
3 15
4 19
5 20
6 18
7 17
8 14

1 16
2 16
3 20
4 11
5 18
6 15
7 20
8 10

1 11
2 18
3 12
4 17
5 19
6 15
7 14
8 18

1 12
2 13
3 15
4 16
5 11
6 10
7 12
8 12

1 10
2 15
3 15
4 19
5 20
6 18
7 17
8 14

1 16
2 16
3 20
4 11
5 18
6 15
7 20
8 10

1 11
2 18
3 12
4 17
5 19
6 15
7 14
8 18

1 12
2 13
3 15
4 16
5 11
6 10
7 12
8 12

1 10
2 15
3 15
4 19
5 20
6 18
7 17
8 14

1 16
2 16
3 20
4 11
5 18
6 15
7 20
8 10

1 11
2 18
3 12
4 17
5 19
6 15
7 14
8 18

1 12
2 13
3 15
4 16
5 11
6 10
7 12
8 12

1 10
2 15
3 15
4 19
5 20
6 18
7 17
8 14

1 16
2 16
3 20
4 11
5 18
6 15
7 20
8 10

1 11
2 18
3 12
4 17
5 19
6 15
7 14
8 18

1 12
2 13
3 15
4 16
5 11
6 10
7 12
8 12

1 10
2 15
3 15
4 19
5 20
6 18
7 17
8 14

1 16
2 16
3 20
4 11
5 18
6 15
7 20
8 10

1 11
2 18
3 12
4 17
5 19
6 15
7 14
8 18

1 12
2 13
3 15
4 16
5 11
6 10
7 12
8 12