1 0
2 0
3 0
4 0

1 8
2 5
3 2
4 4

1 8
2 5
3 9
4 4

1 2
2 0
3 7
4 1

1 2
2 1
3 0
4 0

1 8
2 5
3 2
4 4

1 8
2 5
3 9
4 4

1 2
2 0
3 7
4 1

1 2
2 1
3 0
4 0

1 8
2 5
3 2
4 4

1 8
2 5
3 9
4 4

1 2
2 0
3 7
4 1

1 2
2 1
3 0
4 0

1 8
2 5
3 2
4 4

1 8
2 5
3 9
4 4

1 2
2 0
3 7
4 1

1 2
2 1
3 0
4 0

1 8
2 5
3 2
4 4

1 8
2 5
3 9
4 4

1 2
2 0
3 7
4 1

1 2
2 1
3 0
4 0

1 8
2 5
3 2
4 4

1 8
2 5
3 9
4 4

1 2
2 0
3 7
4 1

1 2
2 1
3 0
4 0

1 8
2 5
3 2
4 4

1 8
2 5
3 9
4 4

1 2
2 0
3 7
4 1

1 2
2 1
3 0
4 0

1 8
2 5
3 2
4 4

1 8
2 5
3 9
4 4

1 2
2 0
3 7
4 1

1 2
2 1
3 0
4 0

1 8
2 5
3 2
4 4

1 8
2 5
3 9
4 4

1 2
2 0
3 7
4 1

1 2
2 1
3 0
4 0

1 8
2 5
3 2
4 4

1 8
2 5
3 9
4 4

1 2
2 0
3 7
4 1

1 2
2 1
3 0
4 0