1 0
2 0
3 0
4 0
5 0
6 0
7 0
8 0
9 0
10 0
11 0
12 0
13 0
14 0
15 0
16 0

1 19
2 19
3 14
4 20
5 15
6 10
7 17
8 19
9 10
10 17
11 14
12 15
13 11
14 11
15 20
16 19

1 12
2 19
3 19
4 13
5 12
6 11
7 19
8 13
9 14
10 20
11 20
12 20
13 20
14 10
15 15
16 20

1 13
2 10
3 15
4 17
5 13
6 10
7 18
8 14
9 17
10 17
11 20
12 10
13 11
14 18
15 13
16 17

1 14
2 16
3 20
4 20
5 20
6 11
7 10
8 14
9 11
10 17
11 14
12 14
13 17
14 14
15 11
16 20

1 19
2 19
3 14
4 20
5 15
6 10
7 17
8 19
9 10
10 17
11 14
12 15
13 11
14 11
15 20
16 19

1 12
2 19
3 19
4 13
5 12
6 11
7 19
8 13
9 14
10 20
11 20
12 20
13 20
14 10
15 15
16 20

1 13
2 10
3 15
4 17
5 13
6 10
7 18
8 14
9 17
10 17
11 20
12 10
13 11
14 18
15 13
16 17

1 14
2 16
3 20
4 20
5 20
6 11
7 10
8 14
9 11
10 17
11 14
12 14
13 17
14 14
15 11
16 20

1 19
2 19
3 14
4 20
5 15
6 10
7 17
8 19
9 10
10 17
11 14
12 15
13 11
14 11
15 20
16 19

1 12
2 19
3 19
4 13
5 12
6 11
7 19
8 13
9 14
10 20
11 20
12 20
13 20
14 10
15 15
16 20

1 13
2 10
3 15
4 17
5 13
6 10
7 18
8 14
9 17
10 17
11 20
12 10
13 11
14 18
15 13
16 17

1 14
2 16
3 20
4 20
5 20
6 11
7 10
8 14
9 11
10 17
11 14
12 14
13 17
14 14
15 11
16 20

1 19
2 19
3 14
4 20
5 15
6 10
7 17
8 19
9 10
10 17
11 14
12 15
13 11
14 11
15 20
16 19

1 12
2 19
3 19
4 13
5 12
6 11
7 19
8 13
9 14
10 20
11 20
12 20
13 20
14 10
15 15
16 20

1 13
2 10
3 15
4 17
5 13
6 10
7 18
8 14
9 17
10 17
11 20
12 10
13 11
14 18
15 13
16 17

1 14
2 16
3 20
4 20
5 20
6 11
7 10
8 14
9 11
10 17
11 14
12 14
13 17
14 14
15 11
16 20

1 19
2 19
3 14
4 20
5 15
6 10
7 17
8 19
9 10
10 17
11 14
12 15
13 11
14 11
15 20
16 19

1 12
2 19
3 19
4 13
5 12
6 11
7 19
8 13
9 14
10 20
11 20
12 20
13 20
14 10
15 15
16 20

1 13
2 10
3 15
4 17
5 13
6 10
7 18
8 14
9 17
10 17
11 20
12 10
13 11
14 18
15 13
16 17

1 14
2 16
3 20
4 20
5 20
6 11
7 10
8 14
9 11
10 17
11 14
12 14
13 17
14 14
15 11
16 20

1 19
2 19
3 14
4 20
5 15
6 10
7 17
8 19
9 10
10 17
11 14
12 15
13 11
14 11
15 20
16 19

1 12
2 19
3 19
4 13
5 12
6 11
7 19
8 13
9 14
10 20
11 20
12 20
13 20
14 10
15 15
16 20

1 13
2 10
3 15
4 17
5 13
6 10
7 18
8 14
9 17
10 17
11 20
12 10
13 11
14 18
15 13
16 17

1 14
2 16
3 20
4 20
5 20
6 11
7 10
8 14
9 11
10 17
11 14
12 14
13 17
14 14
15 11
16 20

1 19
2 19
3 14
4 20
5 15
6 10
7 17
8 19
9 10
10 17
11 14
12 15
13 11
14 11
15 20
16 19

1 12
2 19
3 19
4 13
5 12
6 11
7 19
8 13
9 14
10 20
11 20
12 20
13 20
14 10
15 15
16 20

1 13
2 10
3 15
4 17
5 13
6 10
7 18
8 14
9 17
10 17
11 20
12 10
13 11
14 18
15 13
16 17

1 14
2 16
3 20
4 20
5 20
6 11
7 10
8 14
9 11
10 17
11 14
12 14
13 17
14 14
15 11
16 20

1 19
2 19
3 14
4 20
5 15
6 10
7 17
8 19
9 10
10 17
11 14
12 15
13 11
14 11
15 20
16 19

1 12
2 19
3 19
4 13
5 12
6 11
7 19
8 13
9 14
10 20
11 20
12 20
13 20
14 10
15 15
16 20

1 13
2 10
3 15
4 17
5 13
6 10
7 18
8 14
9 17
10 17
11 20
12 10
13 11
14 18
15 13
16 17

1 14
2 16
3 20
4 20
5 20
6 11
7 10
8 14
9 11
10 17
11 14
12 14
13 17
14 14
15 11
16 20

1 19
2 19
3 14
4 20
5 15
6 10
7 17
8 19
9 10
10 17
11 14
12 15
13 11
14 11
15 20
16 19

1 12
2 19
3 19
4 13
5 12
6 11
7 19
8 13
9 14
10 20
11 20
12 20
13 20
14 10
15 15
16 20

1 13
2 10
3 15
4 17
5 13
6 10
7 18
8 14
9 17
10 17
11 20
12 10
13 11
14 18
15 13
16 17

1 14
2 16
3 20
4 20
5 20
6 11
7 10
8 14
9 11
10 17
11 14
12 14
13 17
14 14
15 11
16 20

1 19
2 19
3 14
4 20
5 15
6 10
7 17
8 19
9 10
10 17
11 14
12 15
13 11
14 11
15 20
16 19

1 12
2 19
3 19
4 13
5 12
6 11
7 19
8 13
9 14
10 20
11 20
12 20
13 20
14 10
15 15
16 20

1 13
2 10
3 15
4 17
5 13
6 10
7 18
8 14
9 17
10 17
11 20
12 10
13 11
14 18
15 13
16 17

1 14
2 16
3 20
4 20
5 20
6 11
7 10
8 14
9 11
10 17
11 14
12 14
13 17
14 14
15 11
16 20

1 19
2 19
3 14
4 20
5 15
6 10
7 17
8 19
9 10
10 17
11 14
12 15
13 11
14 11
15 20
16 19

1 12
2 19
3 19
4 13
5 12
6 11
7 19
8 13
9 14
10 20
11 20
12 20
13 20
14 10
15 15
16 20

1 13
2 10
3 15
4 17
5 13
6 10
7 18
8 14
9 17
10 17
11 20
12 10
13 11
14 18
15 13
16 17

1 14
2 16
3 20
4 20
5 20
6 11
7 10
8 14
9 11
10 17
11 14
12 14
13 17
14 14
15 11
16 20

1 19
2 19
3 14
4 20
5 15
6 10
7 17
8 19
9 10
10 17
11 14
12 15
13 11
14 11
15 20
16 19

1 12
2 19
3 19
4 13
5 12
6 11
7 19
8 13
9 14
10 20
11 20
12 20
13 20
14 10
15 15
16 20

1 13
2 10
3 15
4 17
5 13
6 10
7 18
8 14
9 17
10 17
11 20
12 10
13 11
14 18
15 13
16 17

1 14
2 16
3 20
4 20
5 20
6 11
7 10
8 14
9 11
10 17
11 14
12 14
13 17
14 14
15 11
16 20

1 19
2 19
3 14
4 20
5 15
6 10
7 17
8 19
9 10
10 17
11 14
12 15
13 11
14 11
15 20
16 19

1 12
2 19
3 19
4 13
5 12
6 11
7 19
8 13
9 14
10 20
11 20
12 20
13 20
14 10
15 15
16 20

1 13
2 10
3 15
4 17
5 13
6 10
7 18
8 14
9 17
10 17
11 20
12 10
13 11
14 18
15 13
16 17

1 14
2 16
3 20
4 20
5 20
6 11
7 10
8 14
9 11
10 17
11 14
12 14
13 17
14 14
15 11
16 20

1 19
2 19
3 14
4 20
5 15
6 10
7 17
8 19
9 10
10 17
11 14
12 15
13 11
14 11
15 20
16 19

1 12
2 19
3 19
4 13
5 12
6 11
7 19
8 13
9 14
10 20
11 20
12 20
13 20
14 10
15 15
16 20

1 13
2 10
3 15
4 17
5 13
6 10
7 18
8 14
9 17
10 17
11 20
12 10
13 11
14 18
15 13
16 17

1 14
2 16
3 20
4 20
5 20
6 11
7 10
8 14
9 11
10 17
11 14
12 14
13 17
14 14
15 11
16 20

1 19
2 19
3 14
4 20
5 15
6 10
7 17
8 19
9 10
10 17
11 14
12 15
13 11
14 11
15 20
16 19

1 12
2 19
3 19
4 13
5 12
6 11
7 19
8 13
9 14
10 20
11 20
12 20
13 20
14 10
15 15
16 20

1 13
2 10
3 15
4 17
5 13
6 10
7 18
8 14
9 17
10 17
11 20
12 10
13 11
14 18
15 13
16 17

1 14
2 16
3 20
4 20
5 20
6 11
7 10
8 14
9 11
10 17
11 14
12 14
13 17
14 14
15 11
16 20

1 19
2 19
3 14
4 20
5 15
6 10
7 17
8 19
9 10
10 17
11 14
12 15
13 11
14 11
15 20
16 19

1 12
2 19
3 19
4 13
5 12
6 11
7 19
8 13
9 14
10 20
11 20
12 20
13 20
14 10
15 15
16 20

1 13
2 10
3 15
4 17
5 13
6 10
7 18
8 14
9 17
10 17
11 20
12 10
13 11
14 18
15 13
16 17

1 14
2 16
3 20
4 20
5 20
6 11
7 10
8 14
9 11
10 17
11 14
12 14
13 17
14 14
15 11
16 20

1 19
2 19
3 14
4 20
5 15
6 10
7 17
8 19
9 10
10 17
11 14
12 15
13 11
14 11
15 20
16 19

1 12
2 19
3 19
4 13
5 12
6 11
7 19
8 13
9 14
10 20
11 20
12 20
13 20
14 10
15 15
16 20

1 13
2 10
3 15
4 17
5 13
6 10
7 18
8 14
9 17
10 17
11 20
12 10
13 11
14 18
15 13
16 17

1 14
2 16
3 20
4 20
5 20
6 11
7 10
8 14
9 11
10 17
11 14
12 14
13 17
14 14
15 11
16 20

1 19
2 19
3 14
4 20
5 15
6 10
7 17
8 19
9 10
10 17
11 14
12 15
13 11
14 11
15 20
16 19

1 12
2 19
3 19
4 13
5 12
6 11
7 19
8 13
9 14
10 20
11 20
12 20
13 20
14 10
15 15
16 20

1 13
2 10
3 15
4 17
5 13
6 10
7 18
8 14
9 17
10 17
11 20
12 10
13 11
14 18
15 13
16 17

1 14
2 16
3 20
4 20
5 20
6 11
7 10
8 14
9 11
10 17
11 14
12 14
13 17
14 14
15 11
16 20

1 19
2 19
3 14
4 20
5 15
6 10
7 17
8 19
9 10
10 17
11 14
12 15
13 11
14 11
15 20
16 19

1 12
2 19
3 19
4 13
5 12
6 11
7 19
8 13
9 14
10 20
11 20
12 20
13 20
14 10
15 15
16 20

1 13
2 10
3 15
4 17
5 13
6 10
7 18
8 14
9 17
10 17
11 20
12 10
13 11
14 18
15 13
16 17

1 14
2 16
3 20
4 20
5 20
6 11
7 10
8 14
9 11
10 17
11 14
12 14
13 17
14 14
15 11
16 20

1 19
2 19
3 14
4 20
5 15
6 10
7 17
8 19
9 10
10 17
11 14
12 15
13 11
14 11
15 20
16 19

1 12
2 19
3 19
4 13
5 12
6 11
7 19
8 13
9 14
10 20
11 20
12 20
13 20
14 10
15 15
16 20

1 13
2 10
3 15
4 17
5 13
6 10
7 18
8 14
9 17
10 17
11 20
12 10
13 11
14 18
15 13
16 17

1 14
2 16
3 20
4 20
5 20
6 11
7 10
8 14
9 11
10 17
11 14
12 14
13 17
14 14
15 11
16 20