1 0
2 0
3 0
4 0
5 0
6 0
7 0
8 0
9 0
10 0
11 0
12 0
13 0
14 0
15 0
16 0

1 7
2 7
3 0
4 7
5 2
6 6
7 5
8 9
9 9
10 5
11 2
12 7
13 5
14 7
15 7
16 2

1 1
2 6
3 0
4 5
5 7
6 6
7 0
8 6
9 6
10 2
11 6
12 4
13 4
14 5
15 5
16 5

1 7
2 7
3 0
4 7
5 2
6 6
7 5
8 9
9 9
10 5
11 2
12 7
13 5
14 7
15 7
16 2

1 1
2 6
3 0
4 5
5 7
6 6
7 0
8 6
9 6
10 2
11 6
12 4
13 4
14 5
15 5
16 5

1 7
2 7
3 0
4 7
5 2
6 6
7 5
8 9
9 9
10 5
11 2
12 7
13 5
14 7
15 7
16 2

1 1
2 6
3 0
4 5
5 7
6 6
7 0
8 6
9 6
10 2
11 6
12 4
13 4
14 5
15 5
16 5

1 7
2 7
3 0
4 7
5 2
6 6
7 5
8 9
9 9
10 5
11 2
12 7
13 5
14 7
15 7
16 2

1 1
2 6
3 0
4 5
5 7
6 6
7 0
8 6
9 6
10 2
11 6
12 4
13 4
14 5
15 5
16 5

1 7
2 7
3 0
4 7
5 2
6 6
7 5
8 9
9 9
10 5
11 2
12 7
13 5
14 7
15 7
16 2

1 1
2 6
3 0
4 5
5 7
6 6
7 0
8 6
9 6
10 2
11 6
12 4
13 4
14 5
15 5
16 5

1 7
2 7
3 0
4 7
5 2
6 6
7 5
8 9
9 9
10 5
11 2
12 7
13 5
14 7
15 7
16 2

1 1
2 6
3 0
4 5
5 7
6 6
7 0
8 6
9 6
10 2
11 6
12 4
13 4
14 5
15 5
16 5

1 7
2 7
3 0
4 7
5 2
6 6
7 5
8 9
9 9
10 5
11 2
12 7
13 5
14 7
15 7
16 2

1 1
2 6
3 0
4 5
5 7
6 6
7 0
8 6
9 6
10 2
11 6
12 4
13 4
14 5
15 5
16 5

1 7
2 7
3 0
4 7
5 2
6 6
7 5
8 9
9 9
10 5
11 2
12 7
13 5
14 7
15 7
16 2

1 1
2 6
3 0
4 5
5 7
6 6
7 0
8 6
9 6
10 2
11 6
12 4
13 4
14 5
15 5
16 5

1 7
2 7
3 0
4 7
5 2
6 6
7 5
8 9
9 9
10 5
11 2
12 7
13 5
14 7
15 7
16 2

1 1
2 6
3 0
4 5
5 7
6 6
7 0
8 6
9 6
10 2
11 6
12 4
13 4
14 5
15 5
16 5

1 7
2 7
3 0
4 7
5 2
6 6
7 5
8 9
9 9
10 5
11 2
12 7
13 5
14 7
15 7
16 2

1 1
2 6
3 0
4 5
5 7
6 6
7 0
8 6
9 6
10 2
11 6
12 4
13 4
14 5
15 5
16 5

1 7
2 7
3 0
4 7
5 2
6 6
7 5
8 9
9 9
10 5
11 2
12 7
13 5
14 7
15 7
16 2

1 1
2 6
3 0
4 5
5 7
6 6
7 0
8 6
9 6
10 2
11 6
12 4
13 4
14 5
15 5
16 5

1 7
2 7
3 0
4 7
5 2
6 6
7 5
8 9
9 9
10 5
11 2
12 7
13 5
14 7
15 7
16 2

1 1
2 6
3 0
4 5
5 7
6 6
7 0
8 6
9 6
10 2
11 6
12 4
13 4
14 5
15 5
16 5

1 7
2 7
3 0
4 7
5 2
6 6
7 5
8 9
9 9
10 5
11 2
12 7
13 5
14 7
15 7
16 2

1 1
2 6
3 0
4 5
5 7
6 6
7 0
8 6
9 6
10 2
11 6
12 4
13 4
14 5
15 5
16 5

1 7
2 7
3 0
4 7
5 2
6 6
7 5
8 9
9 9
10 5
11 2
12 7
13 5
14 7
15 7
16 2

1 1
2 6
3 0
4 5
5 7
6 6
7 0
8 6
9 6
10 2
11 6
12 4
13 4
14 5
15 5
16 5

1 7
2 7
3 0
4 7
5 2
6 6
7 5
8 9
9 9
10 5
11 2
12 7
13 5
14 7
15 7
16 2

1 1
2 6
3 0
4 5
5 7
6 6
7 0
8 6
9 6
10 2
11 6
12 4
13 4
14 5
15 5
16 5

1 7
2 7
3 0
4 7
5 2
6 6
7 5
8 9
9 9
10 5
11 2
12 7
13 5
14 7
15 7
16 2

1 1
2 6
3 0
4 5
5 7
6 6
7 0
8 6
9 6
10 2
11 6
12 4
13 4
14 5
15 5
16 5

1 7
2 7
3 0
4 7
5 2
6 6
7 5
8 9
9 9
10 5
11 2
12 7
13 5
14 7
15 7
16 2

1 1
2 6
3 0
4 5
5 7
6 6
7 0
8 6
9 6
10 2
11 6
12 4
13 4
14 5
15 5
16 5

1 7
2 7
3 0
4 7
5 2
6 6
7 5
8 9
9 9
10 5
11 2
12 7
13 5
14 7
15 7
16 2

1 1
2 6
3 0
4 5
5 7
6 6
7 0
8 6
9 6
10 2
11 6
12 4
13 4
14 5
15 5
16 5

1 7
2 7
3 0
4 7
5 2
6 6
7 5
8 9
9 9
10 5
11 2
12 7
13 5
14 7
15 7
16 2

1 1
2 6
3 0
4 5
5 7
6 6
7 0
8 6
9 6
10 2
11 6
12 4
13 4
14 5
15 5
16 5

1 7
2 7
3 0
4 7
5 2
6 6
7 5
8 9
9 9
10 5
11 2
12 7
13 5
14 7
15 7
16 2

1 1
2 6
3 0
4 5
5 7
6 6
7 0
8 6
9 6
10 2
11 6
12 4
13 4
14 5
15 5
16 5