1 0
2 0
3 0
4 0

1 11
2 18
3 20
4 11

1 12
2 12
3 18
4 19

1 11
2 11
3 16
4 10

1 12
2 18
3 19
4 11

1 17
2 13
3 16
4 19

1 18
2 13
3 18
4 14

1 11
2 18
3 20
4 11

1 12
2 12
3 18
4 19

1 11
2 11
3 16
4 10

1 12
2 18
3 19
4 11

1 17
2 13
3 16
4 19

1 18
2 13
3 18
4 14

1 11
2 18
3 20
4 11

1 12
2 12
3 18
4 19

1 11
2 11
3 16
4 10

1 12
2 18
3 19
4 11

1 17
2 13
3 16
4 19

1 18
2 13
3 18
4 14

1 11
2 18
3 20
4 11

1 12
2 12
3 18
4 19

1 11
2 11
3 16
4 10

1 12
2 18
3 19
4 11

1 17
2 13
3 16
4 19

1 18
2 13
3 18
4 14

1 11
2 18
3 20
4 11

1 12
2 12
3 18
4 19

1 11
2 11
3 16
4 10

1 12
2 18
3 19
4 11

1 17
2 13
3 16
4 19

1 18
2 13
3 18
4 14

1 11
2 18
3 20
4 11

1 12
2 12
3 18
4 19

1 11
2 11
3 16
4 10

1 12
2 18
3 19
4 11

1 17
2 13
3 16
4 19

1 18
2 13
3 18
4 14

1 11
2 18
3 20
4 11

1 12
2 12
3 18
4 19

1 11
2 11
3 16
4 10

1 12
2 18
3 19
4 11

1 17
2 13
3 16
4 19

1 18
2 13
3 18
4 14

1 11
2 18
3 20
4 11

1 12
2 12
3 18
4 19

1 11
2 11
3 16
4 10

1 12
2 18
3 19
4 11

1 17
2 13
3 16
4 19

1 18
2 13
3 18
4 14

1 11
2 18
3 20
4 11

1 12
2 12
3 18
4 19

1 11
2 11
3 16
4 10

1 12
2 18
3 19
4 11

1 17
2 13
3 16
4 19

1 18
2 13
3 18
4 14

1 11
2 18
3 20
4 11

1 12
2 12
3 18
4 19

1 11
2 11
3 16
4 10

1 12
2 18
3 19
4 11

1 17
2 13
3 16
4 19

1 18
2 13
3 18
4 14