1 0
2 0
3 0
4 0

1 6
2 7
3 3
4 6

1 0
2 3
3 3
4 2

1 6
2 7
3 3
4 6

1 0
2 3
3 3
4 2

1 6
2 7
3 3
4 6

1 0
2 3
3 3
4 2

1 6
2 7
3 3
4 6

1 0
2 3
3 3
4 2

1 6
2 7
3 3
4 6

1 0
2 3
3 3
4 2

1 6
2 7
3 3
4 6

1 0
2 3
3 3
4 2

1 6
2 7
3 3
4 6

1 0
2 3
3 3
4 2

1 6
2 7
3 3
4 6

1 0
2 3
3 3
4 2

1 6
2 7
3 3
4 6

1 0
2 3
3 3
4 2

1 6
2 7
3 3
4 6

1 0
2 3
3 3
4 2

1 6
2 7
3 3
4 6

1 0
2 3
3 3
4 2

1 6
2 7
3 3
4 6

1 0
2 3
3 3
4 2

1 6
2 7
3 3
4 6

1 0
2 3
3 3
4 2

1 6
2 7
3 3
4 6

1 0
2 3
3 3
4 2

1 6
2 7
3 3
4 6

1 0
2 3
3 3
4 2

1 6
2 7
3 3
4 6

1 0
2 3
3 3
4 2

1 6
2 7
3 3
4 6

1 0
2 3
3 3
4 2

1 6
2 7
3 3
4 6

1 0
2 3
3 3
4 2

1 6
2 7
3 3
4 6

1 0
2 3
3 3
4 2

1 6
2 7
3 3
4 6

1 0
2 3
3 3
4 2