1 0
2 0
3 0
4 0
5 0
6 0
7 0
8 0
9 0
10 0
11 0
12 0
13 0
14 0
15 0
16 0

1 16
2 10
3 12
4 15
5 15
6 10
7 16
8 16
9 10
10 10
11 12
12 12
13 15
14 19
15 11
16 16

1 14
2 17
3 15
4 18
5 13
6 19
7 19
8 13
9 16
10 20
11 18
12 20
13 11
14 11
15 16
16 17

1 17
2 16
3 19
4 20
5 17
6 13
7 18
8 14
9 17
10 14
11 18
12 16
13 11
14 14
15 12
16 10

1 10
2 18
3 10
4 16
5 19
6 17
7 18
8 15
9 12
10 12
11 18
12 15
13 14
14 16
15 19
16 12

1 17
2 10
3 15
4 11
5 15
6 11
7 15
8 17
9 12
10 11
11 10
12 19
13 12
14 14
15 19
16 11

1 15
2 18
3 14
4 18
5 11
6 12
7 12
8 15
9 11
10 20
11 15
12 11
13 11
14 10
15 10
16 11

1 16
2 10
3 12
4 15
5 15
6 10
7 16
8 16
9 10
10 10
11 12
12 12
13 15
14 19
15 11
16 16

1 14
2 17
3 15
4 18
5 13
6 19
7 19
8 13
9 16
10 20
11 18
12 20
13 11
14 11
15 16
16 17

1 17
2 16
3 19
4 20
5 17
6 13
7 18
8 14
9 17
10 14
11 18
12 16
13 11
14 14
15 12
16 10

1 10
2 18
3 10
4 16
5 19
6 17
7 18
8 15
9 12
10 12
11 18
12 15
13 14
14 16
15 19
16 12

1 17
2 10
3 15
4 11
5 15
6 11
7 15
8 17
9 12
10 11
11 10
12 19
13 12
14 14
15 19
16 11

1 15
2 18
3 14
4 18
5 11
6 12
7 12
8 15
9 11
10 20
11 15
12 11
13 11
14 10
15 10
16 11

1 16
2 10
3 12
4 15
5 15
6 10
7 16
8 16
9 10
10 10
11 12
12 12
13 15
14 19
15 11
16 16

1 14
2 17
3 15
4 18
5 13
6 19
7 19
8 13
9 16
10 20
11 18
12 20
13 11
14 11
15 16
16 17

1 17
2 16
3 19
4 20
5 17
6 13
7 18
8 14
9 17
10 14
11 18
12 16
13 11
14 14
15 12
16 10

1 10
2 18
3 10
4 16
5 19
6 17
7 18
8 15
9 12
10 12
11 18
12 15
13 14
14 16
15 19
16 12

1 17
2 10
3 15
4 11
5 15
6 11
7 15
8 17
9 12
10 11
11 10
12 19
13 12
14 14
15 19
16 11

1 15
2 18
3 14
4 18
5 11
6 12
7 12
8 15
9 11
10 20
11 15
12 11
13 11
14 10
15 10
16 11

1 16
2 10
3 12
4 15
5 15
6 10
7 16
8 16
9 10
10 10
11 12
12 12
13 15
14 19
15 11
16 16

1 14
2 17
3 15
4 18
5 13
6 19
7 19
8 13
9 16
10 20
11 18
12 20
13 11
14 11
15 16
16 17

1 17
2 16
3 19
4 20
5 17
6 13
7 18
8 14
9 17
10 14
11 18
12 16
13 11
14 14
15 12
16 10

1 10
2 18
3 10
4 16
5 19
6 17
7 18
8 15
9 12
10 12
11 18
12 15
13 14
14 16
15 19
16 12

1 17
2 10
3 15
4 11
5 15
6 11
7 15
8 17
9 12
10 11
11 10
12 19
13 12
14 14
15 19
16 11

1 15
2 18
3 14
4 18
5 11
6 12
7 12
8 15
9 11
10 20
11 15
12 11
13 11
14 10
15 10
16 11

1 16
2 10
3 12
4 15
5 15
6 10
7 16
8 16
9 10
10 10
11 12
12 12
13 15
14 19
15 11
16 16

1 14
2 17
3 15
4 18
5 13
6 19
7 19
8 13
9 16
10 20
11 18
12 20
13 11
14 11
15 16
16 17

1 17
2 16
3 19
4 20
5 17
6 13
7 18
8 14
9 17
10 14
11 18
12 16
13 11
14 14
15 12
16 10

1 10
2 18
3 10
4 16
5 19
6 17
7 18
8 15
9 12
10 12
11 18
12 15
13 14
14 16
15 19
16 12

1 17
2 10
3 15
4 11
5 15
6 11
7 15
8 17
9 12
10 11
11 10
12 19
13 12
14 14
15 19
16 11

1 15
2 18
3 14
4 18
5 11
6 12
7 12
8 15
9 11
10 20
11 15
12 11
13 11
14 10
15 10
16 11

1 16
2 10
3 12
4 15
5 15
6 10
7 16
8 16
9 10
10 10
11 12
12 12
13 15
14 19
15 11
16 16

1 14
2 17
3 15
4 18
5 13
6 19
7 19
8 13
9 16
10 20
11 18
12 20
13 11
14 11
15 16
16 17

1 17
2 16
3 19
4 20
5 17
6 13
7 18
8 14
9 17
10 14
11 18
12 16
13 11
14 14
15 12
16 10

1 10
2 18
3 10
4 16
5 19
6 17
7 18
8 15
9 12
10 12
11 18
12 15
13 14
14 16
15 19
16 12

1 17
2 10
3 15
4 11
5 15
6 11
7 15
8 17
9 12
10 11
11 10
12 19
13 12
14 14
15 19
16 11

1 15
2 18
3 14
4 18
5 11
6 12
7 12
8 15
9 11
10 20
11 15
12 11
13 11
14 10
15 10
16 11

1 16
2 10
3 12
4 15
5 15
6 10
7 16
8 16
9 10
10 10
11 12
12 12
13 15
14 19
15 11
16 16

1 14
2 17
3 15
4 18
5 13
6 19
7 19
8 13
9 16
10 20
11 18
12 20
13 11
14 11
15 16
16 17

1 17
2 16
3 19
4 20
5 17
6 13
7 18
8 14
9 17
10 14
11 18
12 16
13 11
14 14
15 12
16 10

1 10
2 18
3 10
4 16
5 19
6 17
7 18
8 15
9 12
10 12
11 18
12 15
13 14
14 16
15 19
16 12

1 17
2 10
3 15
4 11
5 15
6 11
7 15
8 17
9 12
10 11
11 10
12 19
13 12
14 14
15 19
16 11

1 15
2 18
3 14
4 18
5 11
6 12
7 12
8 15
9 11
10 20
11 15
12 11
13 11
14 10
15 10
16 11

1 16
2 10
3 12
4 15
5 15
6 10
7 16
8 16
9 10
10 10
11 12
12 12
13 15
14 19
15 11
16 16

1 14
2 17
3 15
4 18
5 13
6 19
7 19
8 13
9 16
10 20
11 18
12 20
13 11
14 11
15 16
16 17

1 17
2 16
3 19
4 20
5 17
6 13
7 18
8 14
9 17
10 14
11 18
12 16
13 11
14 14
15 12
16 10

1 10
2 18
3 10
4 16
5 19
6 17
7 18
8 15
9 12
10 12
11 18
12 15
13 14
14 16
15 19
16 12

1 17
2 10
3 15
4 11
5 15
6 11
7 15
8 17
9 12
10 11
11 10
12 19
13 12
14 14
15 19
16 11

1 15
2 18
3 14
4 18
5 11
6 12
7 12
8 15
9 11
10 20
11 15
12 11
13 11
14 10
15 10
16 11

1 16
2 10
3 12
4 15
5 15
6 10
7 16
8 16
9 10
10 10
11 12
12 12
13 15
14 19
15 11
16 16

1 14
2 17
3 15
4 18
5 13
6 19
7 19
8 13
9 16
10 20
11 18
12 20
13 11
14 11
15 16
16 17

1 17
2 16
3 19
4 20
5 17
6 13
7 18
8 14
9 17
10 14
11 18
12 16
13 11
14 14
15 12
16 10

1 10
2 18
3 10
4 16
5 19
6 17
7 18
8 15
9 12
10 12
11 18
12 15
13 14
14 16
15 19
16 12

1 17
2 10
3 15
4 11
5 15
6 11
7 15
8 17
9 12
10 11
11 10
12 19
13 12
14 14
15 19
16 11

1 15
2 18
3 14
4 18
5 11
6 12
7 12
8 15
9 11
10 20
11 15
12 11
13 11
14 10
15 10
16 11

1 16
2 10
3 12
4 15
5 15
6 10
7 16
8 16
9 10
10 10
11 12
12 12
13 15
14 19
15 11
16 16

1 14
2 17
3 15
4 18
5 13
6 19
7 19
8 13
9 16
10 20
11 18
12 20
13 11
14 11
15 16
16 17

1 17
2 16
3 19
4 20
5 17
6 13
7 18
8 14
9 17
10 14
11 18
12 16
13 11
14 14
15 12
16 10

1 10
2 18
3 10
4 16
5 19
6 17
7 18
8 15
9 12
10 12
11 18
12 15
13 14
14 16
15 19
16 12

1 17
2 10
3 15
4 11
5 15
6 11
7 15
8 17
9 12
10 11
11 10
12 19
13 12
14 14
15 19
16 11

1 15
2 18
3 14
4 18
5 11
6 12
7 12
8 15
9 11
10 20
11 15
12 11
13 11
14 10
15 10
16 11

1 16
2 10
3 12
4 15
5 15
6 10
7 16
8 16
9 10
10 10
11 12
12 12
13 15
14 19
15 11
16 16

1 14
2 17
3 15
4 18
5 13
6 19
7 19
8 13
9 16
10 20
11 18
12 20
13 11
14 11
15 16
16 17

1 17
2 16
3 19
4 20
5 17
6 13
7 18
8 14
9 17
10 14
11 18
12 16
13 11
14 14
15 12
16 10

1 10
2 18
3 10
4 16
5 19
6 17
7 18
8 15
9 12
10 12
11 18
12 15
13 14
14 16
15 19
16 12

1 17
2 10
3 15
4 11
5 15
6 11
7 15
8 17
9 12
10 11
11 10
12 19
13 12
14 14
15 19
16 11

1 15
2 18
3 14
4 18
5 11
6 12
7 12
8 15
9 11
10 20
11 15
12 11
13 11
14 10
15 10
16 11

1 16
2 10
3 12
4 15
5 15
6 10
7 16
8 16
9 10
10 10
11 12
12 12
13 15
14 19
15 11
16 16

1 14
2 17
3 15
4 18
5 13
6 19
7 19
8 13
9 16
10 20
11 18
12 20
13 11
14 11
15 16
16 17

1 17
2 16
3 19
4 20
5 17
6 13
7 18
8 14
9 17
10 14
11 18
12 16
13 11
14 14
15 12
16 10

1 10
2 18
3 10
4 16
5 19
6 17
7 18
8 15
9 12
10 12
11 18
12 15
13 14
14 16
15 19
16 12

1 17
2 10
3 15
4 11
5 15
6 11
7 15
8 17
9 12
10 11
11 10
12 19
13 12
14 14
15 19
16 11

1 15
2 18
3 14
4 18
5 11
6 12
7 12
8 15
9 11
10 20
11 15
12 11
13 11
14 10
15 10
16 11

1 16
2 10
3 12
4 15
5 15
6 10
7 16
8 16
9 10
10 10
11 12
12 12
13 15
14 19
15 11
16 16

1 14
2 17
3 15
4 18
5 13
6 19
7 19
8 13
9 16
10 20
11 18
12 20
13 11
14 11
15 16
16 17

1 17
2 16
3 19
4 20
5 17
6 13
7 18
8 14
9 17
10 14
11 18
12 16
13 11
14 14
15 12
16 10

1 10
2 18
3 10
4 16
5 19
6 17
7 18
8 15
9 12
10 12
11 18
12 15
13 14
14 16
15 19
16 12

1 17
2 10
3 15
4 11
5 15
6 11
7 15
8 17
9 12
10 11
11 10
12 19
13 12
14 14
15 19
16 11

1 15
2 18
3 14
4 18
5 11
6 12
7 12
8 15
9 11
10 20
11 15
12 11
13 11
14 10
15 10
16 11

1 16
2 10
3 12
4 15
5 15
6 10
7 16
8 16
9 10
10 10
11 12
12 12
13 15
14 19
15 11
16 16

1 14
2 17
3 15
4 18
5 13
6 19
7 19
8 13
9 16
10 20
11 18
12 20
13 11
14 11
15 16
16 17

1 17
2 16
3 19
4 20
5 17
6 13
7 18
8 14
9 17
10 14
11 18
12 16
13 11
14 14
15 12
16 10

1 10
2 18
3 10
4 16
5 19
6 17
7 18
8 15
9 12
10 12
11 18
12 15
13 14
14 16
15 19
16 12

1 17
2 10
3 15
4 11
5 15
6 11
7 15
8 17
9 12
10 11
11 10
12 19
13 12
14 14
15 19
16 11

1 15
2 18
3 14
4 18
5 11
6 12
7 12
8 15
9 11
10 20
11 15
12 11
13 11
14 10
15 10
16 11

1 16
2 10
3 12
4 15
5 15
6 10
7 16
8 16
9 10
10 10
11 12
12 12
13 15
14 19
15 11
16 16

1 14
2 17
3 15
4 18
5 13
6 19
7 19
8 13
9 16
10 20
11 18
12 20
13 11
14 11
15 16
16 17

1 17
2 16
3 19
4 20
5 17
6 13
7 18
8 14
9 17
10 14
11 18
12 16
13 11
14 14
15 12
16 10

1 10
2 18
3 10
4 16
5 19
6 17
7 18
8 15
9 12
10 12
11 18
12 15
13 14
14 16
15 19
16 12

1 17
2 10
3 15
4 11
5 15
6 11
7 15
8 17
9 12
10 11
11 10
12 19
13 12
14 14
15 19
16 11

1 15
2 18
3 14
4 18
5 11
6 12
7 12
8 15
9 11
10 20
11 15
12 11
13 11
14 10
15 10
16 11