1 0
2 0
3 0
4 0

1 6
2 1
3 1
4 2

1 3
2 5
3 0
4 1

1 1
2 7
3 2
4 4

1 8
2 1
3 9
4 9

1 8
2 5
3 2
4 8

1 0
2 2
3 0
4 1

1 6
2 1
3 1
4 2

1 3
2 5
3 0
4 1

1 1
2 7
3 2
4 4

1 8
2 1
3 9
4 9

1 8
2 5
3 2
4 8

1 0
2 2
3 0
4 1

1 6
2 1
3 1
4 2

1 3
2 5
3 0
4 1

1 1
2 7
3 2
4 4

1 8
2 1
3 9
4 9

1 8
2 5
3 2
4 8

1 0
2 2
3 0
4 1

1 6
2 1
3 1
4 2

1 3
2 5
3 0
4 1

1 1
2 7
3 2
4 4

1 8
2 1
3 9
4 9

1 8
2 5
3 2
4 8

1 0
2 2
3 0
4 1

1 6
2 1
3 1
4 2

1 3
2 5
3 0
4 1

1 1
2 7
3 2
4 4

1 8
2 1
3 9
4 9

1 8
2 5
3 2
4 8

1 0
2 2
3 0
4 1

1 6
2 1
3 1
4 2

1 3
2 5
3 0
4 1

1 1
2 7
3 2
4 4

1 8
2 1
3 9
4 9

1 8
2 5
3 2
4 8

1 0
2 2
3 0
4 1

1 6
2 1
3 1
4 2

1 3
2 5
3 0
4 1

1 1
2 7
3 2
4 4

1 8
2 1
3 9
4 9

1 8
2 5
3 2
4 8

1 0
2 2
3 0
4 1

1 6
2 1
3 1
4 2

1 3
2 5
3 0
4 1

1 1
2 7
3 2
4 4

1 8
2 1
3 9
4 9

1 8
2 5
3 2
4 8

1 0
2 2
3 0
4 1

1 6
2 1
3 1
4 2

1 3
2 5
3 0
4 1

1 1
2 7
3 2
4 4

1 8
2 1
3 9
4 9

1 8
2 5
3 2
4 8

1 0
2 2
3 0
4 1

1 6
2 1
3 1
4 2

1 3
2 5
3 0
4 1

1 1
2 7
3 2
4 4

1 8
2 1
3 9
4 9

1 8
2 5
3 2
4 8

1 0
2 2
3 0
4 1

1 6
2 1
3 1
4 2

1 3
2 5
3 0
4 1

1 1
2 7
3 2
4 4

1 8
2 1
3 9
4 9

1 8
2 5
3 2
4 8

1 0
2 2
3 0
4 1

1 6
2 1
3 1
4 2

1 3
2 5
3 0
4 1

1 1
2 7
3 2
4 4

1 8
2 1
3 9
4 9

1 8
2 5
3 2
4 8

1 0
2 2
3 0
4 1

1 6
2 1
3 1
4 2

1 3
2 5
3 0
4 1

1 1
2 7
3 2
4 4

1 8
2 1
3 9
4 9

1 8
2 5
3 2
4 8

1 0
2 2
3 0
4 1

1 6
2 1
3 1
4 2

1 3
2 5
3 0
4 1

1 1
2 7
3 2
4 4

1 8
2 1
3 9
4 9

1 8
2 5
3 2
4 8

1 0
2 2
3 0
4 1

1 6
2 1
3 1
4 2

1 3
2 5
3 0
4 1

1 1
2 7
3 2
4 4

1 8
2 1
3 9
4 9

1 8
2 5
3 2
4 8

1 0
2 2
3 0
4 1