1 0
2 0
3 0
4 0
5 0
6 0
7 0
8 0

1 0
2 1
3 6
4 4
5 0
6 7
7 7
8 6

1 0
2 2
3 7
4 5
5 8
6 9
7 1
8 7

1 2
2 1
3 7
4 4
5 0
6 2
7 2
8 4

1 3
2 0
3 9
4 0
5 8
6 1
7 2
8 0

1 0
2 1
3 6
4 4
5 0
6 7
7 7
8 6

1 0
2 2
3 7
4 5
5 8
6 9
7 1
8 7

1 2
2 1
3 7
4 4
5 0
6 2
7 2
8 4

1 3
2 0
3 9
4 0
5 8
6 1
7 2
8 0

1 0
2 1
3 6
4 4
5 0
6 7
7 7
8 6

1 0
2 2
3 7
4 5
5 8
6 9
7 1
8 7

1 2
2 1
3 7
4 4
5 0
6 2
7 2
8 4

1 3
2 0
3 9
4 0
5 8
6 1
7 2
8 0

1 0
2 1
3 6
4 4
5 0
6 7
7 7
8 6

1 0
2 2
3 7
4 5
5 8
6 9
7 1
8 7

1 2
2 1
3 7
4 4
5 0
6 2
7 2
8 4

1 3
2 0
3 9
4 0
5 8
6 1
7 2
8 0

1 0
2 1
3 6
4 4
5 0
6 7
7 7
8 6

1 0
2 2
3 7
4 5
5 8
6 9
7 1
8 7

1 2
2 1
3 7
4 4
5 0
6 2
7 2
8 4

1 3
2 0
3 9
4 0
5 8
6 1
7 2
8 0

1 0
2 1
3 6
4 4
5 0
6 7
7 7
8 6

1 0
2 2
3 7
4 5
5 8
6 9
7 1
8 7

1 2
2 1
3 7
4 4
5 0
6 2
7 2
8 4

1 3
2 0
3 9
4 0
5 8
6 1
7 2
8 0

1 0
2 1
3 6
4 4
5 0
6 7
7 7
8 6

1 0
2 2
3 7
4 5
5 8
6 9
7 1
8 7

1 2
2 1
3 7
4 4
5 0
6 2
7 2
8 4

1 3
2 0
3 9
4 0
5 8
6 1
7 2
8 0

1 0
2 1
3 6
4 4
5 0
6 7
7 7
8 6

1 0
2 2
3 7
4 5
5 8
6 9
7 1
8 7

1 2
2 1
3 7
4 4
5 0
6 2
7 2
8 4

1 3
2 0
3 9
4 0
5 8
6 1
7 2
8 0

1 0
2 1
3 6
4 4
5 0
6 7
7 7
8 6

1 0
2 2
3 7
4 5
5 8
6 9
7 1
8 7

1 2
2 1
3 7
4 4
5 0
6 2
7 2
8 4

1 3
2 0
3 9
4 0
5 8
6 1
7 2
8 0

1 0
2 1
3 6
4 4
5 0
6 7
7 7
8 6

1 0
2 2
3 7
4 5
5 8
6 9
7 1
8 7

1 2
2 1
3 7
4 4
5 0
6 2
7 2
8 4

1 3
2 0
3 9
4 0
5 8
6 1
7 2
8 0

1 0
2 1
3 6
4 4
5 0
6 7
7 7
8 6

1 0
2 2
3 7
4 5
5 8
6 9
7 1
8 7

1 2
2 1
3 7
4 4
5 0
6 2
7 2
8 4

1 3
2 0
3 9
4 0
5 8
6 1
7 2
8 0

1 0
2 1
3 6
4 4
5 0
6 7
7 7
8 6

1 0
2 2
3 7
4 5
5 8
6 9
7 1
8 7

1 2
2 1
3 7
4 4
5 0
6 2
7 2
8 4

1 3
2 0
3 9
4 0
5 8
6 1
7 2
8 0

1 0
2 1
3 6
4 4
5 0
6 7
7 7
8 6

1 0
2 2
3 7
4 5
5 8
6 9
7 1
8 7

1 2
2 1
3 7
4 4
5 0
6 2
7 2
8 4

1 3
2 0
3 9
4 0
5 8
6 1
7 2
8 0

1 0
2 1
3 6
4 4
5 0
6 7
7 7
8 6

1 0
2 2
3 7
4 5
5 8
6 9
7 1
8 7

1 2
2 1
3 7
4 4
5 0
6 2
7 2
8 4

1 3
2 0
3 9
4 0
5 8
6 1
7 2
8 0

1 0
2 1
3 6
4 4
5 0
6 7
7 7
8 6

1 0
2 2
3 7
4 5
5 8
6 9
7 1
8 7

1 2
2 1
3 7
4 4
5 0
6 2
7 2
8 4

1 3
2 0
3 9
4 0
5 8
6 1
7 2
8 0

1 0
2 1
3 6
4 4
5 0
6 7
7 7
8 6

1 0
2 2
3 7
4 5
5 8
6 9
7 1
8 7

1 2
2 1
3 7
4 4
5 0
6 2
7 2
8 4

1 3
2 0
3 9
4 0
5 8
6 1
7 2
8 0

1 0
2 1
3 6
4 4
5 0
6 7
7 7
8 6

1 0
2 2
3 7
4 5
5 8
6 9
7 1
8 7

1 2
2 1
3 7
4 4
5 0
6 2
7 2
8 4

1 3
2 0
3 9
4 0
5 8
6 1
7 2
8 0

1 0
2 1
3 6
4 4
5 0
6 7
7 7
8 6

1 0
2 2
3 7
4 5
5 8
6 9
7 1
8 7

1 2
2 1
3 7
4 4
5 0
6 2
7 2
8 4

1 3
2 0
3 9
4 0
5 8
6 1
7 2
8 0

1 0
2 1
3 6
4 4
5 0
6 7
7 7
8 6

1 0
2 2
3 7
4 5
5 8
6 9
7 1
8 7

1 2
2 1
3 7
4 4
5 0
6 2
7 2
8 4

1 3
2 0
3 9
4 0
5 8
6 1
7 2
8 0

1 0
2 1
3 6
4 4
5 0
6 7
7 7
8 6

1 0
2 2
3 7
4 5
5 8
6 9
7 1
8 7

1 2
2 1
3 7
4 4
5 0
6 2
7 2
8 4

1 3
2 0
3 9
4 0
5 8
6 1
7 2
8 0