1 0
2 0
3 0
4 0

1 0
2 7
3 6
4 3

1 0
2 2
3 0
4 4

1 5
2 9
3 7
4 0

1 0
2 9
3 8
4 0

1 2
2 5
3 1
4 1

1 1
2 2
3 3
4 2

1 0
2 7
3 6
4 3

1 0
2 2
3 0
4 4

1 5
2 9
3 7
4 0

1 0
2 9
3 8
4 0

1 2
2 5
3 1
4 1

1 1
2 2
3 3
4 2

1 0
2 7
3 6
4 3

1 0
2 2
3 0
4 4

1 5
2 9
3 7
4 0

1 0
2 9
3 8
4 0

1 2
2 5
3 1
4 1

1 1
2 2
3 3
4 2

1 0
2 7
3 6
4 3

1 0
2 2
3 0
4 4

1 5
2 9
3 7
4 0

1 0
2 9
3 8
4 0

1 2
2 5
3 1
4 1

1 1
2 2
3 3
4 2

1 0
2 7
3 6
4 3

1 0
2 2
3 0
4 4

1 5
2 9
3 7
4 0

1 0
2 9
3 8
4 0

1 2
2 5
3 1
4 1

1 1
2 2
3 3
4 2

1 0
2 7
3 6
4 3

1 0
2 2
3 0
4 4

1 5
2 9
3 7
4 0

1 0
2 9
3 8
4 0

1 2
2 5
3 1
4 1

1 1
2 2
3 3
4 2

1 0
2 7
3 6
4 3

1 0
2 2
3 0
4 4

1 5
2 9
3 7
4 0

1 0
2 9
3 8
4 0

1 2
2 5
3 1
4 1

1 1
2 2
3 3
4 2

1 0
2 7
3 6
4 3

1 0
2 2
3 0
4 4

1 5
2 9
3 7
4 0

1 0
2 9
3 8
4 0

1 2
2 5
3 1
4 1

1 1
2 2
3 3
4 2

1 0
2 7
3 6
4 3

1 0
2 2
3 0
4 4

1 5
2 9
3 7
4 0

1 0
2 9
3 8
4 0

1 2
2 5
3 1
4 1

1 1
2 2
3 3
4 2

1 0
2 7
3 6
4 3

1 0
2 2
3 0
4 4

1 5
2 9
3 7
4 0

1 0
2 9
3 8
4 0

1 2
2 5
3 1
4 1

1 1
2 2
3 3
4 2

1 0
2 7
3 6
4 3

1 0
2 2
3 0
4 4

1 5
2 9
3 7
4 0

1 0
2 9
3 8
4 0

1 2
2 5
3 1
4 1

1 1
2 2
3 3
4 2

1 0
2 7
3 6
4 3

1 0
2 2
3 0
4 4

1 5
2 9
3 7
4 0

1 0
2 9
3 8
4 0

1 2
2 5
3 1
4 1

1 1
2 2
3 3
4 2

1 0
2 7
3 6
4 3

1 0
2 2
3 0
4 4

1 5
2 9
3 7
4 0

1 0
2 9
3 8
4 0

1 2
2 5
3 1
4 1

1 1
2 2
3 3
4 2

1 0
2 7
3 6
4 3

1 0
2 2
3 0
4 4

1 5
2 9
3 7
4 0

1 0
2 9
3 8
4 0

1 2
2 5
3 1
4 1

1 1
2 2
3 3
4 2

1 0
2 7
3 6
4 3

1 0
2 2
3 0
4 4

1 5
2 9
3 7
4 0

1 0
2 9
3 8
4 0

1 2
2 5
3 1
4 1

1 1
2 2
3 3
4 2