1 0
2 0
3 0
4 0
5 0
6 0
7 0
8 0
9 0
10 0
11 0
12 0
13 0
14 0
15 0
16 0

1 6
2 3
3 0
4 6
5 0
6 4
7 5
8 6
9 9
10 6
11 9
12 7
13 4
14 4
15 9
16 8

1 0
2 9
3 0
4 0
5 3
6 5
7 9
8 4
9 9
10 1
11 2
12 5
13 9
14 9
15 8
16 5

1 2
2 6
3 1
4 6
5 3
6 5
7 0
8 1
9 3
10 1
11 0
12 0
13 7
14 4
15 9
16 7

1 9
2 7
3 2
4 1
5 2
6 5
7 2
8 5
9 9
10 8
11 1
12 5
13 1
14 2
15 9
16 4

1 6
2 3
3 0
4 6
5 0
6 4
7 5
8 6
9 9
10 6
11 9
12 7
13 4
14 4
15 9
16 8

1 0
2 9
3 0
4 0
5 3
6 5
7 9
8 4
9 9
10 1
11 2
12 5
13 9
14 9
15 8
16 5

1 2
2 6
3 1
4 6
5 3
6 5
7 0
8 1
9 3
10 1
11 0
12 0
13 7
14 4
15 9
16 7

1 9
2 7
3 2
4 1
5 2
6 5
7 2
8 5
9 9
10 8
11 1
12 5
13 1
14 2
15 9
16 4

1 6
2 3
3 0
4 6
5 0
6 4
7 5
8 6
9 9
10 6
11 9
12 7
13 4
14 4
15 9
16 8

1 0
2 9
3 0
4 0
5 3
6 5
7 9
8 4
9 9
10 1
11 2
12 5
13 9
14 9
15 8
16 5

1 2
2 6
3 1
4 6
5 3
6 5
7 0
8 1
9 3
10 1
11 0
12 0
13 7
14 4
15 9
16 7

1 9
2 7
3 2
4 1
5 2
6 5
7 2
8 5
9 9
10 8
11 1
12 5
13 1
14 2
15 9
16 4

1 6
2 3
3 0
4 6
5 0
6 4
7 5
8 6
9 9
10 6
11 9
12 7
13 4
14 4
15 9
16 8

1 0
2 9
3 0
4 0
5 3
6 5
7 9
8 4
9 9
10 1
11 2
12 5
13 9
14 9
15 8
16 5

1 2
2 6
3 1
4 6
5 3
6 5
7 0
8 1
9 3
10 1
11 0
12 0
13 7
14 4
15 9
16 7

1 9
2 7
3 2
4 1
5 2
6 5
7 2
8 5
9 9
10 8
11 1
12 5
13 1
14 2
15 9
16 4

1 6
2 3
3 0
4 6
5 0
6 4
7 5
8 6
9 9
10 6
11 9
12 7
13 4
14 4
15 9
16 8

1 0
2 9
3 0
4 0
5 3
6 5
7 9
8 4
9 9
10 1
11 2
12 5
13 9
14 9
15 8
16 5

1 2
2 6
3 1
4 6
5 3
6 5
7 0
8 1
9 3
10 1
11 0
12 0
13 7
14 4
15 9
16 7

1 9
2 7
3 2
4 1
5 2
6 5
7 2
8 5
9 9
10 8
11 1
12 5
13 1
14 2
15 9
16 4

1 6
2 3
3 0
4 6
5 0
6 4
7 5
8 6
9 9
10 6
11 9
12 7
13 4
14 4
15 9
16 8

1 0
2 9
3 0
4 0
5 3
6 5
7 9
8 4
9 9
10 1
11 2
12 5
13 9
14 9
15 8
16 5

1 2
2 6
3 1
4 6
5 3
6 5
7 0
8 1
9 3
10 1
11 0
12 0
13 7
14 4
15 9
16 7

1 9
2 7
3 2
4 1
5 2
6 5
7 2
8 5
9 9
10 8
11 1
12 5
13 1
14 2
15 9
16 4

1 6
2 3
3 0
4 6
5 0
6 4
7 5
8 6
9 9
10 6
11 9
12 7
13 4
14 4
15 9
16 8

1 0
2 9
3 0
4 0
5 3
6 5
7 9
8 4
9 9
10 1
11 2
12 5
13 9
14 9
15 8
16 5

1 2
2 6
3 1
4 6
5 3
6 5
7 0
8 1
9 3
10 1
11 0
12 0
13 7
14 4
15 9
16 7

1 9
2 7
3 2
4 1
5 2
6 5
7 2
8 5
9 9
10 8
11 1
12 5
13 1
14 2
15 9
16 4

1 6
2 3
3 0
4 6
5 0
6 4
7 5
8 6
9 9
10 6
11 9
12 7
13 4
14 4
15 9
16 8

1 0
2 9
3 0
4 0
5 3
6 5
7 9
8 4
9 9
10 1
11 2
12 5
13 9
14 9
15 8
16 5

1 2
2 6
3 1
4 6
5 3
6 5
7 0
8 1
9 3
10 1
11 0
12 0
13 7
14 4
15 9
16 7

1 9
2 7
3 2
4 1
5 2
6 5
7 2
8 5
9 9
10 8
11 1
12 5
13 1
14 2
15 9
16 4

1 6
2 3
3 0
4 6
5 0
6 4
7 5
8 6
9 9
10 6
11 9
12 7
13 4
14 4
15 9
16 8

1 0
2 9
3 0
4 0
5 3
6 5
7 9
8 4
9 9
10 1
11 2
12 5
13 9
14 9
15 8
16 5

1 2
2 6
3 1
4 6
5 3
6 5
7 0
8 1
9 3
10 1
11 0
12 0
13 7
14 4
15 9
16 7

1 9
2 7
3 2
4 1
5 2
6 5
7 2
8 5
9 9
10 8
11 1
12 5
13 1
14 2
15 9
16 4

1 6
2 3
3 0
4 6
5 0
6 4
7 5
8 6
9 9
10 6
11 9
12 7
13 4
14 4
15 9
16 8

1 0
2 9
3 0
4 0
5 3
6 5
7 9
8 4
9 9
10 1
11 2
12 5
13 9
14 9
15 8
16 5

1 2
2 6
3 1
4 6
5 3
6 5
7 0
8 1
9 3
10 1
11 0
12 0
13 7
14 4
15 9
16 7

1 9
2 7
3 2
4 1
5 2
6 5
7 2
8 5
9 9
10 8
11 1
12 5
13 1
14 2
15 9
16 4

1 6
2 3
3 0
4 6
5 0
6 4
7 5
8 6
9 9
10 6
11 9
12 7
13 4
14 4
15 9
16 8

1 0
2 9
3 0
4 0
5 3
6 5
7 9
8 4
9 9
10 1
11 2
12 5
13 9
14 9
15 8
16 5

1 2
2 6
3 1
4 6
5 3
6 5
7 0
8 1
9 3
10 1
11 0
12 0
13 7
14 4
15 9
16 7

1 9
2 7
3 2
4 1
5 2
6 5
7 2
8 5
9 9
10 8
11 1
12 5
13 1
14 2
15 9
16 4

1 6
2 3
3 0
4 6
5 0
6 4
7 5
8 6
9 9
10 6
11 9
12 7
13 4
14 4
15 9
16 8

1 0
2 9
3 0
4 0
5 3
6 5
7 9
8 4
9 9
10 1
11 2
12 5
13 9
14 9
15 8
16 5

1 2
2 6
3 1
4 6
5 3
6 5
7 0
8 1
9 3
10 1
11 0
12 0
13 7
14 4
15 9
16 7

1 9
2 7
3 2
4 1
5 2
6 5
7 2
8 5
9 9
10 8
11 1
12 5
13 1
14 2
15 9
16 4

1 6
2 3
3 0
4 6
5 0
6 4
7 5
8 6
9 9
10 6
11 9
12 7
13 4
14 4
15 9
16 8

1 0
2 9
3 0
4 0
5 3
6 5
7 9
8 4
9 9
10 1
11 2
12 5
13 9
14 9
15 8
16 5

1 2
2 6
3 1
4 6
5 3
6 5
7 0
8 1
9 3
10 1
11 0
12 0
13 7
14 4
15 9
16 7

1 9
2 7
3 2
4 1
5 2
6 5
7 2
8 5
9 9
10 8
11 1
12 5
13 1
14 2
15 9
16 4

1 6
2 3
3 0
4 6
5 0
6 4
7 5
8 6
9 9
10 6
11 9
12 7
13 4
14 4
15 9
16 8

1 0
2 9
3 0
4 0
5 3
6 5
7 9
8 4
9 9
10 1
11 2
12 5
13 9
14 9
15 8
16 5

1 2
2 6
3 1
4 6
5 3
6 5
7 0
8 1
9 3
10 1
11 0
12 0
13 7
14 4
15 9
16 7

1 9
2 7
3 2
4 1
5 2
6 5
7 2
8 5
9 9
10 8
11 1
12 5
13 1
14 2
15 9
16 4

1 6
2 3
3 0
4 6
5 0
6 4
7 5
8 6
9 9
10 6
11 9
12 7
13 4
14 4
15 9
16 8

1 0
2 9
3 0
4 0
5 3
6 5
7 9
8 4
9 9
10 1
11 2
12 5
13 9
14 9
15 8
16 5

1 2
2 6
3 1
4 6
5 3
6 5
7 0
8 1
9 3
10 1
11 0
12 0
13 7
14 4
15 9
16 7

1 9
2 7
3 2
4 1
5 2
6 5
7 2
8 5
9 9
10 8
11 1
12 5
13 1
14 2
15 9
16 4