1 0
2 0
3 0
4 0
5 0
6 0
7 0
8 0
9 0
10 0
11 0
12 0
13 0
14 0
15 0
16 0

1 16
2 10
3 16
4 15
5 16
6 20
7 20
8 10
9 15
10 10
11 15
12 16
13 13
14 11
15 13
16 10

1 11
2 11
3 20
4 18
5 13
6 20
7 13
8 10
9 12
10 14
11 14
12 16
13 17
14 15
15 13
16 16

1 18
2 15
3 20
4 18
5 16
6 20
7 14
8 19
9 12
10 11
11 13
12 11
13 20
14 10
15 16
16 13

1 12
2 18
3 17
4 11
5 12
6 10
7 14
8 13
9 17
10 15
11 17
12 20
13 15
14 10
15 13
16 16

1 16
2 10
3 16
4 15
5 16
6 20
7 20
8 10
9 15
10 10
11 15
12 16
13 13
14 11
15 13
16 10

1 11
2 11
3 20
4 18
5 13
6 20
7 13
8 10
9 12
10 14
11 14
12 16
13 17
14 15
15 13
16 16

1 18
2 15
3 20
4 18
5 16
6 20
7 14
8 19
9 12
10 11
11 13
12 11
13 20
14 10
15 16
16 13

1 12
2 18
3 17
4 11
5 12
6 10
7 14
8 13
9 17
10 15
11 17
12 20
13 15
14 10
15 13
16 16

1 16
2 10
3 16
4 15
5 16
6 20
7 20
8 10
9 15
10 10
11 15
12 16
13 13
14 11
15 13
16 10

1 11
2 11
3 20
4 18
5 13
6 20
7 13
8 10
9 12
10 14
11 14
12 16
13 17
14 15
15 13
16 16

1 18
2 15
3 20
4 18
5 16
6 20
7 14
8 19
9 12
10 11
11 13
12 11
13 20
14 10
15 16
16 13

1 12
2 18
3 17
4 11
5 12
6 10
7 14
8 13
9 17
10 15
11 17
12 20
13 15
14 10
15 13
16 16

1 16
2 10
3 16
4 15
5 16
6 20
7 20
8 10
9 15
10 10
11 15
12 16
13 13
14 11
15 13
16 10

1 11
2 11
3 20
4 18
5 13
6 20
7 13
8 10
9 12
10 14
11 14
12 16
13 17
14 15
15 13
16 16

1 18
2 15
3 20
4 18
5 16
6 20
7 14
8 19
9 12
10 11
11 13
12 11
13 20
14 10
15 16
16 13

1 12
2 18
3 17
4 11
5 12
6 10
7 14
8 13
9 17
10 15
11 17
12 20
13 15
14 10
15 13
16 16

1 16
2 10
3 16
4 15
5 16
6 20
7 20
8 10
9 15
10 10
11 15
12 16
13 13
14 11
15 13
16 10

1 11
2 11
3 20
4 18
5 13
6 20
7 13
8 10
9 12
10 14
11 14
12 16
13 17
14 15
15 13
16 16

1 18
2 15
3 20
4 18
5 16
6 20
7 14
8 19
9 12
10 11
11 13
12 11
13 20
14 10
15 16
16 13

1 12
2 18
3 17
4 11
5 12
6 10
7 14
8 13
9 17
10 15
11 17
12 20
13 15
14 10
15 13
16 16

1 16
2 10
3 16
4 15
5 16
6 20
7 20
8 10
9 15
10 10
11 15
12 16
13 13
14 11
15 13
16 10

1 11
2 11
3 20
4 18
5 13
6 20
7 13
8 10
9 12
10 14
11 14
12 16
13 17
14 15
15 13
16 16

1 18
2 15
3 20
4 18
5 16
6 20
7 14
8 19
9 12
10 11
11 13
12 11
13 20
14 10
15 16
16 13

1 12
2 18
3 17
4 11
5 12
6 10
7 14
8 13
9 17
10 15
11 17
12 20
13 15
14 10
15 13
16 16

1 16
2 10
3 16
4 15
5 16
6 20
7 20
8 10
9 15
10 10
11 15
12 16
13 13
14 11
15 13
16 10

1 11
2 11
3 20
4 18
5 13
6 20
7 13
8 10
9 12
10 14
11 14
12 16
13 17
14 15
15 13
16 16

1 18
2 15
3 20
4 18
5 16
6 20
7 14
8 19
9 12
10 11
11 13
12 11
13 20
14 10
15 16
16 13

1 12
2 18
3 17
4 11
5 12
6 10
7 14
8 13
9 17
10 15
11 17
12 20
13 15
14 10
15 13
16 16

1 16
2 10
3 16
4 15
5 16
6 20
7 20
8 10
9 15
10 10
11 15
12 16
13 13
14 11
15 13
16 10

1 11
2 11
3 20
4 18
5 13
6 20
7 13
8 10
9 12
10 14
11 14
12 16
13 17
14 15
15 13
16 16

1 18
2 15
3 20
4 18
5 16
6 20
7 14
8 19
9 12
10 11
11 13
12 11
13 20
14 10
15 16
16 13

1 12
2 18
3 17
4 11
5 12
6 10
7 14
8 13
9 17
10 15
11 17
12 20
13 15
14 10
15 13
16 16

1 16
2 10
3 16
4 15
5 16
6 20
7 20
8 10
9 15
10 10
11 15
12 16
13 13
14 11
15 13
16 10

1 11
2 11
3 20
4 18
5 13
6 20
7 13
8 10
9 12
10 14
11 14
12 16
13 17
14 15
15 13
16 16

1 18
2 15
3 20
4 18
5 16
6 20
7 14
8 19
9 12
10 11
11 13
12 11
13 20
14 10
15 16
16 13

1 12
2 18
3 17
4 11
5 12
6 10
7 14
8 13
9 17
10 15
11 17
12 20
13 15
14 10
15 13
16 16

1 16
2 10
3 16
4 15
5 16
6 20
7 20
8 10
9 15
10 10
11 15
12 16
13 13
14 11
15 13
16 10

1 11
2 11
3 20
4 18
5 13
6 20
7 13
8 10
9 12
10 14
11 14
12 16
13 17
14 15
15 13
16 16

1 18
2 15
3 20
4 18
5 16
6 20
7 14
8 19
9 12
10 11
11 13
12 11
13 20
14 10
15 16
16 13

1 12
2 18
3 17
4 11
5 12
6 10
7 14
8 13
9 17
10 15
11 17
12 20
13 15
14 10
15 13
16 16