1 0
2 0
3 0
4 0
5 0
6 0
7 0
8 0
9 0
10 0
11 0
12 0
13 0
14 0
15 0
16 0

1 15
2 20
3 18
4 13
5 13
6 20
7 18
8 11
9 10
10 13
11 13
12 13
13 15
14 12
15 16
16 20

1 19
2 19
3 19
4 13
5 11
6 17
7 19
8 14
9 20
10 12
11 17
12 19
13 10
14 16
15 10
16 17

1 17
2 17
3 19
4 16
5 17
6 12
7 20
8 19
9 18
10 19
11 15
12 12
13 13
14 18
15 17
16 12

1 17
2 12
3 12
4 19
5 13
6 15
7 12
8 14
9 20
10 20
11 10
12 18
13 13
14 10
15 19
16 19

1 15
2 20
3 18
4 13
5 13
6 20
7 18
8 11
9 10
10 13
11 13
12 13
13 15
14 12
15 16
16 20

1 19
2 19
3 19
4 13
5 11
6 17
7 19
8 14
9 20
10 12
11 17
12 19
13 10
14 16
15 10
16 17

1 17
2 17
3 19
4 16
5 17
6 12
7 20
8 19
9 18
10 19
11 15
12 12
13 13
14 18
15 17
16 12

1 17
2 12
3 12
4 19
5 13
6 15
7 12
8 14
9 20
10 20
11 10
12 18
13 13
14 10
15 19
16 19

1 15
2 20
3 18
4 13
5 13
6 20
7 18
8 11
9 10
10 13
11 13
12 13
13 15
14 12
15 16
16 20

1 19
2 19
3 19
4 13
5 11
6 17
7 19
8 14
9 20
10 12
11 17
12 19
13 10
14 16
15 10
16 17

1 17
2 17
3 19
4 16
5 17
6 12
7 20
8 19
9 18
10 19
11 15
12 12
13 13
14 18
15 17
16 12

1 17
2 12
3 12
4 19
5 13
6 15
7 12
8 14
9 20
10 20
11 10
12 18
13 13
14 10
15 19
16 19

1 15
2 20
3 18
4 13
5 13
6 20
7 18
8 11
9 10
10 13
11 13
12 13
13 15
14 12
15 16
16 20

1 19
2 19
3 19
4 13
5 11
6 17
7 19
8 14
9 20
10 12
11 17
12 19
13 10
14 16
15 10
16 17

1 17
2 17
3 19
4 16
5 17
6 12
7 20
8 19
9 18
10 19
11 15
12 12
13 13
14 18
15 17
16 12

1 17
2 12
3 12
4 19
5 13
6 15
7 12
8 14
9 20
10 20
11 10
12 18
13 13
14 10
15 19
16 19

1 15
2 20
3 18
4 13
5 13
6 20
7 18
8 11
9 10
10 13
11 13
12 13
13 15
14 12
15 16
16 20

1 19
2 19
3 19
4 13
5 11
6 17
7 19
8 14
9 20
10 12
11 17
12 19
13 10
14 16
15 10
16 17

1 17
2 17
3 19
4 16
5 17
6 12
7 20
8 19
9 18
10 19
11 15
12 12
13 13
14 18
15 17
16 12

1 17
2 12
3 12
4 19
5 13
6 15
7 12
8 14
9 20
10 20
11 10
12 18
13 13
14 10
15 19
16 19

1 15
2 20
3 18
4 13
5 13
6 20
7 18
8 11
9 10
10 13
11 13
12 13
13 15
14 12
15 16
16 20

1 19
2 19
3 19
4 13
5 11
6 17
7 19
8 14
9 20
10 12
11 17
12 19
13 10
14 16
15 10
16 17

1 17
2 17
3 19
4 16
5 17
6 12
7 20
8 19
9 18
10 19
11 15
12 12
13 13
14 18
15 17
16 12

1 17
2 12
3 12
4 19
5 13
6 15
7 12
8 14
9 20
10 20
11 10
12 18
13 13
14 10
15 19
16 19

1 15
2 20
3 18
4 13
5 13
6 20
7 18
8 11
9 10
10 13
11 13
12 13
13 15
14 12
15 16
16 20

1 19
2 19
3 19
4 13
5 11
6 17
7 19
8 14
9 20
10 12
11 17
12 19
13 10
14 16
15 10
16 17

1 17
2 17
3 19
4 16
5 17
6 12
7 20
8 19
9 18
10 19
11 15
12 12
13 13
14 18
15 17
16 12

1 17
2 12
3 12
4 19
5 13
6 15
7 12
8 14
9 20
10 20
11 10
12 18
13 13
14 10
15 19
16 19

1 15
2 20
3 18
4 13
5 13
6 20
7 18
8 11
9 10
10 13
11 13
12 13
13 15
14 12
15 16
16 20

1 19
2 19
3 19
4 13
5 11
6 17
7 19
8 14
9 20
10 12
11 17
12 19
13 10
14 16
15 10
16 17

1 17
2 17
3 19
4 16
5 17
6 12
7 20
8 19
9 18
10 19
11 15
12 12
13 13
14 18
15 17
16 12

1 17
2 12
3 12
4 19
5 13
6 15
7 12
8 14
9 20
10 20
11 10
12 18
13 13
14 10
15 19
16 19

1 15
2 20
3 18
4 13
5 13
6 20
7 18
8 11
9 10
10 13
11 13
12 13
13 15
14 12
15 16
16 20

1 19
2 19
3 19
4 13
5 11
6 17
7 19
8 14
9 20
10 12
11 17
12 19
13 10
14 16
15 10
16 17

1 17
2 17
3 19
4 16
5 17
6 12
7 20
8 19
9 18
10 19
11 15
12 12
13 13
14 18
15 17
16 12

1 17
2 12
3 12
4 19
5 13
6 15
7 12
8 14
9 20
10 20
11 10
12 18
13 13
14 10
15 19
16 19

1 15
2 20
3 18
4 13
5 13
6 20
7 18
8 11
9 10
10 13
11 13
12 13
13 15
14 12
15 16
16 20

1 19
2 19
3 19
4 13
5 11
6 17
7 19
8 14
9 20
10 12
11 17
12 19
13 10
14 16
15 10
16 17

1 17
2 17
3 19
4 16
5 17
6 12
7 20
8 19
9 18
10 19
11 15
12 12
13 13
14 18
15 17
16 12

1 17
2 12
3 12
4 19
5 13
6 15
7 12
8 14
9 20
10 20
11 10
12 18
13 13
14 10
15 19
16 19

1 15
2 20
3 18
4 13
5 13
6 20
7 18
8 11
9 10
10 13
11 13
12 13
13 15
14 12
15 16
16 20

1 19
2 19
3 19
4 13
5 11
6 17
7 19
8 14
9 20
10 12
11 17
12 19
13 10
14 16
15 10
16 17

1 17
2 17
3 19
4 16
5 17
6 12
7 20
8 19
9 18
10 19
11 15
12 12
13 13
14 18
15 17
16 12

1 17
2 12
3 12
4 19
5 13
6 15
7 12
8 14
9 20
10 20
11 10
12 18
13 13
14 10
15 19
16 19

1 15
2 20
3 18
4 13
5 13
6 20
7 18
8 11
9 10
10 13
11 13
12 13
13 15
14 12
15 16
16 20

1 19
2 19
3 19
4 13
5 11
6 17
7 19
8 14
9 20
10 12
11 17
12 19
13 10
14 16
15 10
16 17

1 17
2 17
3 19
4 16
5 17
6 12
7 20
8 19
9 18
10 19
11 15
12 12
13 13
14 18
15 17
16 12

1 17
2 12
3 12
4 19
5 13
6 15
7 12
8 14
9 20
10 20
11 10
12 18
13 13
14 10
15 19
16 19

1 15
2 20
3 18
4 13
5 13
6 20
7 18
8 11
9 10
10 13
11 13
12 13
13 15
14 12
15 16
16 20

1 19
2 19
3 19
4 13
5 11
6 17
7 19
8 14
9 20
10 12
11 17
12 19
13 10
14 16
15 10
16 17

1 17
2 17
3 19
4 16
5 17
6 12
7 20
8 19
9 18
10 19
11 15
12 12
13 13
14 18
15 17
16 12

1 17
2 12
3 12
4 19
5 13
6 15
7 12
8 14
9 20
10 20
11 10
12 18
13 13
14 10
15 19
16 19

1 15
2 20
3 18
4 13
5 13
6 20
7 18
8 11
9 10
10 13
11 13
12 13
13 15
14 12
15 16
16 20

1 19
2 19
3 19
4 13
5 11
6 17
7 19
8 14
9 20
10 12
11 17
12 19
13 10
14 16
15 10
16 17

1 17
2 17
3 19
4 16
5 17
6 12
7 20
8 19
9 18
10 19
11 15
12 12
13 13
14 18
15 17
16 12

1 17
2 12
3 12
4 19
5 13
6 15
7 12
8 14
9 20
10 20
11 10
12 18
13 13
14 10
15 19
16 19

1 15
2 20
3 18
4 13
5 13
6 20
7 18
8 11
9 10
10 13
11 13
12 13
13 15
14 12
15 16
16 20

1 19
2 19
3 19
4 13
5 11
6 17
7 19
8 14
9 20
10 12
11 17
12 19
13 10
14 16
15 10
16 17

1 17
2 17
3 19
4 16
5 17
6 12
7 20
8 19
9 18
10 19
11 15
12 12
13 13
14 18
15 17
16 12

1 17
2 12
3 12
4 19
5 13
6 15
7 12
8 14
9 20
10 20
11 10
12 18
13 13
14 10
15 19
16 19

1 15
2 20
3 18
4 13
5 13
6 20
7 18
8 11
9 10
10 13
11 13
12 13
13 15
14 12
15 16
16 20

1 19
2 19
3 19
4 13
5 11
6 17
7 19
8 14
9 20
10 12
11 17
12 19
13 10
14 16
15 10
16 17

1 17
2 17
3 19
4 16
5 17
6 12
7 20
8 19
9 18
10 19
11 15
12 12
13 13
14 18
15 17
16 12

1 17
2 12
3 12
4 19
5 13
6 15
7 12
8 14
9 20
10 20
11 10
12 18
13 13
14 10
15 19
16 19

1 15
2 20
3 18
4 13
5 13
6 20
7 18
8 11
9 10
10 13
11 13
12 13
13 15
14 12
15 16
16 20

1 19
2 19
3 19
4 13
5 11
6 17
7 19
8 14
9 20
10 12
11 17
12 19
13 10
14 16
15 10
16 17

1 17
2 17
3 19
4 16
5 17
6 12
7 20
8 19
9 18
10 19
11 15
12 12
13 13
14 18
15 17
16 12

1 17
2 12
3 12
4 19
5 13
6 15
7 12
8 14
9 20
10 20
11 10
12 18
13 13
14 10
15 19
16 19

1 15
2 20
3 18
4 13
5 13
6 20
7 18
8 11
9 10
10 13
11 13
12 13
13 15
14 12
15 16
16 20

1 19
2 19
3 19
4 13
5 11
6 17
7 19
8 14
9 20
10 12
11 17
12 19
13 10
14 16
15 10
16 17

1 17
2 17
3 19
4 16
5 17
6 12
7 20
8 19
9 18
10 19
11 15
12 12
13 13
14 18
15 17
16 12

1 17
2 12
3 12
4 19
5 13
6 15
7 12
8 14
9 20
10 20
11 10
12 18
13 13
14 10
15 19
16 19

1 15
2 20
3 18
4 13
5 13
6 20
7 18
8 11
9 10
10 13
11 13
12 13
13 15
14 12
15 16
16 20

1 19
2 19
3 19
4 13
5 11
6 17
7 19
8 14
9 20
10 12
11 17
12 19
13 10
14 16
15 10
16 17

1 17
2 17
3 19
4 16
5 17
6 12
7 20
8 19
9 18
10 19
11 15
12 12
13 13
14 18
15 17
16 12

1 17
2 12
3 12
4 19
5 13
6 15
7 12
8 14
9 20
10 20
11 10
12 18
13 13
14 10
15 19
16 19

1 15
2 20
3 18
4 13
5 13
6 20
7 18
8 11
9 10
10 13
11 13
12 13
13 15
14 12
15 16
16 20

1 19
2 19
3 19
4 13
5 11
6 17
7 19
8 14
9 20
10 12
11 17
12 19
13 10
14 16
15 10
16 17

1 17
2 17
3 19
4 16
5 17
6 12
7 20
8 19
9 18
10 19
11 15
12 12
13 13
14 18
15 17
16 12

1 17
2 12
3 12
4 19
5 13
6 15
7 12
8 14
9 20
10 20
11 10
12 18
13 13
14 10
15 19
16 19