1 0
2 0
3 0
4 0
5 0
6 0
7 0
8 0

1 10
2 13
3 12
4 18
5 17
6 12
7 12
8 17

1 10
2 16
3 10
4 12
5 15
6 20
7 12
8 20

1 13
2 10
3 17
4 11
5 10
6 18
7 16
8 12

1 10
2 11
3 15
4 15
5 17
6 18
7 20
8 19

1 13
2 19
3 15
4 19
5 11
6 14
7 12
8 11

1 12
2 14
3 10
4 11
5 12
6 11
7 20
8 15

1 10
2 13
3 12
4 18
5 17
6 12
7 12
8 17

1 10
2 16
3 10
4 12
5 15
6 20
7 12
8 20

1 13
2 10
3 17
4 11
5 10
6 18
7 16
8 12

1 10
2 11
3 15
4 15
5 17
6 18
7 20
8 19

1 13
2 19
3 15
4 19
5 11
6 14
7 12
8 11

1 12
2 14
3 10
4 11
5 12
6 11
7 20
8 15

1 10
2 13
3 12
4 18
5 17
6 12
7 12
8 17

1 10
2 16
3 10
4 12
5 15
6 20
7 12
8 20

1 13
2 10
3 17
4 11
5 10
6 18
7 16
8 12

1 10
2 11
3 15
4 15
5 17
6 18
7 20
8 19

1 13
2 19
3 15
4 19
5 11
6 14
7 12
8 11

1 12
2 14
3 10
4 11
5 12
6 11
7 20
8 15

1 10
2 13
3 12
4 18
5 17
6 12
7 12
8 17

1 10
2 16
3 10
4 12
5 15
6 20
7 12
8 20

1 13
2 10
3 17
4 11
5 10
6 18
7 16
8 12

1 10
2 11
3 15
4 15
5 17
6 18
7 20
8 19

1 13
2 19
3 15
4 19
5 11
6 14
7 12
8 11

1 12
2 14
3 10
4 11
5 12
6 11
7 20
8 15

1 10
2 13
3 12
4 18
5 17
6 12
7 12
8 17

1 10
2 16
3 10
4 12
5 15
6 20
7 12
8 20

1 13
2 10
3 17
4 11
5 10
6 18
7 16
8 12

1 10
2 11
3 15
4 15
5 17
6 18
7 20
8 19

1 13
2 19
3 15
4 19
5 11
6 14
7 12
8 11

1 12
2 14
3 10
4 11
5 12
6 11
7 20
8 15

1 10
2 13
3 12
4 18
5 17
6 12
7 12
8 17

1 10
2 16
3 10
4 12
5 15
6 20
7 12
8 20

1 13
2 10
3 17
4 11
5 10
6 18
7 16
8 12

1 10
2 11
3 15
4 15
5 17
6 18
7 20
8 19

1 13
2 19
3 15
4 19
5 11
6 14
7 12
8 11

1 12
2 14
3 10
4 11
5 12
6 11
7 20
8 15

1 10
2 13
3 12
4 18
5 17
6 12
7 12
8 17

1 10
2 16
3 10
4 12
5 15
6 20
7 12
8 20

1 13
2 10
3 17
4 11
5 10
6 18
7 16
8 12

1 10
2 11
3 15
4 15
5 17
6 18
7 20
8 19

1 13
2 19
3 15
4 19
5 11
6 14
7 12
8 11

1 12
2 14
3 10
4 11
5 12
6 11
7 20
8 15

1 10
2 13
3 12
4 18
5 17
6 12
7 12
8 17

1 10
2 16
3 10
4 12
5 15
6 20
7 12
8 20

1 13
2 10
3 17
4 11
5 10
6 18
7 16
8 12

1 10
2 11
3 15
4 15
5 17
6 18
7 20
8 19

1 13
2 19
3 15
4 19
5 11
6 14
7 12
8 11

1 12
2 14
3 10
4 11
5 12
6 11
7 20
8 15

1 10
2 13
3 12
4 18
5 17
6 12
7 12
8 17

1 10
2 16
3 10
4 12
5 15
6 20
7 12
8 20

1 13
2 10
3 17
4 11
5 10
6 18
7 16
8 12

1 10
2 11
3 15
4 15
5 17
6 18
7 20
8 19

1 13
2 19
3 15
4 19
5 11
6 14
7 12
8 11

1 12
2 14
3 10
4 11
5 12
6 11
7 20
8 15

1 10
2 13
3 12
4 18
5 17
6 12
7 12
8 17

1 10
2 16
3 10
4 12
5 15
6 20
7 12
8 20

1 13
2 10
3 17
4 11
5 10
6 18
7 16
8 12

1 10
2 11
3 15
4 15
5 17
6 18
7 20
8 19

1 13
2 19
3 15
4 19
5 11
6 14
7 12
8 11

1 12
2 14
3 10
4 11
5 12
6 11
7 20
8 15

1 10
2 13
3 12
4 18
5 17
6 12
7 12
8 17

1 10
2 16
3 10
4 12
5 15
6 20
7 12
8 20

1 13
2 10
3 17
4 11
5 10
6 18
7 16
8 12

1 10
2 11
3 15
4 15
5 17
6 18
7 20
8 19

1 13
2 19
3 15
4 19
5 11
6 14
7 12
8 11

1 12
2 14
3 10
4 11
5 12
6 11
7 20
8 15

1 10
2 13
3 12
4 18
5 17
6 12
7 12
8 17

1 10
2 16
3 10
4 12
5 15
6 20
7 12
8 20

1 13
2 10
3 17
4 11
5 10
6 18
7 16
8 12

1 10
2 11
3 15
4 15
5 17
6 18
7 20
8 19

1 13
2 19
3 15
4 19
5 11
6 14
7 12
8 11

1 12
2 14
3 10
4 11
5 12
6 11
7 20
8 15

1 10
2 13
3 12
4 18
5 17
6 12
7 12
8 17

1 10
2 16
3 10
4 12
5 15
6 20
7 12
8 20

1 13
2 10
3 17
4 11
5 10
6 18
7 16
8 12

1 10
2 11
3 15
4 15
5 17
6 18
7 20
8 19

1 13
2 19
3 15
4 19
5 11
6 14
7 12
8 11

1 12
2 14
3 10
4 11
5 12
6 11
7 20
8 15

1 10
2 13
3 12
4 18
5 17
6 12
7 12
8 17

1 10
2 16
3 10
4 12
5 15
6 20
7 12
8 20

1 13
2 10
3 17
4 11
5 10
6 18
7 16
8 12

1 10
2 11
3 15
4 15
5 17
6 18
7 20
8 19

1 13
2 19
3 15
4 19
5 11
6 14
7 12
8 11

1 12
2 14
3 10
4 11
5 12
6 11
7 20
8 15

1 10
2 13
3 12
4 18
5 17
6 12
7 12
8 17

1 10
2 16
3 10
4 12
5 15
6 20
7 12
8 20

1 13
2 10
3 17
4 11
5 10
6 18
7 16
8 12

1 10
2 11
3 15
4 15
5 17
6 18
7 20
8 19

1 13
2 19
3 15
4 19
5 11
6 14
7 12
8 11

1 12
2 14
3 10
4 11
5 12
6 11
7 20
8 15

1 10
2 13
3 12
4 18
5 17
6 12
7 12
8 17

1 10
2 16
3 10
4 12
5 15
6 20
7 12
8 20

1 13
2 10
3 17
4 11
5 10
6 18
7 16
8 12

1 10
2 11
3 15
4 15
5 17
6 18
7 20
8 19

1 13
2 19
3 15
4 19
5 11
6 14
7 12
8 11

1 12
2 14
3 10
4 11
5 12
6 11
7 20
8 15

1 10
2 13
3 12
4 18
5 17
6 12
7 12
8 17

1 10
2 16
3 10
4 12
5 15
6 20
7 12
8 20

1 13
2 10
3 17
4 11
5 10
6 18
7 16
8 12

1 10
2 11
3 15
4 15
5 17
6 18
7 20
8 19

1 13
2 19
3 15
4 19
5 11
6 14
7 12
8 11

1 12
2 14
3 10
4 11
5 12
6 11
7 20
8 15

1 10
2 13
3 12
4 18
5 17
6 12
7 12
8 17

1 10
2 16
3 10
4 12
5 15
6 20
7 12
8 20

1 13
2 10
3 17
4 11
5 10
6 18
7 16
8 12

1 10
2 11
3 15
4 15
5 17
6 18
7 20
8 19

1 13
2 19
3 15
4 19
5 11
6 14
7 12
8 11

1 12
2 14
3 10
4 11
5 12
6 11
7 20
8 15

1 10
2 13
3 12
4 18
5 17
6 12
7 12
8 17

1 10
2 16
3 10
4 12
5 15
6 20
7 12
8 20

1 13
2 10
3 17
4 11
5 10
6 18
7 16
8 12

1 10
2 11
3 15
4 15
5 17
6 18
7 20
8 19

1 13
2 19
3 15
4 19
5 11
6 14
7 12
8 11

1 12
2 14
3 10
4 11
5 12
6 11
7 20
8 15

1 10
2 13
3 12
4 18
5 17
6 12
7 12
8 17

1 10
2 16
3 10
4 12
5 15
6 20
7 12
8 20

1 13
2 10
3 17
4 11
5 10
6 18
7 16
8 12

1 10
2 11
3 15
4 15
5 17
6 18
7 20
8 19

1 13
2 19
3 15
4 19
5 11
6 14
7 12
8 11

1 12
2 14
3 10
4 11
5 12
6 11
7 20
8 15