1 0
2 0
3 0
4 0
5 0
6 0
7 0
8 0
9 0
10 0
11 0
12 0
13 0
14 0
15 0
16 0

1 3
2 0
3 0
4 8
5 4
6 7
7 5
8 6
9 2
10 6
11 6
12 4
13 3
14 9
15 8
16 7

1 4
2 0
3 7
4 5
5 6
6 0
7 8
8 0
9 3
10 2
11 9
12 8
13 6
14 3
15 9
16 6

1 1
2 1
3 2
4 8
5 8
6 8
7 7
8 0
9 2
10 5
11 3
12 1
13 9
14 1
15 6
16 9

1 0
2 7
3 1
4 4
5 5
6 3
7 3
8 2
9 0
10 2
11 2
12 6
13 3
14 2
15 1
16 0

1 8
2 9
3 1
4 8
5 3
6 1
7 0
8 7
9 7
10 3
11 9
12 3
13 4
14 1
15 6
16 5

1 8
2 3
3 3
4 9
5 1
6 4
7 4
8 4
9 9
10 4
11 7
12 6
13 9
14 4
15 9
16 2

1 3
2 0
3 0
4 8
5 4
6 7
7 5
8 6
9 2
10 6
11 6
12 4
13 3
14 9
15 8
16 7

1 4
2 0
3 7
4 5
5 6
6 0
7 8
8 0
9 3
10 2
11 9
12 8
13 6
14 3
15 9
16 6

1 1
2 1
3 2
4 8
5 8
6 8
7 7
8 0
9 2
10 5
11 3
12 1
13 9
14 1
15 6
16 9

1 0
2 7
3 1
4 4
5 5
6 3
7 3
8 2
9 0
10 2
11 2
12 6
13 3
14 2
15 1
16 0

1 8
2 9
3 1
4 8
5 3
6 1
7 0
8 7
9 7
10 3
11 9
12 3
13 4
14 1
15 6
16 5

1 8
2 3
3 3
4 9
5 1
6 4
7 4
8 4
9 9
10 4
11 7
12 6
13 9
14 4
15 9
16 2

1 3
2 0
3 0
4 8
5 4
6 7
7 5
8 6
9 2
10 6
11 6
12 4
13 3
14 9
15 8
16 7

1 4
2 0
3 7
4 5
5 6
6 0
7 8
8 0
9 3
10 2
11 9
12 8
13 6
14 3
15 9
16 6

1 1
2 1
3 2
4 8
5 8
6 8
7 7
8 0
9 2
10 5
11 3
12 1
13 9
14 1
15 6
16 9

1 0
2 7
3 1
4 4
5 5
6 3
7 3
8 2
9 0
10 2
11 2
12 6
13 3
14 2
15 1
16 0

1 8
2 9
3 1
4 8
5 3
6 1
7 0
8 7
9 7
10 3
11 9
12 3
13 4
14 1
15 6
16 5

1 8
2 3
3 3
4 9
5 1
6 4
7 4
8 4
9 9
10 4
11 7
12 6
13 9
14 4
15 9
16 2

1 3
2 0
3 0
4 8
5 4
6 7
7 5
8 6
9 2
10 6
11 6
12 4
13 3
14 9
15 8
16 7

1 4
2 0
3 7
4 5
5 6
6 0
7 8
8 0
9 3
10 2
11 9
12 8
13 6
14 3
15 9
16 6

1 1
2 1
3 2
4 8
5 8
6 8
7 7
8 0
9 2
10 5
11 3
12 1
13 9
14 1
15 6
16 9

1 0
2 7
3 1
4 4
5 5
6 3
7 3
8 2
9 0
10 2
11 2
12 6
13 3
14 2
15 1
16 0

1 8
2 9
3 1
4 8
5 3
6 1
7 0
8 7
9 7
10 3
11 9
12 3
13 4
14 1
15 6
16 5

1 8
2 3
3 3
4 9
5 1
6 4
7 4
8 4
9 9
10 4
11 7
12 6
13 9
14 4
15 9
16 2

1 3
2 0
3 0
4 8
5 4
6 7
7 5
8 6
9 2
10 6
11 6
12 4
13 3
14 9
15 8
16 7

1 4
2 0
3 7
4 5
5 6
6 0
7 8
8 0
9 3
10 2
11 9
12 8
13 6
14 3
15 9
16 6

1 1
2 1
3 2
4 8
5 8
6 8
7 7
8 0
9 2
10 5
11 3
12 1
13 9
14 1
15 6
16 9

1 0
2 7
3 1
4 4
5 5
6 3
7 3
8 2
9 0
10 2
11 2
12 6
13 3
14 2
15 1
16 0

1 8
2 9
3 1
4 8
5 3
6 1
7 0
8 7
9 7
10 3
11 9
12 3
13 4
14 1
15 6
16 5

1 8
2 3
3 3
4 9
5 1
6 4
7 4
8 4
9 9
10 4
11 7
12 6
13 9
14 4
15 9
16 2

1 3
2 0
3 0
4 8
5 4
6 7
7 5
8 6
9 2
10 6
11 6
12 4
13 3
14 9
15 8
16 7

1 4
2 0
3 7
4 5
5 6
6 0
7 8
8 0
9 3
10 2
11 9
12 8
13 6
14 3
15 9
16 6

1 1
2 1
3 2
4 8
5 8
6 8
7 7
8 0
9 2
10 5
11 3
12 1
13 9
14 1
15 6
16 9

1 0
2 7
3 1
4 4
5 5
6 3
7 3
8 2
9 0
10 2
11 2
12 6
13 3
14 2
15 1
16 0

1 8
2 9
3 1
4 8
5 3
6 1
7 0
8 7
9 7
10 3
11 9
12 3
13 4
14 1
15 6
16 5

1 8
2 3
3 3
4 9
5 1
6 4
7 4
8 4
9 9
10 4
11 7
12 6
13 9
14 4
15 9
16 2

1 3
2 0
3 0
4 8
5 4
6 7
7 5
8 6
9 2
10 6
11 6
12 4
13 3
14 9
15 8
16 7

1 4
2 0
3 7
4 5
5 6
6 0
7 8
8 0
9 3
10 2
11 9
12 8
13 6
14 3
15 9
16 6

1 1
2 1
3 2
4 8
5 8
6 8
7 7
8 0
9 2
10 5
11 3
12 1
13 9
14 1
15 6
16 9

1 0
2 7
3 1
4 4
5 5
6 3
7 3
8 2
9 0
10 2
11 2
12 6
13 3
14 2
15 1
16 0

1 8
2 9
3 1
4 8
5 3
6 1
7 0
8 7
9 7
10 3
11 9
12 3
13 4
14 1
15 6
16 5

1 8
2 3
3 3
4 9
5 1
6 4
7 4
8 4
9 9
10 4
11 7
12 6
13 9
14 4
15 9
16 2

1 3
2 0
3 0
4 8
5 4
6 7
7 5
8 6
9 2
10 6
11 6
12 4
13 3
14 9
15 8
16 7

1 4
2 0
3 7
4 5
5 6
6 0
7 8
8 0
9 3
10 2
11 9
12 8
13 6
14 3
15 9
16 6

1 1
2 1
3 2
4 8
5 8
6 8
7 7
8 0
9 2
10 5
11 3
12 1
13 9
14 1
15 6
16 9

1 0
2 7
3 1
4 4
5 5
6 3
7 3
8 2
9 0
10 2
11 2
12 6
13 3
14 2
15 1
16 0

1 8
2 9
3 1
4 8
5 3
6 1
7 0
8 7
9 7
10 3
11 9
12 3
13 4
14 1
15 6
16 5

1 8
2 3
3 3
4 9
5 1
6 4
7 4
8 4
9 9
10 4
11 7
12 6
13 9
14 4
15 9
16 2

1 3
2 0
3 0
4 8
5 4
6 7
7 5
8 6
9 2
10 6
11 6
12 4
13 3
14 9
15 8
16 7

1 4
2 0
3 7
4 5
5 6
6 0
7 8
8 0
9 3
10 2
11 9
12 8
13 6
14 3
15 9
16 6

1 1
2 1
3 2
4 8
5 8
6 8
7 7
8 0
9 2
10 5
11 3
12 1
13 9
14 1
15 6
16 9

1 0
2 7
3 1
4 4
5 5
6 3
7 3
8 2
9 0
10 2
11 2
12 6
13 3
14 2
15 1
16 0

1 8
2 9
3 1
4 8
5 3
6 1
7 0
8 7
9 7
10 3
11 9
12 3
13 4
14 1
15 6
16 5

1 8
2 3
3 3
4 9
5 1
6 4
7 4
8 4
9 9
10 4
11 7
12 6
13 9
14 4
15 9
16 2

1 3
2 0
3 0
4 8
5 4
6 7
7 5
8 6
9 2
10 6
11 6
12 4
13 3
14 9
15 8
16 7

1 4
2 0
3 7
4 5
5 6
6 0
7 8
8 0
9 3
10 2
11 9
12 8
13 6
14 3
15 9
16 6

1 1
2 1
3 2
4 8
5 8
6 8
7 7
8 0
9 2
10 5
11 3
12 1
13 9
14 1
15 6
16 9

1 0
2 7
3 1
4 4
5 5
6 3
7 3
8 2
9 0
10 2
11 2
12 6
13 3
14 2
15 1
16 0

1 8
2 9
3 1
4 8
5 3
6 1
7 0
8 7
9 7
10 3
11 9
12 3
13 4
14 1
15 6
16 5

1 8
2 3
3 3
4 9
5 1
6 4
7 4
8 4
9 9
10 4
11 7
12 6
13 9
14 4
15 9
16 2

1 3
2 0
3 0
4 8
5 4
6 7
7 5
8 6
9 2
10 6
11 6
12 4
13 3
14 9
15 8
16 7

1 4
2 0
3 7
4 5
5 6
6 0
7 8
8 0
9 3
10 2
11 9
12 8
13 6
14 3
15 9
16 6

1 1
2 1
3 2
4 8
5 8
6 8
7 7
8 0
9 2
10 5
11 3
12 1
13 9
14 1
15 6
16 9

1 0
2 7
3 1
4 4
5 5
6 3
7 3
8 2
9 0
10 2
11 2
12 6
13 3
14 2
15 1
16 0

1 8
2 9
3 1
4 8
5 3
6 1
7 0
8 7
9 7
10 3
11 9
12 3
13 4
14 1
15 6
16 5

1 8
2 3
3 3
4 9
5 1
6 4
7 4
8 4
9 9
10 4
11 7
12 6
13 9
14 4
15 9
16 2

1 3
2 0
3 0
4 8
5 4
6 7
7 5
8 6
9 2
10 6
11 6
12 4
13 3
14 9
15 8
16 7

1 4
2 0
3 7
4 5
5 6
6 0
7 8
8 0
9 3
10 2
11 9
12 8
13 6
14 3
15 9
16 6

1 1
2 1
3 2
4 8
5 8
6 8
7 7
8 0
9 2
10 5
11 3
12 1
13 9
14 1
15 6
16 9

1 0
2 7
3 1
4 4
5 5
6 3
7 3
8 2
9 0
10 2
11 2
12 6
13 3
14 2
15 1
16 0

1 8
2 9
3 1
4 8
5 3
6 1
7 0
8 7
9 7
10 3
11 9
12 3
13 4
14 1
15 6
16 5

1 8
2 3
3 3
4 9
5 1
6 4
7 4
8 4
9 9
10 4
11 7
12 6
13 9
14 4
15 9
16 2

1 3
2 0
3 0
4 8
5 4
6 7
7 5
8 6
9 2
10 6
11 6
12 4
13 3
14 9
15 8
16 7

1 4
2 0
3 7
4 5
5 6
6 0
7 8
8 0
9 3
10 2
11 9
12 8
13 6
14 3
15 9
16 6

1 1
2 1
3 2
4 8
5 8
6 8
7 7
8 0
9 2
10 5
11 3
12 1
13 9
14 1
15 6
16 9

1 0
2 7
3 1
4 4
5 5
6 3
7 3
8 2
9 0
10 2
11 2
12 6
13 3
14 2
15 1
16 0

1 8
2 9
3 1
4 8
5 3
6 1
7 0
8 7
9 7
10 3
11 9
12 3
13 4
14 1
15 6
16 5

1 8
2 3
3 3
4 9
5 1
6 4
7 4
8 4
9 9
10 4
11 7
12 6
13 9
14 4
15 9
16 2

1 3
2 0
3 0
4 8
5 4
6 7
7 5
8 6
9 2
10 6
11 6
12 4
13 3
14 9
15 8
16 7

1 4
2 0
3 7
4 5
5 6
6 0
7 8
8 0
9 3
10 2
11 9
12 8
13 6
14 3
15 9
16 6

1 1
2 1
3 2
4 8
5 8
6 8
7 7
8 0
9 2
10 5
11 3
12 1
13 9
14 1
15 6
16 9

1 0
2 7
3 1
4 4
5 5
6 3
7 3
8 2
9 0
10 2
11 2
12 6
13 3
14 2
15 1
16 0

1 8
2 9
3 1
4 8
5 3
6 1
7 0
8 7
9 7
10 3
11 9
12 3
13 4
14 1
15 6
16 5

1 8
2 3
3 3
4 9
5 1
6 4
7 4
8 4
9 9
10 4
11 7
12 6
13 9
14 4
15 9
16 2

1 3
2 0
3 0
4 8
5 4
6 7
7 5
8 6
9 2
10 6
11 6
12 4
13 3
14 9
15 8
16 7

1 4
2 0
3 7
4 5
5 6
6 0
7 8
8 0
9 3
10 2
11 9
12 8
13 6
14 3
15 9
16 6

1 1
2 1
3 2
4 8
5 8
6 8
7 7
8 0
9 2
10 5
11 3
12 1
13 9
14 1
15 6
16 9

1 0
2 7
3 1
4 4
5 5
6 3
7 3
8 2
9 0
10 2
11 2
12 6
13 3
14 2
15 1
16 0

1 8
2 9
3 1
4 8
5 3
6 1
7 0
8 7
9 7
10 3
11 9
12 3
13 4
14 1
15 6
16 5

1 8
2 3
3 3
4 9
5 1
6 4
7 4
8 4
9 9
10 4
11 7
12 6
13 9
14 4
15 9
16 2