1 0
2 0
3 0
4 0
5 0
6 0
7 0
8 0
9 0
10 0
11 0
12 0
13 0
14 0
15 0
16 0

1 12
2 18
3 20
4 15
5 12
6 14
7 11
8 15
9 17
10 20
11 13
12 19
13 12
14 15
15 15
16 15

1 12
2 11
3 10
4 16
5 16
6 17
7 10
8 17
9 17
10 11
11 13
12 17
13 16
14 18
15 17
16 11

1 20
2 10
3 15
4 17
5 15
6 14
7 11
8 16
9 12
10 14
11 19
12 13
13 15
14 15
15 20
16 16

1 18
2 17
3 10
4 11
5 18
6 11
7 16
8 19
9 10
10 18
11 12
12 13
13 17
14 14
15 10
16 12

1 12
2 18
3 20
4 15
5 12
6 14
7 11
8 15
9 17
10 20
11 13
12 19
13 12
14 15
15 15
16 15

1 12
2 11
3 10
4 16
5 16
6 17
7 10
8 17
9 17
10 11
11 13
12 17
13 16
14 18
15 17
16 11

1 20
2 10
3 15
4 17
5 15
6 14
7 11
8 16
9 12
10 14
11 19
12 13
13 15
14 15
15 20
16 16

1 18
2 17
3 10
4 11
5 18
6 11
7 16
8 19
9 10
10 18
11 12
12 13
13 17
14 14
15 10
16 12

1 12
2 18
3 20
4 15
5 12
6 14
7 11
8 15
9 17
10 20
11 13
12 19
13 12
14 15
15 15
16 15

1 12
2 11
3 10
4 16
5 16
6 17
7 10
8 17
9 17
10 11
11 13
12 17
13 16
14 18
15 17
16 11

1 20
2 10
3 15
4 17
5 15
6 14
7 11
8 16
9 12
10 14
11 19
12 13
13 15
14 15
15 20
16 16

1 18
2 17
3 10
4 11
5 18
6 11
7 16
8 19
9 10
10 18
11 12
12 13
13 17
14 14
15 10
16 12

1 12
2 18
3 20
4 15
5 12
6 14
7 11
8 15
9 17
10 20
11 13
12 19
13 12
14 15
15 15
16 15

1 12
2 11
3 10
4 16
5 16
6 17
7 10
8 17
9 17
10 11
11 13
12 17
13 16
14 18
15 17
16 11

1 20
2 10
3 15
4 17
5 15
6 14
7 11
8 16
9 12
10 14
11 19
12 13
13 15
14 15
15 20
16 16

1 18
2 17
3 10
4 11
5 18
6 11
7 16
8 19
9 10
10 18
11 12
12 13
13 17
14 14
15 10
16 12

1 12
2 18
3 20
4 15
5 12
6 14
7 11
8 15
9 17
10 20
11 13
12 19
13 12
14 15
15 15
16 15

1 12
2 11
3 10
4 16
5 16
6 17
7 10
8 17
9 17
10 11
11 13
12 17
13 16
14 18
15 17
16 11

1 20
2 10
3 15
4 17
5 15
6 14
7 11
8 16
9 12
10 14
11 19
12 13
13 15
14 15
15 20
16 16

1 18
2 17
3 10
4 11
5 18
6 11
7 16
8 19
9 10
10 18
11 12
12 13
13 17
14 14
15 10
16 12

1 12
2 18
3 20
4 15
5 12
6 14
7 11
8 15
9 17
10 20
11 13
12 19
13 12
14 15
15 15
16 15

1 12
2 11
3 10
4 16
5 16
6 17
7 10
8 17
9 17
10 11
11 13
12 17
13 16
14 18
15 17
16 11

1 20
2 10
3 15
4 17
5 15
6 14
7 11
8 16
9 12
10 14
11 19
12 13
13 15
14 15
15 20
16 16

1 18
2 17
3 10
4 11
5 18
6 11
7 16
8 19
9 10
10 18
11 12
12 13
13 17
14 14
15 10
16 12

1 12
2 18
3 20
4 15
5 12
6 14
7 11
8 15
9 17
10 20
11 13
12 19
13 12
14 15
15 15
16 15

1 12
2 11
3 10
4 16
5 16
6 17
7 10
8 17
9 17
10 11
11 13
12 17
13 16
14 18
15 17
16 11

1 20
2 10
3 15
4 17
5 15
6 14
7 11
8 16
9 12
10 14
11 19
12 13
13 15
14 15
15 20
16 16

1 18
2 17
3 10
4 11
5 18
6 11
7 16
8 19
9 10
10 18
11 12
12 13
13 17
14 14
15 10
16 12

1 12
2 18
3 20
4 15
5 12
6 14
7 11
8 15
9 17
10 20
11 13
12 19
13 12
14 15
15 15
16 15

1 12
2 11
3 10
4 16
5 16
6 17
7 10
8 17
9 17
10 11
11 13
12 17
13 16
14 18
15 17
16 11

1 20
2 10
3 15
4 17
5 15
6 14
7 11
8 16
9 12
10 14
11 19
12 13
13 15
14 15
15 20
16 16

1 18
2 17
3 10
4 11
5 18
6 11
7 16
8 19
9 10
10 18
11 12
12 13
13 17
14 14
15 10
16 12

1 12
2 18
3 20
4 15
5 12
6 14
7 11
8 15
9 17
10 20
11 13
12 19
13 12
14 15
15 15
16 15

1 12
2 11
3 10
4 16
5 16
6 17
7 10
8 17
9 17
10 11
11 13
12 17
13 16
14 18
15 17
16 11

1 20
2 10
3 15
4 17
5 15
6 14
7 11
8 16
9 12
10 14
11 19
12 13
13 15
14 15
15 20
16 16

1 18
2 17
3 10
4 11
5 18
6 11
7 16
8 19
9 10
10 18
11 12
12 13
13 17
14 14
15 10
16 12

1 12
2 18
3 20
4 15
5 12
6 14
7 11
8 15
9 17
10 20
11 13
12 19
13 12
14 15
15 15
16 15

1 12
2 11
3 10
4 16
5 16
6 17
7 10
8 17
9 17
10 11
11 13
12 17
13 16
14 18
15 17
16 11

1 20
2 10
3 15
4 17
5 15
6 14
7 11
8 16
9 12
10 14
11 19
12 13
13 15
14 15
15 20
16 16

1 18
2 17
3 10
4 11
5 18
6 11
7 16
8 19
9 10
10 18
11 12
12 13
13 17
14 14
15 10
16 12