1 0
2 0
3 0
4 0
5 0
6 0
7 0
8 0

1 16
2 10
3 10
4 11
5 13
6 20
7 10
8 19

1 11
2 17
3 15
4 15
5 19
6 18
7 10
8 16

1 16
2 10
3 10
4 11
5 13
6 20
7 10
8 19

1 11
2 17
3 15
4 15
5 19
6 18
7 10
8 16

1 16
2 10
3 10
4 11
5 13
6 20
7 10
8 19

1 11
2 17
3 15
4 15
5 19
6 18
7 10
8 16

1 16
2 10
3 10
4 11
5 13
6 20
7 10
8 19

1 11
2 17
3 15
4 15
5 19
6 18
7 10
8 16

1 16
2 10
3 10
4 11
5 13
6 20
7 10
8 19

1 11
2 17
3 15
4 15
5 19
6 18
7 10
8 16

1 16
2 10
3 10
4 11
5 13
6 20
7 10
8 19

1 11
2 17
3 15
4 15
5 19
6 18
7 10
8 16

1 16
2 10
3 10
4 11
5 13
6 20
7 10
8 19

1 11
2 17
3 15
4 15
5 19
6 18
7 10
8 16

1 16
2 10
3 10
4 11
5 13
6 20
7 10
8 19

1 11
2 17
3 15
4 15
5 19
6 18
7 10
8 16

1 16
2 10
3 10
4 11
5 13
6 20
7 10
8 19

1 11
2 17
3 15
4 15
5 19
6 18
7 10
8 16

1 16
2 10
3 10
4 11
5 13
6 20
7 10
8 19

1 11
2 17
3 15
4 15
5 19
6 18
7 10
8 16

1 16
2 10
3 10
4 11
5 13
6 20
7 10
8 19

1 11
2 17
3 15
4 15
5 19
6 18
7 10
8 16

1 16
2 10
3 10
4 11
5 13
6 20
7 10
8 19

1 11
2 17
3 15
4 15
5 19
6 18
7 10
8 16

1 16
2 10
3 10
4 11
5 13
6 20
7 10
8 19

1 11
2 17
3 15
4 15
5 19
6 18
7 10
8 16

1 16
2 10
3 10
4 11
5 13
6 20
7 10
8 19

1 11
2 17
3 15
4 15
5 19
6 18
7 10
8 16

1 16
2 10
3 10
4 11
5 13
6 20
7 10
8 19

1 11
2 17
3 15
4 15
5 19
6 18
7 10
8 16

1 16
2 10
3 10
4 11
5 13
6 20
7 10
8 19

1 11
2 17
3 15
4 15
5 19
6 18
7 10
8 16

1 16
2 10
3 10
4 11
5 13
6 20
7 10
8 19

1 11
2 17
3 15
4 15
5 19
6 18
7 10
8 16

1 16
2 10
3 10
4 11
5 13
6 20
7 10
8 19

1 11
2 17
3 15
4 15
5 19
6 18
7 10
8 16

1 16
2 10
3 10
4 11
5 13
6 20
7 10
8 19

1 11
2 17
3 15
4 15
5 19
6 18
7 10
8 16

1 16
2 10
3 10
4 11
5 13
6 20
7 10
8 19

1 11
2 17
3 15
4 15
5 19
6 18
7 10
8 16