1 0
2 0
3 0
4 0
5 0
6 0
7 0
8 0

1 9
2 1
3 4
4 8
5 4
6 6
7 6
8 0

1 7
2 8
3 2
4 7
5 8
6 8
7 5
8 1

1 9
2 1
3 4
4 8
5 4
6 6
7 6
8 0

1 7
2 8
3 2
4 7
5 8
6 8
7 5
8 1

1 9
2 1
3 4
4 8
5 4
6 6
7 6
8 0

1 7
2 8
3 2
4 7
5 8
6 8
7 5
8 1

1 9
2 1
3 4
4 8
5 4
6 6
7 6
8 0

1 7
2 8
3 2
4 7
5 8
6 8
7 5
8 1

1 9
2 1
3 4
4 8
5 4
6 6
7 6
8 0

1 7
2 8
3 2
4 7
5 8
6 8
7 5
8 1

1 9
2 1
3 4
4 8
5 4
6 6
7 6
8 0

1 7
2 8
3 2
4 7
5 8
6 8
7 5
8 1

1 9
2 1
3 4
4 8
5 4
6 6
7 6
8 0

1 7
2 8
3 2
4 7
5 8
6 8
7 5
8 1

1 9
2 1
3 4
4 8
5 4
6 6
7 6
8 0

1 7
2 8
3 2
4 7
5 8
6 8
7 5
8 1

1 9
2 1
3 4
4 8
5 4
6 6
7 6
8 0

1 7
2 8
3 2
4 7
5 8
6 8
7 5
8 1

1 9
2 1
3 4
4 8
5 4
6 6
7 6
8 0

1 7
2 8
3 2
4 7
5 8
6 8
7 5
8 1