1 0
2 0
3 0
4 0
5 0
6 0
7 0
8 0

1 19
2 17
3 10
4 12
5 20
6 16
7 20
8 12

1 12
2 16
3 12
4 10
5 17
6 13
7 17
8 14

1 16
2 13
3 15
4 17
5 17
6 17
7 11
8 14

1 13
2 15
3 14
4 14
5 15
6 10
7 15
8 20

1 19
2 17
3 10
4 12
5 20
6 16
7 20
8 12

1 12
2 16
3 12
4 10
5 17
6 13
7 17
8 14

1 16
2 13
3 15
4 17
5 17
6 17
7 11
8 14

1 13
2 15
3 14
4 14
5 15
6 10
7 15
8 20

1 19
2 17
3 10
4 12
5 20
6 16
7 20
8 12

1 12
2 16
3 12
4 10
5 17
6 13
7 17
8 14

1 16
2 13
3 15
4 17
5 17
6 17
7 11
8 14

1 13
2 15
3 14
4 14
5 15
6 10
7 15
8 20

1 19
2 17
3 10
4 12
5 20
6 16
7 20
8 12

1 12
2 16
3 12
4 10
5 17
6 13
7 17
8 14

1 16
2 13
3 15
4 17
5 17
6 17
7 11
8 14

1 13
2 15
3 14
4 14
5 15
6 10
7 15
8 20

1 19
2 17
3 10
4 12
5 20
6 16
7 20
8 12

1 12
2 16
3 12
4 10
5 17
6 13
7 17
8 14

1 16
2 13
3 15
4 17
5 17
6 17
7 11
8 14

1 13
2 15
3 14
4 14
5 15
6 10
7 15
8 20

1 19
2 17
3 10
4 12
5 20
6 16
7 20
8 12

1 12
2 16
3 12
4 10
5 17
6 13
7 17
8 14

1 16
2 13
3 15
4 17
5 17
6 17
7 11
8 14

1 13
2 15
3 14
4 14
5 15
6 10
7 15
8 20

1 19
2 17
3 10
4 12
5 20
6 16
7 20
8 12

1 12
2 16
3 12
4 10
5 17
6 13
7 17
8 14

1 16
2 13
3 15
4 17
5 17
6 17
7 11
8 14

1 13
2 15
3 14
4 14
5 15
6 10
7 15
8 20

1 19
2 17
3 10
4 12
5 20
6 16
7 20
8 12

1 12
2 16
3 12
4 10
5 17
6 13
7 17
8 14

1 16
2 13
3 15
4 17
5 17
6 17
7 11
8 14

1 13
2 15
3 14
4 14
5 15
6 10
7 15
8 20

1 19
2 17
3 10
4 12
5 20
6 16
7 20
8 12

1 12
2 16
3 12
4 10
5 17
6 13
7 17
8 14

1 16
2 13
3 15
4 17
5 17
6 17
7 11
8 14

1 13
2 15
3 14
4 14
5 15
6 10
7 15
8 20

1 19
2 17
3 10
4 12
5 20
6 16
7 20
8 12

1 12
2 16
3 12
4 10
5 17
6 13
7 17
8 14

1 16
2 13
3 15
4 17
5 17
6 17
7 11
8 14

1 13
2 15
3 14
4 14
5 15
6 10
7 15
8 20

1 19
2 17
3 10
4 12
5 20
6 16
7 20
8 12

1 12
2 16
3 12
4 10
5 17
6 13
7 17
8 14

1 16
2 13
3 15
4 17
5 17
6 17
7 11
8 14

1 13
2 15
3 14
4 14
5 15
6 10
7 15
8 20

1 19
2 17
3 10
4 12
5 20
6 16
7 20
8 12

1 12
2 16
3 12
4 10
5 17
6 13
7 17
8 14

1 16
2 13
3 15
4 17
5 17
6 17
7 11
8 14

1 13
2 15
3 14
4 14
5 15
6 10
7 15
8 20

1 19
2 17
3 10
4 12
5 20
6 16
7 20
8 12

1 12
2 16
3 12
4 10
5 17
6 13
7 17
8 14

1 16
2 13
3 15
4 17
5 17
6 17
7 11
8 14

1 13
2 15
3 14
4 14
5 15
6 10
7 15
8 20

1 19
2 17
3 10
4 12
5 20
6 16
7 20
8 12

1 12
2 16
3 12
4 10
5 17
6 13
7 17
8 14

1 16
2 13
3 15
4 17
5 17
6 17
7 11
8 14

1 13
2 15
3 14
4 14
5 15
6 10
7 15
8 20

1 19
2 17
3 10
4 12
5 20
6 16
7 20
8 12

1 12
2 16
3 12
4 10
5 17
6 13
7 17
8 14

1 16
2 13
3 15
4 17
5 17
6 17
7 11
8 14

1 13
2 15
3 14
4 14
5 15
6 10
7 15
8 20

1 19
2 17
3 10
4 12
5 20
6 16
7 20
8 12

1 12
2 16
3 12
4 10
5 17
6 13
7 17
8 14

1 16
2 13
3 15
4 17
5 17
6 17
7 11
8 14

1 13
2 15
3 14
4 14
5 15
6 10
7 15
8 20

1 19
2 17
3 10
4 12
5 20
6 16
7 20
8 12

1 12
2 16
3 12
4 10
5 17
6 13
7 17
8 14

1 16
2 13
3 15
4 17
5 17
6 17
7 11
8 14

1 13
2 15
3 14
4 14
5 15
6 10
7 15
8 20

1 19
2 17
3 10
4 12
5 20
6 16
7 20
8 12

1 12
2 16
3 12
4 10
5 17
6 13
7 17
8 14

1 16
2 13
3 15
4 17
5 17
6 17
7 11
8 14

1 13
2 15
3 14
4 14
5 15
6 10
7 15
8 20

1 19
2 17
3 10
4 12
5 20
6 16
7 20
8 12

1 12
2 16
3 12
4 10
5 17
6 13
7 17
8 14

1 16
2 13
3 15
4 17
5 17
6 17
7 11
8 14

1 13
2 15
3 14
4 14
5 15
6 10
7 15
8 20

1 19
2 17
3 10
4 12
5 20
6 16
7 20
8 12

1 12
2 16
3 12
4 10
5 17
6 13
7 17
8 14

1 16
2 13
3 15
4 17
5 17
6 17
7 11
8 14

1 13
2 15
3 14
4 14
5 15
6 10
7 15
8 20