1 0
2 0
3 0
4 0

1 11
2 18
3 14
4 16

1 19
2 11
3 17
4 12

1 11
2 18
3 14
4 16

1 19
2 11
3 17
4 12

1 11
2 18
3 14
4 16

1 19
2 11
3 17
4 12

1 11
2 18
3 14
4 16

1 19
2 11
3 17
4 12

1 11
2 18
3 14
4 16

1 19
2 11
3 17
4 12

1 11
2 18
3 14
4 16

1 19
2 11
3 17
4 12

1 11
2 18
3 14
4 16

1 19
2 11
3 17
4 12

1 11
2 18
3 14
4 16

1 19
2 11
3 17
4 12

1 11
2 18
3 14
4 16

1 19
2 11
3 17
4 12

1 11
2 18
3 14
4 16

1 19
2 11
3 17
4 12

1 11
2 18
3 14
4 16

1 19
2 11
3 17
4 12

1 11
2 18
3 14
4 16

1 19
2 11
3 17
4 12

1 11
2 18
3 14
4 16

1 19
2 11
3 17
4 12

1 11
2 18
3 14
4 16

1 19
2 11
3 17
4 12

1 11
2 18
3 14
4 16

1 19
2 11
3 17
4 12