1 0
2 0
3 0
4 0
5 0
6 0
7 0
8 0
9 0
10 0
11 0
12 0
13 0
14 0
15 0
16 0

1 18
2 11
3 16
4 20
5 15
6 15
7 11
8 16
9 13
10 19
11 17
12 14
13 14
14 20
15 15
16 16

1 19
2 10
3 20
4 13
5 17
6 18
7 10
8 18
9 19
10 20
11 20
12 15
13 18
14 19
15 20
16 19

1 19
2 12
3 15
4 10
5 17
6 12
7 10
8 20
9 10
10 14
11 12
12 14
13 17
14 11
15 15
16 11

1 16
2 16
3 18
4 10
5 19
6 11
7 10
8 20
9 18
10 19
11 12
12 17
13 16
14 17
15 14
16 12

1 12
2 15
3 13
4 12
5 13
6 15
7 14
8 14
9 15
10 19
11 10
12 13
13 10
14 16
15 10
16 18

1 20
2 10
3 17
4 15
5 16
6 12
7 10
8 20
9 14
10 20
11 10
12 10
13 15
14 10
15 20
16 16

1 18
2 11
3 16
4 20
5 15
6 15
7 11
8 16
9 13
10 19
11 17
12 14
13 14
14 20
15 15
16 16

1 19
2 10
3 20
4 13
5 17
6 18
7 10
8 18
9 19
10 20
11 20
12 15
13 18
14 19
15 20
16 19

1 19
2 12
3 15
4 10
5 17
6 12
7 10
8 20
9 10
10 14
11 12
12 14
13 17
14 11
15 15
16 11

1 16
2 16
3 18
4 10
5 19
6 11
7 10
8 20
9 18
10 19
11 12
12 17
13 16
14 17
15 14
16 12

1 12
2 15
3 13
4 12
5 13
6 15
7 14
8 14
9 15
10 19
11 10
12 13
13 10
14 16
15 10
16 18

1 20
2 10
3 17
4 15
5 16
6 12
7 10
8 20
9 14
10 20
11 10
12 10
13 15
14 10
15 20
16 16

1 18
2 11
3 16
4 20
5 15
6 15
7 11
8 16
9 13
10 19
11 17
12 14
13 14
14 20
15 15
16 16

1 19
2 10
3 20
4 13
5 17
6 18
7 10
8 18
9 19
10 20
11 20
12 15
13 18
14 19
15 20
16 19

1 19
2 12
3 15
4 10
5 17
6 12
7 10
8 20
9 10
10 14
11 12
12 14
13 17
14 11
15 15
16 11

1 16
2 16
3 18
4 10
5 19
6 11
7 10
8 20
9 18
10 19
11 12
12 17
13 16
14 17
15 14
16 12

1 12
2 15
3 13
4 12
5 13
6 15
7 14
8 14
9 15
10 19
11 10
12 13
13 10
14 16
15 10
16 18

1 20
2 10
3 17
4 15
5 16
6 12
7 10
8 20
9 14
10 20
11 10
12 10
13 15
14 10
15 20
16 16

1 18
2 11
3 16
4 20
5 15
6 15
7 11
8 16
9 13
10 19
11 17
12 14
13 14
14 20
15 15
16 16

1 19
2 10
3 20
4 13
5 17
6 18
7 10
8 18
9 19
10 20
11 20
12 15
13 18
14 19
15 20
16 19

1 19
2 12
3 15
4 10
5 17
6 12
7 10
8 20
9 10
10 14
11 12
12 14
13 17
14 11
15 15
16 11

1 16
2 16
3 18
4 10
5 19
6 11
7 10
8 20
9 18
10 19
11 12
12 17
13 16
14 17
15 14
16 12

1 12
2 15
3 13
4 12
5 13
6 15
7 14
8 14
9 15
10 19
11 10
12 13
13 10
14 16
15 10
16 18

1 20
2 10
3 17
4 15
5 16
6 12
7 10
8 20
9 14
10 20
11 10
12 10
13 15
14 10
15 20
16 16

1 18
2 11
3 16
4 20
5 15
6 15
7 11
8 16
9 13
10 19
11 17
12 14
13 14
14 20
15 15
16 16

1 19
2 10
3 20
4 13
5 17
6 18
7 10
8 18
9 19
10 20
11 20
12 15
13 18
14 19
15 20
16 19

1 19
2 12
3 15
4 10
5 17
6 12
7 10
8 20
9 10
10 14
11 12
12 14
13 17
14 11
15 15
16 11

1 16
2 16
3 18
4 10
5 19
6 11
7 10
8 20
9 18
10 19
11 12
12 17
13 16
14 17
15 14
16 12

1 12
2 15
3 13
4 12
5 13
6 15
7 14
8 14
9 15
10 19
11 10
12 13
13 10
14 16
15 10
16 18

1 20
2 10
3 17
4 15
5 16
6 12
7 10
8 20
9 14
10 20
11 10
12 10
13 15
14 10
15 20
16 16

1 18
2 11
3 16
4 20
5 15
6 15
7 11
8 16
9 13
10 19
11 17
12 14
13 14
14 20
15 15
16 16

1 19
2 10
3 20
4 13
5 17
6 18
7 10
8 18
9 19
10 20
11 20
12 15
13 18
14 19
15 20
16 19

1 19
2 12
3 15
4 10
5 17
6 12
7 10
8 20
9 10
10 14
11 12
12 14
13 17
14 11
15 15
16 11

1 16
2 16
3 18
4 10
5 19
6 11
7 10
8 20
9 18
10 19
11 12
12 17
13 16
14 17
15 14
16 12

1 12
2 15
3 13
4 12
5 13
6 15
7 14
8 14
9 15
10 19
11 10
12 13
13 10
14 16
15 10
16 18

1 20
2 10
3 17
4 15
5 16
6 12
7 10
8 20
9 14
10 20
11 10
12 10
13 15
14 10
15 20
16 16

1 18
2 11
3 16
4 20
5 15
6 15
7 11
8 16
9 13
10 19
11 17
12 14
13 14
14 20
15 15
16 16

1 19
2 10
3 20
4 13
5 17
6 18
7 10
8 18
9 19
10 20
11 20
12 15
13 18
14 19
15 20
16 19

1 19
2 12
3 15
4 10
5 17
6 12
7 10
8 20
9 10
10 14
11 12
12 14
13 17
14 11
15 15
16 11

1 16
2 16
3 18
4 10
5 19
6 11
7 10
8 20
9 18
10 19
11 12
12 17
13 16
14 17
15 14
16 12

1 12
2 15
3 13
4 12
5 13
6 15
7 14
8 14
9 15
10 19
11 10
12 13
13 10
14 16
15 10
16 18

1 20
2 10
3 17
4 15
5 16
6 12
7 10
8 20
9 14
10 20
11 10
12 10
13 15
14 10
15 20
16 16

1 18
2 11
3 16
4 20
5 15
6 15
7 11
8 16
9 13
10 19
11 17
12 14
13 14
14 20
15 15
16 16

1 19
2 10
3 20
4 13
5 17
6 18
7 10
8 18
9 19
10 20
11 20
12 15
13 18
14 19
15 20
16 19

1 19
2 12
3 15
4 10
5 17
6 12
7 10
8 20
9 10
10 14
11 12
12 14
13 17
14 11
15 15
16 11

1 16
2 16
3 18
4 10
5 19
6 11
7 10
8 20
9 18
10 19
11 12
12 17
13 16
14 17
15 14
16 12

1 12
2 15
3 13
4 12
5 13
6 15
7 14
8 14
9 15
10 19
11 10
12 13
13 10
14 16
15 10
16 18

1 20
2 10
3 17
4 15
5 16
6 12
7 10
8 20
9 14
10 20
11 10
12 10
13 15
14 10
15 20
16 16

1 18
2 11
3 16
4 20
5 15
6 15
7 11
8 16
9 13
10 19
11 17
12 14
13 14
14 20
15 15
16 16

1 19
2 10
3 20
4 13
5 17
6 18
7 10
8 18
9 19
10 20
11 20
12 15
13 18
14 19
15 20
16 19

1 19
2 12
3 15
4 10
5 17
6 12
7 10
8 20
9 10
10 14
11 12
12 14
13 17
14 11
15 15
16 11

1 16
2 16
3 18
4 10
5 19
6 11
7 10
8 20
9 18
10 19
11 12
12 17
13 16
14 17
15 14
16 12

1 12
2 15
3 13
4 12
5 13
6 15
7 14
8 14
9 15
10 19
11 10
12 13
13 10
14 16
15 10
16 18

1 20
2 10
3 17
4 15
5 16
6 12
7 10
8 20
9 14
10 20
11 10
12 10
13 15
14 10
15 20
16 16

1 18
2 11
3 16
4 20
5 15
6 15
7 11
8 16
9 13
10 19
11 17
12 14
13 14
14 20
15 15
16 16

1 19
2 10
3 20
4 13
5 17
6 18
7 10
8 18
9 19
10 20
11 20
12 15
13 18
14 19
15 20
16 19

1 19
2 12
3 15
4 10
5 17
6 12
7 10
8 20
9 10
10 14
11 12
12 14
13 17
14 11
15 15
16 11

1 16
2 16
3 18
4 10
5 19
6 11
7 10
8 20
9 18
10 19
11 12
12 17
13 16
14 17
15 14
16 12

1 12
2 15
3 13
4 12
5 13
6 15
7 14
8 14
9 15
10 19
11 10
12 13
13 10
14 16
15 10
16 18

1 20
2 10
3 17
4 15
5 16
6 12
7 10
8 20
9 14
10 20
11 10
12 10
13 15
14 10
15 20
16 16

1 18
2 11
3 16
4 20
5 15
6 15
7 11
8 16
9 13
10 19
11 17
12 14
13 14
14 20
15 15
16 16

1 19
2 10
3 20
4 13
5 17
6 18
7 10
8 18
9 19
10 20
11 20
12 15
13 18
14 19
15 20
16 19

1 19
2 12
3 15
4 10
5 17
6 12
7 10
8 20
9 10
10 14
11 12
12 14
13 17
14 11
15 15
16 11

1 16
2 16
3 18
4 10
5 19
6 11
7 10
8 20
9 18
10 19
11 12
12 17
13 16
14 17
15 14
16 12

1 12
2 15
3 13
4 12
5 13
6 15
7 14
8 14
9 15
10 19
11 10
12 13
13 10
14 16
15 10
16 18

1 20
2 10
3 17
4 15
5 16
6 12
7 10
8 20
9 14
10 20
11 10
12 10
13 15
14 10
15 20
16 16

1 18
2 11
3 16
4 20
5 15
6 15
7 11
8 16
9 13
10 19
11 17
12 14
13 14
14 20
15 15
16 16

1 19
2 10
3 20
4 13
5 17
6 18
7 10
8 18
9 19
10 20
11 20
12 15
13 18
14 19
15 20
16 19

1 19
2 12
3 15
4 10
5 17
6 12
7 10
8 20
9 10
10 14
11 12
12 14
13 17
14 11
15 15
16 11

1 16
2 16
3 18
4 10
5 19
6 11
7 10
8 20
9 18
10 19
11 12
12 17
13 16
14 17
15 14
16 12

1 12
2 15
3 13
4 12
5 13
6 15
7 14
8 14
9 15
10 19
11 10
12 13
13 10
14 16
15 10
16 18

1 20
2 10
3 17
4 15
5 16
6 12
7 10
8 20
9 14
10 20
11 10
12 10
13 15
14 10
15 20
16 16

1 18
2 11
3 16
4 20
5 15
6 15
7 11
8 16
9 13
10 19
11 17
12 14
13 14
14 20
15 15
16 16

1 19
2 10
3 20
4 13
5 17
6 18
7 10
8 18
9 19
10 20
11 20
12 15
13 18
14 19
15 20
16 19

1 19
2 12
3 15
4 10
5 17
6 12
7 10
8 20
9 10
10 14
11 12
12 14
13 17
14 11
15 15
16 11

1 16
2 16
3 18
4 10
5 19
6 11
7 10
8 20
9 18
10 19
11 12
12 17
13 16
14 17
15 14
16 12

1 12
2 15
3 13
4 12
5 13
6 15
7 14
8 14
9 15
10 19
11 10
12 13
13 10
14 16
15 10
16 18

1 20
2 10
3 17
4 15
5 16
6 12
7 10
8 20
9 14
10 20
11 10
12 10
13 15
14 10
15 20
16 16

1 18
2 11
3 16
4 20
5 15
6 15
7 11
8 16
9 13
10 19
11 17
12 14
13 14
14 20
15 15
16 16

1 19
2 10
3 20
4 13
5 17
6 18
7 10
8 18
9 19
10 20
11 20
12 15
13 18
14 19
15 20
16 19

1 19
2 12
3 15
4 10
5 17
6 12
7 10
8 20
9 10
10 14
11 12
12 14
13 17
14 11
15 15
16 11

1 16
2 16
3 18
4 10
5 19
6 11
7 10
8 20
9 18
10 19
11 12
12 17
13 16
14 17
15 14
16 12

1 12
2 15
3 13
4 12
5 13
6 15
7 14
8 14
9 15
10 19
11 10
12 13
13 10
14 16
15 10
16 18

1 20
2 10
3 17
4 15
5 16
6 12
7 10
8 20
9 14
10 20
11 10
12 10
13 15
14 10
15 20
16 16

1 18
2 11
3 16
4 20
5 15
6 15
7 11
8 16
9 13
10 19
11 17
12 14
13 14
14 20
15 15
16 16

1 19
2 10
3 20
4 13
5 17
6 18
7 10
8 18
9 19
10 20
11 20
12 15
13 18
14 19
15 20
16 19

1 19
2 12
3 15
4 10
5 17
6 12
7 10
8 20
9 10
10 14
11 12
12 14
13 17
14 11
15 15
16 11

1 16
2 16
3 18
4 10
5 19
6 11
7 10
8 20
9 18
10 19
11 12
12 17
13 16
14 17
15 14
16 12

1 12
2 15
3 13
4 12
5 13
6 15
7 14
8 14
9 15
10 19
11 10
12 13
13 10
14 16
15 10
16 18

1 20
2 10
3 17
4 15
5 16
6 12
7 10
8 20
9 14
10 20
11 10
12 10
13 15
14 10
15 20
16 16

1 18
2 11
3 16
4 20
5 15
6 15
7 11
8 16
9 13
10 19
11 17
12 14
13 14
14 20
15 15
16 16

1 19
2 10
3 20
4 13
5 17
6 18
7 10
8 18
9 19
10 20
11 20
12 15
13 18
14 19
15 20
16 19

1 19
2 12
3 15
4 10
5 17
6 12
7 10
8 20
9 10
10 14
11 12
12 14
13 17
14 11
15 15
16 11

1 16
2 16
3 18
4 10
5 19
6 11
7 10
8 20
9 18
10 19
11 12
12 17
13 16
14 17
15 14
16 12

1 12
2 15
3 13
4 12
5 13
6 15
7 14
8 14
9 15
10 19
11 10
12 13
13 10
14 16
15 10
16 18

1 20
2 10
3 17
4 15
5 16
6 12
7 10
8 20
9 14
10 20
11 10
12 10
13 15
14 10
15 20
16 16

1 18
2 11
3 16
4 20
5 15
6 15
7 11
8 16
9 13
10 19
11 17
12 14
13 14
14 20
15 15
16 16

1 19
2 10
3 20
4 13
5 17
6 18
7 10
8 18
9 19
10 20
11 20
12 15
13 18
14 19
15 20
16 19

1 19
2 12
3 15
4 10
5 17
6 12
7 10
8 20
9 10
10 14
11 12
12 14
13 17
14 11
15 15
16 11

1 16
2 16
3 18
4 10
5 19
6 11
7 10
8 20
9 18
10 19
11 12
12 17
13 16
14 17
15 14
16 12

1 12
2 15
3 13
4 12
5 13
6 15
7 14
8 14
9 15
10 19
11 10
12 13
13 10
14 16
15 10
16 18

1 20
2 10
3 17
4 15
5 16
6 12
7 10
8 20
9 14
10 20
11 10
12 10
13 15
14 10
15 20
16 16

1 18
2 11
3 16
4 20
5 15
6 15
7 11
8 16
9 13
10 19
11 17
12 14
13 14
14 20
15 15
16 16

1 19
2 10
3 20
4 13
5 17
6 18
7 10
8 18
9 19
10 20
11 20
12 15
13 18
14 19
15 20
16 19

1 19
2 12
3 15
4 10
5 17
6 12
7 10
8 20
9 10
10 14
11 12
12 14
13 17
14 11
15 15
16 11

1 16
2 16
3 18
4 10
5 19
6 11
7 10
8 20
9 18
10 19
11 12
12 17
13 16
14 17
15 14
16 12

1 12
2 15
3 13
4 12
5 13
6 15
7 14
8 14
9 15
10 19
11 10
12 13
13 10
14 16
15 10
16 18

1 20
2 10
3 17
4 15
5 16
6 12
7 10
8 20
9 14
10 20
11 10
12 10
13 15
14 10
15 20
16 16

1 18
2 11
3 16
4 20
5 15
6 15
7 11
8 16
9 13
10 19
11 17
12 14
13 14
14 20
15 15
16 16

1 19
2 10
3 20
4 13
5 17
6 18
7 10
8 18
9 19
10 20
11 20
12 15
13 18
14 19
15 20
16 19

1 19
2 12
3 15
4 10
5 17
6 12
7 10
8 20
9 10
10 14
11 12
12 14
13 17
14 11
15 15
16 11

1 16
2 16
3 18
4 10
5 19
6 11
7 10
8 20
9 18
10 19
11 12
12 17
13 16
14 17
15 14
16 12

1 12
2 15
3 13
4 12
5 13
6 15
7 14
8 14
9 15
10 19
11 10
12 13
13 10
14 16
15 10
16 18

1 20
2 10
3 17
4 15
5 16
6 12
7 10
8 20
9 14
10 20
11 10
12 10
13 15
14 10
15 20
16 16

1 18
2 11
3 16
4 20
5 15
6 15
7 11
8 16
9 13
10 19
11 17
12 14
13 14
14 20
15 15
16 16

1 19
2 10
3 20
4 13
5 17
6 18
7 10
8 18
9 19
10 20
11 20
12 15
13 18
14 19
15 20
16 19

1 19
2 12
3 15
4 10
5 17
6 12
7 10
8 20
9 10
10 14
11 12
12 14
13 17
14 11
15 15
16 11

1 16
2 16
3 18
4 10
5 19
6 11
7 10
8 20
9 18
10 19
11 12
12 17
13 16
14 17
15 14
16 12

1 12
2 15
3 13
4 12
5 13
6 15
7 14
8 14
9 15
10 19
11 10
12 13
13 10
14 16
15 10
16 18

1 20
2 10
3 17
4 15
5 16
6 12
7 10
8 20
9 14
10 20
11 10
12 10
13 15
14 10
15 20
16 16