1 0
2 0
3 0
4 0

1 0
2 8
3 5
4 8

1 3
2 6
3 6
4 2

1 4
2 0
3 3
4 2

1 7
2 8
3 9
4 2

1 0
2 8
3 5
4 8

1 3
2 6
3 6
4 2

1 4
2 0
3 3
4 2

1 7
2 8
3 9
4 2

1 0
2 8
3 5
4 8

1 3
2 6
3 6
4 2

1 4
2 0
3 3
4 2

1 7
2 8
3 9
4 2

1 0
2 8
3 5
4 8

1 3
2 6
3 6
4 2

1 4
2 0
3 3
4 2

1 7
2 8
3 9
4 2

1 0
2 8
3 5
4 8

1 3
2 6
3 6
4 2

1 4
2 0
3 3
4 2

1 7
2 8
3 9
4 2

1 0
2 8
3 5
4 8

1 3
2 6
3 6
4 2

1 4
2 0
3 3
4 2

1 7
2 8
3 9
4 2

1 0
2 8
3 5
4 8

1 3
2 6
3 6
4 2

1 4
2 0
3 3
4 2

1 7
2 8
3 9
4 2

1 0
2 8
3 5
4 8

1 3
2 6
3 6
4 2

1 4
2 0
3 3
4 2

1 7
2 8
3 9
4 2

1 0
2 8
3 5
4 8

1 3
2 6
3 6
4 2

1 4
2 0
3 3
4 2

1 7
2 8
3 9
4 2

1 0
2 8
3 5
4 8

1 3
2 6
3 6
4 2

1 4
2 0
3 3
4 2

1 7
2 8
3 9
4 2