1 0
2 0
3 0
4 0
5 0
6 0
7 0
8 0

1 20
2 14
3 20
4 11
5 19
6 13
7 15
8 11

1 19
2 12
3 17
4 13
5 20
6 17
7 11
8 13

1 20
2 14
3 20
4 11
5 19
6 13
7 15
8 11

1 19
2 12
3 17
4 13
5 20
6 17
7 11
8 13

1 20
2 14
3 20
4 11
5 19
6 13
7 15
8 11

1 19
2 12
3 17
4 13
5 20
6 17
7 11
8 13

1 20
2 14
3 20
4 11
5 19
6 13
7 15
8 11

1 19
2 12
3 17
4 13
5 20
6 17
7 11
8 13

1 20
2 14
3 20
4 11
5 19
6 13
7 15
8 11

1 19
2 12
3 17
4 13
5 20
6 17
7 11
8 13

1 20
2 14
3 20
4 11
5 19
6 13
7 15
8 11

1 19
2 12
3 17
4 13
5 20
6 17
7 11
8 13

1 20
2 14
3 20
4 11
5 19
6 13
7 15
8 11

1 19
2 12
3 17
4 13
5 20
6 17
7 11
8 13

1 20
2 14
3 20
4 11
5 19
6 13
7 15
8 11

1 19
2 12
3 17
4 13
5 20
6 17
7 11
8 13

1 20
2 14
3 20
4 11
5 19
6 13
7 15
8 11

1 19
2 12
3 17
4 13
5 20
6 17
7 11
8 13

1 20
2 14
3 20
4 11
5 19
6 13
7 15
8 11

1 19
2 12
3 17
4 13
5 20
6 17
7 11
8 13

1 20
2 14
3 20
4 11
5 19
6 13
7 15
8 11

1 19
2 12
3 17
4 13
5 20
6 17
7 11
8 13

1 20
2 14
3 20
4 11
5 19
6 13
7 15
8 11

1 19
2 12
3 17
4 13
5 20
6 17
7 11
8 13

1 20
2 14
3 20
4 11
5 19
6 13
7 15
8 11

1 19
2 12
3 17
4 13
5 20
6 17
7 11
8 13

1 20
2 14
3 20
4 11
5 19
6 13
7 15
8 11

1 19
2 12
3 17
4 13
5 20
6 17
7 11
8 13

1 20
2 14
3 20
4 11
5 19
6 13
7 15
8 11

1 19
2 12
3 17
4 13
5 20
6 17
7 11
8 13