1 0
2 0
3 0
4 0
5 0
6 0
7 0
8 0
9 0
10 0
11 0
12 0
13 0
14 0
15 0
16 0

1 5
2 3
3 7
4 8
5 8
6 8
7 6
8 4
9 2
10 0
11 6
12 7
13 2
14 6
15 0
16 3

1 5
2 2
3 7
4 3
5 7
6 8
7 6
8 9
9 7
10 9
11 1
12 8
13 4
14 3
15 8
16 1

1 5
2 3
3 6
4 7
5 1
6 1
7 4
8 8
9 8
10 7
11 1
12 8
13 8
14 7
15 7
16 7

1 6
2 9
3 7
4 9
5 4
6 9
7 9
8 8
9 5
10 6
11 3
12 5
13 5
14 1
15 9
16 3

1 3
2 1
3 7
4 5
5 2
6 4
7 0
8 0
9 1
10 0
11 7
12 9
13 7
14 2
15 2
16 9

1 1
2 7
3 8
4 5
5 1
6 9
7 9
8 2
9 8
10 7
11 6
12 9
13 2
14 3
15 9
16 1

1 5
2 3
3 7
4 8
5 8
6 8
7 6
8 4
9 2
10 0
11 6
12 7
13 2
14 6
15 0
16 3

1 5
2 2
3 7
4 3
5 7
6 8
7 6
8 9
9 7
10 9
11 1
12 8
13 4
14 3
15 8
16 1

1 5
2 3
3 6
4 7
5 1
6 1
7 4
8 8
9 8
10 7
11 1
12 8
13 8
14 7
15 7
16 7

1 6
2 9
3 7
4 9
5 4
6 9
7 9
8 8
9 5
10 6
11 3
12 5
13 5
14 1
15 9
16 3

1 3
2 1
3 7
4 5
5 2
6 4
7 0
8 0
9 1
10 0
11 7
12 9
13 7
14 2
15 2
16 9

1 1
2 7
3 8
4 5
5 1
6 9
7 9
8 2
9 8
10 7
11 6
12 9
13 2
14 3
15 9
16 1

1 5
2 3
3 7
4 8
5 8
6 8
7 6
8 4
9 2
10 0
11 6
12 7
13 2
14 6
15 0
16 3

1 5
2 2
3 7
4 3
5 7
6 8
7 6
8 9
9 7
10 9
11 1
12 8
13 4
14 3
15 8
16 1

1 5
2 3
3 6
4 7
5 1
6 1
7 4
8 8
9 8
10 7
11 1
12 8
13 8
14 7
15 7
16 7

1 6
2 9
3 7
4 9
5 4
6 9
7 9
8 8
9 5
10 6
11 3
12 5
13 5
14 1
15 9
16 3

1 3
2 1
3 7
4 5
5 2
6 4
7 0
8 0
9 1
10 0
11 7
12 9
13 7
14 2
15 2
16 9

1 1
2 7
3 8
4 5
5 1
6 9
7 9
8 2
9 8
10 7
11 6
12 9
13 2
14 3
15 9
16 1

1 5
2 3
3 7
4 8
5 8
6 8
7 6
8 4
9 2
10 0
11 6
12 7
13 2
14 6
15 0
16 3

1 5
2 2
3 7
4 3
5 7
6 8
7 6
8 9
9 7
10 9
11 1
12 8
13 4
14 3
15 8
16 1

1 5
2 3
3 6
4 7
5 1
6 1
7 4
8 8
9 8
10 7
11 1
12 8
13 8
14 7
15 7
16 7

1 6
2 9
3 7
4 9
5 4
6 9
7 9
8 8
9 5
10 6
11 3
12 5
13 5
14 1
15 9
16 3

1 3
2 1
3 7
4 5
5 2
6 4
7 0
8 0
9 1
10 0
11 7
12 9
13 7
14 2
15 2
16 9

1 1
2 7
3 8
4 5
5 1
6 9
7 9
8 2
9 8
10 7
11 6
12 9
13 2
14 3
15 9
16 1

1 5
2 3
3 7
4 8
5 8
6 8
7 6
8 4
9 2
10 0
11 6
12 7
13 2
14 6
15 0
16 3

1 5
2 2
3 7
4 3
5 7
6 8
7 6
8 9
9 7
10 9
11 1
12 8
13 4
14 3
15 8
16 1

1 5
2 3
3 6
4 7
5 1
6 1
7 4
8 8
9 8
10 7
11 1
12 8
13 8
14 7
15 7
16 7

1 6
2 9
3 7
4 9
5 4
6 9
7 9
8 8
9 5
10 6
11 3
12 5
13 5
14 1
15 9
16 3

1 3
2 1
3 7
4 5
5 2
6 4
7 0
8 0
9 1
10 0
11 7
12 9
13 7
14 2
15 2
16 9

1 1
2 7
3 8
4 5
5 1
6 9
7 9
8 2
9 8
10 7
11 6
12 9
13 2
14 3
15 9
16 1

1 5
2 3
3 7
4 8
5 8
6 8
7 6
8 4
9 2
10 0
11 6
12 7
13 2
14 6
15 0
16 3

1 5
2 2
3 7
4 3
5 7
6 8
7 6
8 9
9 7
10 9
11 1
12 8
13 4
14 3
15 8
16 1

1 5
2 3
3 6
4 7
5 1
6 1
7 4
8 8
9 8
10 7
11 1
12 8
13 8
14 7
15 7
16 7

1 6
2 9
3 7
4 9
5 4
6 9
7 9
8 8
9 5
10 6
11 3
12 5
13 5
14 1
15 9
16 3

1 3
2 1
3 7
4 5
5 2
6 4
7 0
8 0
9 1
10 0
11 7
12 9
13 7
14 2
15 2
16 9

1 1
2 7
3 8
4 5
5 1
6 9
7 9
8 2
9 8
10 7
11 6
12 9
13 2
14 3
15 9
16 1

1 5
2 3
3 7
4 8
5 8
6 8
7 6
8 4
9 2
10 0
11 6
12 7
13 2
14 6
15 0
16 3

1 5
2 2
3 7
4 3
5 7
6 8
7 6
8 9
9 7
10 9
11 1
12 8
13 4
14 3
15 8
16 1

1 5
2 3
3 6
4 7
5 1
6 1
7 4
8 8
9 8
10 7
11 1
12 8
13 8
14 7
15 7
16 7

1 6
2 9
3 7
4 9
5 4
6 9
7 9
8 8
9 5
10 6
11 3
12 5
13 5
14 1
15 9
16 3

1 3
2 1
3 7
4 5
5 2
6 4
7 0
8 0
9 1
10 0
11 7
12 9
13 7
14 2
15 2
16 9

1 1
2 7
3 8
4 5
5 1
6 9
7 9
8 2
9 8
10 7
11 6
12 9
13 2
14 3
15 9
16 1

1 5
2 3
3 7
4 8
5 8
6 8
7 6
8 4
9 2
10 0
11 6
12 7
13 2
14 6
15 0
16 3

1 5
2 2
3 7
4 3
5 7
6 8
7 6
8 9
9 7
10 9
11 1
12 8
13 4
14 3
15 8
16 1

1 5
2 3
3 6
4 7
5 1
6 1
7 4
8 8
9 8
10 7
11 1
12 8
13 8
14 7
15 7
16 7

1 6
2 9
3 7
4 9
5 4
6 9
7 9
8 8
9 5
10 6
11 3
12 5
13 5
14 1
15 9
16 3

1 3
2 1
3 7
4 5
5 2
6 4
7 0
8 0
9 1
10 0
11 7
12 9
13 7
14 2
15 2
16 9

1 1
2 7
3 8
4 5
5 1
6 9
7 9
8 2
9 8
10 7
11 6
12 9
13 2
14 3
15 9
16 1

1 5
2 3
3 7
4 8
5 8
6 8
7 6
8 4
9 2
10 0
11 6
12 7
13 2
14 6
15 0
16 3

1 5
2 2
3 7
4 3
5 7
6 8
7 6
8 9
9 7
10 9
11 1
12 8
13 4
14 3
15 8
16 1

1 5
2 3
3 6
4 7
5 1
6 1
7 4
8 8
9 8
10 7
11 1
12 8
13 8
14 7
15 7
16 7

1 6
2 9
3 7
4 9
5 4
6 9
7 9
8 8
9 5
10 6
11 3
12 5
13 5
14 1
15 9
16 3

1 3
2 1
3 7
4 5
5 2
6 4
7 0
8 0
9 1
10 0
11 7
12 9
13 7
14 2
15 2
16 9

1 1
2 7
3 8
4 5
5 1
6 9
7 9
8 2
9 8
10 7
11 6
12 9
13 2
14 3
15 9
16 1

1 5
2 3
3 7
4 8
5 8
6 8
7 6
8 4
9 2
10 0
11 6
12 7
13 2
14 6
15 0
16 3

1 5
2 2
3 7
4 3
5 7
6 8
7 6
8 9
9 7
10 9
11 1
12 8
13 4
14 3
15 8
16 1

1 5
2 3
3 6
4 7
5 1
6 1
7 4
8 8
9 8
10 7
11 1
12 8
13 8
14 7
15 7
16 7

1 6
2 9
3 7
4 9
5 4
6 9
7 9
8 8
9 5
10 6
11 3
12 5
13 5
14 1
15 9
16 3

1 3
2 1
3 7
4 5
5 2
6 4
7 0
8 0
9 1
10 0
11 7
12 9
13 7
14 2
15 2
16 9

1 1
2 7
3 8
4 5
5 1
6 9
7 9
8 2
9 8
10 7
11 6
12 9
13 2
14 3
15 9
16 1