1 0
2 0
3 0
4 0
5 0
6 0
7 0
8 0

1 12
2 11
3 10
4 14
5 15
6 17
7 20
8 10

1 12
2 15
3 15
4 19
5 20
6 20
7 11
8 12

1 14
2 11
3 18
4 12
5 16
6 19
7 19
8 13

1 20
2 14
3 19
4 14
5 15
6 13
7 18
8 20

1 13
2 10
3 20
4 19
5 16
6 12
7 14
8 20

1 19
2 20
3 19
4 13
5 16
6 20
7 10
8 16

1 12
2 11
3 10
4 14
5 15
6 17
7 20
8 10

1 12
2 15
3 15
4 19
5 20
6 20
7 11
8 12

1 14
2 11
3 18
4 12
5 16
6 19
7 19
8 13

1 20
2 14
3 19
4 14
5 15
6 13
7 18
8 20

1 13
2 10
3 20
4 19
5 16
6 12
7 14
8 20

1 19
2 20
3 19
4 13
5 16
6 20
7 10
8 16

1 12
2 11
3 10
4 14
5 15
6 17
7 20
8 10

1 12
2 15
3 15
4 19
5 20
6 20
7 11
8 12

1 14
2 11
3 18
4 12
5 16
6 19
7 19
8 13

1 20
2 14
3 19
4 14
5 15
6 13
7 18
8 20

1 13
2 10
3 20
4 19
5 16
6 12
7 14
8 20

1 19
2 20
3 19
4 13
5 16
6 20
7 10
8 16

1 12
2 11
3 10
4 14
5 15
6 17
7 20
8 10

1 12
2 15
3 15
4 19
5 20
6 20
7 11
8 12

1 14
2 11
3 18
4 12
5 16
6 19
7 19
8 13

1 20
2 14
3 19
4 14
5 15
6 13
7 18
8 20

1 13
2 10
3 20
4 19
5 16
6 12
7 14
8 20

1 19
2 20
3 19
4 13
5 16
6 20
7 10
8 16

1 12
2 11
3 10
4 14
5 15
6 17
7 20
8 10

1 12
2 15
3 15
4 19
5 20
6 20
7 11
8 12

1 14
2 11
3 18
4 12
5 16
6 19
7 19
8 13

1 20
2 14
3 19
4 14
5 15
6 13
7 18
8 20

1 13
2 10
3 20
4 19
5 16
6 12
7 14
8 20

1 19
2 20
3 19
4 13
5 16
6 20
7 10
8 16

1 12
2 11
3 10
4 14
5 15
6 17
7 20
8 10

1 12
2 15
3 15
4 19
5 20
6 20
7 11
8 12

1 14
2 11
3 18
4 12
5 16
6 19
7 19
8 13

1 20
2 14
3 19
4 14
5 15
6 13
7 18
8 20

1 13
2 10
3 20
4 19
5 16
6 12
7 14
8 20

1 19
2 20
3 19
4 13
5 16
6 20
7 10
8 16

1 12
2 11
3 10
4 14
5 15
6 17
7 20
8 10

1 12
2 15
3 15
4 19
5 20
6 20
7 11
8 12

1 14
2 11
3 18
4 12
5 16
6 19
7 19
8 13

1 20
2 14
3 19
4 14
5 15
6 13
7 18
8 20

1 13
2 10
3 20
4 19
5 16
6 12
7 14
8 20

1 19
2 20
3 19
4 13
5 16
6 20
7 10
8 16

1 12
2 11
3 10
4 14
5 15
6 17
7 20
8 10

1 12
2 15
3 15
4 19
5 20
6 20
7 11
8 12

1 14
2 11
3 18
4 12
5 16
6 19
7 19
8 13

1 20
2 14
3 19
4 14
5 15
6 13
7 18
8 20

1 13
2 10
3 20
4 19
5 16
6 12
7 14
8 20

1 19
2 20
3 19
4 13
5 16
6 20
7 10
8 16

1 12
2 11
3 10
4 14
5 15
6 17
7 20
8 10

1 12
2 15
3 15
4 19
5 20
6 20
7 11
8 12

1 14
2 11
3 18
4 12
5 16
6 19
7 19
8 13

1 20
2 14
3 19
4 14
5 15
6 13
7 18
8 20

1 13
2 10
3 20
4 19
5 16
6 12
7 14
8 20

1 19
2 20
3 19
4 13
5 16
6 20
7 10
8 16

1 12
2 11
3 10
4 14
5 15
6 17
7 20
8 10

1 12
2 15
3 15
4 19
5 20
6 20
7 11
8 12

1 14
2 11
3 18
4 12
5 16
6 19
7 19
8 13

1 20
2 14
3 19
4 14
5 15
6 13
7 18
8 20

1 13
2 10
3 20
4 19
5 16
6 12
7 14
8 20

1 19
2 20
3 19
4 13
5 16
6 20
7 10
8 16

1 12
2 11
3 10
4 14
5 15
6 17
7 20
8 10

1 12
2 15
3 15
4 19
5 20
6 20
7 11
8 12

1 14
2 11
3 18
4 12
5 16
6 19
7 19
8 13

1 20
2 14
3 19
4 14
5 15
6 13
7 18
8 20

1 13
2 10
3 20
4 19
5 16
6 12
7 14
8 20

1 19
2 20
3 19
4 13
5 16
6 20
7 10
8 16

1 12
2 11
3 10
4 14
5 15
6 17
7 20
8 10

1 12
2 15
3 15
4 19
5 20
6 20
7 11
8 12

1 14
2 11
3 18
4 12
5 16
6 19
7 19
8 13

1 20
2 14
3 19
4 14
5 15
6 13
7 18
8 20

1 13
2 10
3 20
4 19
5 16
6 12
7 14
8 20

1 19
2 20
3 19
4 13
5 16
6 20
7 10
8 16

1 12
2 11
3 10
4 14
5 15
6 17
7 20
8 10

1 12
2 15
3 15
4 19
5 20
6 20
7 11
8 12

1 14
2 11
3 18
4 12
5 16
6 19
7 19
8 13

1 20
2 14
3 19
4 14
5 15
6 13
7 18
8 20

1 13
2 10
3 20
4 19
5 16
6 12
7 14
8 20

1 19
2 20
3 19
4 13
5 16
6 20
7 10
8 16

1 12
2 11
3 10
4 14
5 15
6 17
7 20
8 10

1 12
2 15
3 15
4 19
5 20
6 20
7 11
8 12

1 14
2 11
3 18
4 12
5 16
6 19
7 19
8 13

1 20
2 14
3 19
4 14
5 15
6 13
7 18
8 20

1 13
2 10
3 20
4 19
5 16
6 12
7 14
8 20

1 19
2 20
3 19
4 13
5 16
6 20
7 10
8 16

1 12
2 11
3 10
4 14
5 15
6 17
7 20
8 10

1 12
2 15
3 15
4 19
5 20
6 20
7 11
8 12

1 14
2 11
3 18
4 12
5 16
6 19
7 19
8 13

1 20
2 14
3 19
4 14
5 15
6 13
7 18
8 20

1 13
2 10
3 20
4 19
5 16
6 12
7 14
8 20

1 19
2 20
3 19
4 13
5 16
6 20
7 10
8 16