1 0
2 0
3 0
4 0
5 0
6 0
7 0
8 0

1 6
2 5
3 8
4 7
5 0
6 2
7 2
8 4

1 9
2 6
3 8
4 4
5 9
6 3
7 7
8 6

1 4
2 1
3 5
4 8
5 0
6 9
7 4
8 4

1 1
2 7
3 1
4 6
5 8
6 2
7 8
8 4

1 6
2 5
3 8
4 7
5 0
6 2
7 2
8 4

1 9
2 6
3 8
4 4
5 9
6 3
7 7
8 6

1 4
2 1
3 5
4 8
5 0
6 9
7 4
8 4

1 1
2 7
3 1
4 6
5 8
6 2
7 8
8 4

1 6
2 5
3 8
4 7
5 0
6 2
7 2
8 4

1 9
2 6
3 8
4 4
5 9
6 3
7 7
8 6

1 4
2 1
3 5
4 8
5 0
6 9
7 4
8 4

1 1
2 7
3 1
4 6
5 8
6 2
7 8
8 4

1 6
2 5
3 8
4 7
5 0
6 2
7 2
8 4

1 9
2 6
3 8
4 4
5 9
6 3
7 7
8 6

1 4
2 1
3 5
4 8
5 0
6 9
7 4
8 4

1 1
2 7
3 1
4 6
5 8
6 2
7 8
8 4

1 6
2 5
3 8
4 7
5 0
6 2
7 2
8 4

1 9
2 6
3 8
4 4
5 9
6 3
7 7
8 6

1 4
2 1
3 5
4 8
5 0
6 9
7 4
8 4

1 1
2 7
3 1
4 6
5 8
6 2
7 8
8 4

1 6
2 5
3 8
4 7
5 0
6 2
7 2
8 4

1 9
2 6
3 8
4 4
5 9
6 3
7 7
8 6

1 4
2 1
3 5
4 8
5 0
6 9
7 4
8 4

1 1
2 7
3 1
4 6
5 8
6 2
7 8
8 4

1 6
2 5
3 8
4 7
5 0
6 2
7 2
8 4

1 9
2 6
3 8
4 4
5 9
6 3
7 7
8 6

1 4
2 1
3 5
4 8
5 0
6 9
7 4
8 4

1 1
2 7
3 1
4 6
5 8
6 2
7 8
8 4

1 6
2 5
3 8
4 7
5 0
6 2
7 2
8 4

1 9
2 6
3 8
4 4
5 9
6 3
7 7
8 6

1 4
2 1
3 5
4 8
5 0
6 9
7 4
8 4

1 1
2 7
3 1
4 6
5 8
6 2
7 8
8 4

1 6
2 5
3 8
4 7
5 0
6 2
7 2
8 4

1 9
2 6
3 8
4 4
5 9
6 3
7 7
8 6

1 4
2 1
3 5
4 8
5 0
6 9
7 4
8 4

1 1
2 7
3 1
4 6
5 8
6 2
7 8
8 4

1 6
2 5
3 8
4 7
5 0
6 2
7 2
8 4

1 9
2 6
3 8
4 4
5 9
6 3
7 7
8 6

1 4
2 1
3 5
4 8
5 0
6 9
7 4
8 4

1 1
2 7
3 1
4 6
5 8
6 2
7 8
8 4

1 6
2 5
3 8
4 7
5 0
6 2
7 2
8 4

1 9
2 6
3 8
4 4
5 9
6 3
7 7
8 6

1 4
2 1
3 5
4 8
5 0
6 9
7 4
8 4

1 1
2 7
3 1
4 6
5 8
6 2
7 8
8 4

1 6
2 5
3 8
4 7
5 0
6 2
7 2
8 4

1 9
2 6
3 8
4 4
5 9
6 3
7 7
8 6

1 4
2 1
3 5
4 8
5 0
6 9
7 4
8 4

1 1
2 7
3 1
4 6
5 8
6 2
7 8
8 4

1 6
2 5
3 8
4 7
5 0
6 2
7 2
8 4

1 9
2 6
3 8
4 4
5 9
6 3
7 7
8 6

1 4
2 1
3 5
4 8
5 0
6 9
7 4
8 4

1 1
2 7
3 1
4 6
5 8
6 2
7 8
8 4

1 6
2 5
3 8
4 7
5 0
6 2
7 2
8 4

1 9
2 6
3 8
4 4
5 9
6 3
7 7
8 6

1 4
2 1
3 5
4 8
5 0
6 9
7 4
8 4

1 1
2 7
3 1
4 6
5 8
6 2
7 8
8 4

1 6
2 5
3 8
4 7
5 0
6 2
7 2
8 4

1 9
2 6
3 8
4 4
5 9
6 3
7 7
8 6

1 4
2 1
3 5
4 8
5 0
6 9
7 4
8 4

1 1
2 7
3 1
4 6
5 8
6 2
7 8
8 4

1 6
2 5
3 8
4 7
5 0
6 2
7 2
8 4

1 9
2 6
3 8
4 4
5 9
6 3
7 7
8 6

1 4
2 1
3 5
4 8
5 0
6 9
7 4
8 4

1 1
2 7
3 1
4 6
5 8
6 2
7 8
8 4

1 6
2 5
3 8
4 7
5 0
6 2
7 2
8 4

1 9
2 6
3 8
4 4
5 9
6 3
7 7
8 6

1 4
2 1
3 5
4 8
5 0
6 9
7 4
8 4

1 1
2 7
3 1
4 6
5 8
6 2
7 8
8 4

1 6
2 5
3 8
4 7
5 0
6 2
7 2
8 4

1 9
2 6
3 8
4 4
5 9
6 3
7 7
8 6

1 4
2 1
3 5
4 8
5 0
6 9
7 4
8 4

1 1
2 7
3 1
4 6
5 8
6 2
7 8
8 4

1 6
2 5
3 8
4 7
5 0
6 2
7 2
8 4

1 9
2 6
3 8
4 4
5 9
6 3
7 7
8 6

1 4
2 1
3 5
4 8
5 0
6 9
7 4
8 4

1 1
2 7
3 1
4 6
5 8
6 2
7 8
8 4

1 6
2 5
3 8
4 7
5 0
6 2
7 2
8 4

1 9
2 6
3 8
4 4
5 9
6 3
7 7
8 6

1 4
2 1
3 5
4 8
5 0
6 9
7 4
8 4

1 1
2 7
3 1
4 6
5 8
6 2
7 8
8 4