1 0
2 0
3 0
4 0
5 0
6 0
7 0
8 0
9 0
10 0
11 0
12 0
13 0
14 0
15 0
16 0

1 18
2 11
3 12
4 10
5 11
6 16
7 18
8 17
9 18
10 14
11 20
12 20
13 16
14 18
15 10
16 14

1 16
2 11
3 18
4 16
5 11
6 10
7 20
8 18
9 18
10 13
11 10
12 20
13 17
14 16
15 18
16 13

1 12
2 14
3 18
4 17
5 16
6 11
7 17
8 13
9 18
10 18
11 12
12 19
13 11
14 15
15 13
16 18

1 14
2 12
3 13
4 14
5 20
6 20
7 18
8 19
9 14
10 18
11 12
12 16
13 17
14 18
15 11
16 17

1 16
2 14
3 19
4 18
5 19
6 13
7 17
8 13
9 13
10 19
11 19
12 10
13 15
14 18
15 18
16 18

1 20
2 19
3 15
4 14
5 12
6 19
7 12
8 19
9 10
10 11
11 20
12 17
13 16
14 20
15 12
16 17

1 18
2 11
3 12
4 10
5 11
6 16
7 18
8 17
9 18
10 14
11 20
12 20
13 16
14 18
15 10
16 14

1 16
2 11
3 18
4 16
5 11
6 10
7 20
8 18
9 18
10 13
11 10
12 20
13 17
14 16
15 18
16 13

1 12
2 14
3 18
4 17
5 16
6 11
7 17
8 13
9 18
10 18
11 12
12 19
13 11
14 15
15 13
16 18

1 14
2 12
3 13
4 14
5 20
6 20
7 18
8 19
9 14
10 18
11 12
12 16
13 17
14 18
15 11
16 17

1 16
2 14
3 19
4 18
5 19
6 13
7 17
8 13
9 13
10 19
11 19
12 10
13 15
14 18
15 18
16 18

1 20
2 19
3 15
4 14
5 12
6 19
7 12
8 19
9 10
10 11
11 20
12 17
13 16
14 20
15 12
16 17

1 18
2 11
3 12
4 10
5 11
6 16
7 18
8 17
9 18
10 14
11 20
12 20
13 16
14 18
15 10
16 14

1 16
2 11
3 18
4 16
5 11
6 10
7 20
8 18
9 18
10 13
11 10
12 20
13 17
14 16
15 18
16 13

1 12
2 14
3 18
4 17
5 16
6 11
7 17
8 13
9 18
10 18
11 12
12 19
13 11
14 15
15 13
16 18

1 14
2 12
3 13
4 14
5 20
6 20
7 18
8 19
9 14
10 18
11 12
12 16
13 17
14 18
15 11
16 17

1 16
2 14
3 19
4 18
5 19
6 13
7 17
8 13
9 13
10 19
11 19
12 10
13 15
14 18
15 18
16 18

1 20
2 19
3 15
4 14
5 12
6 19
7 12
8 19
9 10
10 11
11 20
12 17
13 16
14 20
15 12
16 17

1 18
2 11
3 12
4 10
5 11
6 16
7 18
8 17
9 18
10 14
11 20
12 20
13 16
14 18
15 10
16 14

1 16
2 11
3 18
4 16
5 11
6 10
7 20
8 18
9 18
10 13
11 10
12 20
13 17
14 16
15 18
16 13

1 12
2 14
3 18
4 17
5 16
6 11
7 17
8 13
9 18
10 18
11 12
12 19
13 11
14 15
15 13
16 18

1 14
2 12
3 13
4 14
5 20
6 20
7 18
8 19
9 14
10 18
11 12
12 16
13 17
14 18
15 11
16 17

1 16
2 14
3 19
4 18
5 19
6 13
7 17
8 13
9 13
10 19
11 19
12 10
13 15
14 18
15 18
16 18

1 20
2 19
3 15
4 14
5 12
6 19
7 12
8 19
9 10
10 11
11 20
12 17
13 16
14 20
15 12
16 17

1 18
2 11
3 12
4 10
5 11
6 16
7 18
8 17
9 18
10 14
11 20
12 20
13 16
14 18
15 10
16 14

1 16
2 11
3 18
4 16
5 11
6 10
7 20
8 18
9 18
10 13
11 10
12 20
13 17
14 16
15 18
16 13

1 12
2 14
3 18
4 17
5 16
6 11
7 17
8 13
9 18
10 18
11 12
12 19
13 11
14 15
15 13
16 18

1 14
2 12
3 13
4 14
5 20
6 20
7 18
8 19
9 14
10 18
11 12
12 16
13 17
14 18
15 11
16 17

1 16
2 14
3 19
4 18
5 19
6 13
7 17
8 13
9 13
10 19
11 19
12 10
13 15
14 18
15 18
16 18

1 20
2 19
3 15
4 14
5 12
6 19
7 12
8 19
9 10
10 11
11 20
12 17
13 16
14 20
15 12
16 17

1 18
2 11
3 12
4 10
5 11
6 16
7 18
8 17
9 18
10 14
11 20
12 20
13 16
14 18
15 10
16 14

1 16
2 11
3 18
4 16
5 11
6 10
7 20
8 18
9 18
10 13
11 10
12 20
13 17
14 16
15 18
16 13

1 12
2 14
3 18
4 17
5 16
6 11
7 17
8 13
9 18
10 18
11 12
12 19
13 11
14 15
15 13
16 18

1 14
2 12
3 13
4 14
5 20
6 20
7 18
8 19
9 14
10 18
11 12
12 16
13 17
14 18
15 11
16 17

1 16
2 14
3 19
4 18
5 19
6 13
7 17
8 13
9 13
10 19
11 19
12 10
13 15
14 18
15 18
16 18

1 20
2 19
3 15
4 14
5 12
6 19
7 12
8 19
9 10
10 11
11 20
12 17
13 16
14 20
15 12
16 17

1 18
2 11
3 12
4 10
5 11
6 16
7 18
8 17
9 18
10 14
11 20
12 20
13 16
14 18
15 10
16 14

1 16
2 11
3 18
4 16
5 11
6 10
7 20
8 18
9 18
10 13
11 10
12 20
13 17
14 16
15 18
16 13

1 12
2 14
3 18
4 17
5 16
6 11
7 17
8 13
9 18
10 18
11 12
12 19
13 11
14 15
15 13
16 18

1 14
2 12
3 13
4 14
5 20
6 20
7 18
8 19
9 14
10 18
11 12
12 16
13 17
14 18
15 11
16 17

1 16
2 14
3 19
4 18
5 19
6 13
7 17
8 13
9 13
10 19
11 19
12 10
13 15
14 18
15 18
16 18

1 20
2 19
3 15
4 14
5 12
6 19
7 12
8 19
9 10
10 11
11 20
12 17
13 16
14 20
15 12
16 17

1 18
2 11
3 12
4 10
5 11
6 16
7 18
8 17
9 18
10 14
11 20
12 20
13 16
14 18
15 10
16 14

1 16
2 11
3 18
4 16
5 11
6 10
7 20
8 18
9 18
10 13
11 10
12 20
13 17
14 16
15 18
16 13

1 12
2 14
3 18
4 17
5 16
6 11
7 17
8 13
9 18
10 18
11 12
12 19
13 11
14 15
15 13
16 18

1 14
2 12
3 13
4 14
5 20
6 20
7 18
8 19
9 14
10 18
11 12
12 16
13 17
14 18
15 11
16 17

1 16
2 14
3 19
4 18
5 19
6 13
7 17
8 13
9 13
10 19
11 19
12 10
13 15
14 18
15 18
16 18

1 20
2 19
3 15
4 14
5 12
6 19
7 12
8 19
9 10
10 11
11 20
12 17
13 16
14 20
15 12
16 17

1 18
2 11
3 12
4 10
5 11
6 16
7 18
8 17
9 18
10 14
11 20
12 20
13 16
14 18
15 10
16 14

1 16
2 11
3 18
4 16
5 11
6 10
7 20
8 18
9 18
10 13
11 10
12 20
13 17
14 16
15 18
16 13

1 12
2 14
3 18
4 17
5 16
6 11
7 17
8 13
9 18
10 18
11 12
12 19
13 11
14 15
15 13
16 18

1 14
2 12
3 13
4 14
5 20
6 20
7 18
8 19
9 14
10 18
11 12
12 16
13 17
14 18
15 11
16 17

1 16
2 14
3 19
4 18
5 19
6 13
7 17
8 13
9 13
10 19
11 19
12 10
13 15
14 18
15 18
16 18

1 20
2 19
3 15
4 14
5 12
6 19
7 12
8 19
9 10
10 11
11 20
12 17
13 16
14 20
15 12
16 17

1 18
2 11
3 12
4 10
5 11
6 16
7 18
8 17
9 18
10 14
11 20
12 20
13 16
14 18
15 10
16 14

1 16
2 11
3 18
4 16
5 11
6 10
7 20
8 18
9 18
10 13
11 10
12 20
13 17
14 16
15 18
16 13

1 12
2 14
3 18
4 17
5 16
6 11
7 17
8 13
9 18
10 18
11 12
12 19
13 11
14 15
15 13
16 18

1 14
2 12
3 13
4 14
5 20
6 20
7 18
8 19
9 14
10 18
11 12
12 16
13 17
14 18
15 11
16 17

1 16
2 14
3 19
4 18
5 19
6 13
7 17
8 13
9 13
10 19
11 19
12 10
13 15
14 18
15 18
16 18

1 20
2 19
3 15
4 14
5 12
6 19
7 12
8 19
9 10
10 11
11 20
12 17
13 16
14 20
15 12
16 17