1 0
2 0
3 0
4 0
5 0
6 0
7 0
8 0

1 4
2 2
3 7
4 3
5 4
6 2
7 3
8 0

1 1
2 5
3 0
4 9
5 0
6 3
7 8
8 6

1 4
2 2
3 7
4 3
5 4
6 2
7 3
8 0

1 1
2 5
3 0
4 9
5 0
6 3
7 8
8 6

1 4
2 2
3 7
4 3
5 4
6 2
7 3
8 0

1 1
2 5
3 0
4 9
5 0
6 3
7 8
8 6

1 4
2 2
3 7
4 3
5 4
6 2
7 3
8 0

1 1
2 5
3 0
4 9
5 0
6 3
7 8
8 6

1 4
2 2
3 7
4 3
5 4
6 2
7 3
8 0

1 1
2 5
3 0
4 9
5 0
6 3
7 8
8 6

1 4
2 2
3 7
4 3
5 4
6 2
7 3
8 0

1 1
2 5
3 0
4 9
5 0
6 3
7 8
8 6

1 4
2 2
3 7
4 3
5 4
6 2
7 3
8 0

1 1
2 5
3 0
4 9
5 0
6 3
7 8
8 6

1 4
2 2
3 7
4 3
5 4
6 2
7 3
8 0

1 1
2 5
3 0
4 9
5 0
6 3
7 8
8 6

1 4
2 2
3 7
4 3
5 4
6 2
7 3
8 0

1 1
2 5
3 0
4 9
5 0
6 3
7 8
8 6

1 4
2 2
3 7
4 3
5 4
6 2
7 3
8 0

1 1
2 5
3 0
4 9
5 0
6 3
7 8
8 6

1 4
2 2
3 7
4 3
5 4
6 2
7 3
8 0

1 1
2 5
3 0
4 9
5 0
6 3
7 8
8 6

1 4
2 2
3 7
4 3
5 4
6 2
7 3
8 0

1 1
2 5
3 0
4 9
5 0
6 3
7 8
8 6

1 4
2 2
3 7
4 3
5 4
6 2
7 3
8 0

1 1
2 5
3 0
4 9
5 0
6 3
7 8
8 6

1 4
2 2
3 7
4 3
5 4
6 2
7 3
8 0

1 1
2 5
3 0
4 9
5 0
6 3
7 8
8 6

1 4
2 2
3 7
4 3
5 4
6 2
7 3
8 0

1 1
2 5
3 0
4 9
5 0
6 3
7 8
8 6

1 4
2 2
3 7
4 3
5 4
6 2
7 3
8 0

1 1
2 5
3 0
4 9
5 0
6 3
7 8
8 6

1 4
2 2
3 7
4 3
5 4
6 2
7 3
8 0

1 1
2 5
3 0
4 9
5 0
6 3
7 8
8 6

1 4
2 2
3 7
4 3
5 4
6 2
7 3
8 0

1 1
2 5
3 0
4 9
5 0
6 3
7 8
8 6

1 4
2 2
3 7
4 3
5 4
6 2
7 3
8 0

1 1
2 5
3 0
4 9
5 0
6 3
7 8
8 6

1 4
2 2
3 7
4 3
5 4
6 2
7 3
8 0

1 1
2 5
3 0
4 9
5 0
6 3
7 8
8 6