1 0
2 0
3 0
4 0

1 15
2 10
3 18
4 10

1 15
2 13
3 18
4 15

1 19
2 10
3 14
4 18

1 16
2 17
3 11
4 13

1 15
2 10
3 18
4 10

1 15
2 13
3 18
4 15

1 19
2 10
3 14
4 18

1 16
2 17
3 11
4 13

1 15
2 10
3 18
4 10

1 15
2 13
3 18
4 15

1 19
2 10
3 14
4 18

1 16
2 17
3 11
4 13

1 15
2 10
3 18
4 10

1 15
2 13
3 18
4 15

1 19
2 10
3 14
4 18

1 16
2 17
3 11
4 13

1 15
2 10
3 18
4 10

1 15
2 13
3 18
4 15

1 19
2 10
3 14
4 18

1 16
2 17
3 11
4 13

1 15
2 10
3 18
4 10

1 15
2 13
3 18
4 15

1 19
2 10
3 14
4 18

1 16
2 17
3 11
4 13

1 15
2 10
3 18
4 10

1 15
2 13
3 18
4 15

1 19
2 10
3 14
4 18

1 16
2 17
3 11
4 13

1 15
2 10
3 18
4 10

1 15
2 13
3 18
4 15

1 19
2 10
3 14
4 18

1 16
2 17
3 11
4 13

1 15
2 10
3 18
4 10

1 15
2 13
3 18
4 15

1 19
2 10
3 14
4 18

1 16
2 17
3 11
4 13

1 15
2 10
3 18
4 10

1 15
2 13
3 18
4 15

1 19
2 10
3 14
4 18

1 16
2 17
3 11
4 13

1 15
2 10
3 18
4 10

1 15
2 13
3 18
4 15

1 19
2 10
3 14
4 18

1 16
2 17
3 11
4 13

1 15
2 10
3 18
4 10

1 15
2 13
3 18
4 15

1 19
2 10
3 14
4 18

1 16
2 17
3 11
4 13

1 15
2 10
3 18
4 10

1 15
2 13
3 18
4 15

1 19
2 10
3 14
4 18

1 16
2 17
3 11
4 13

1 15
2 10
3 18
4 10

1 15
2 13
3 18
4 15

1 19
2 10
3 14
4 18

1 16
2 17
3 11
4 13

1 15
2 10
3 18
4 10

1 15
2 13
3 18
4 15

1 19
2 10
3 14
4 18

1 16
2 17
3 11
4 13

1 15
2 10
3 18
4 10

1 15
2 13
3 18
4 15

1 19
2 10
3 14
4 18

1 16
2 17
3 11
4 13

1 15
2 10
3 18
4 10

1 15
2 13
3 18
4 15

1 19
2 10
3 14
4 18

1 16
2 17
3 11
4 13

1 15
2 10
3 18
4 10

1 15
2 13
3 18
4 15

1 19
2 10
3 14
4 18

1 16
2 17
3 11
4 13

1 15
2 10
3 18
4 10

1 15
2 13
3 18
4 15

1 19
2 10
3 14
4 18

1 16
2 17
3 11
4 13

1 15
2 10
3 18
4 10

1 15
2 13
3 18
4 15

1 19
2 10
3 14
4 18

1 16
2 17
3 11
4 13