1 0
2 0
3 0
4 0

1 19
2 12
3 13
4 11

1 17
2 11
3 11
4 15

1 19
2 12
3 13
4 11

1 17
2 11
3 11
4 15

1 19
2 12
3 13
4 11

1 17
2 11
3 11
4 15

1 19
2 12
3 13
4 11

1 17
2 11
3 11
4 15

1 19
2 12
3 13
4 11

1 17
2 11
3 11
4 15

1 19
2 12
3 13
4 11

1 17
2 11
3 11
4 15

1 19
2 12
3 13
4 11

1 17
2 11
3 11
4 15

1 19
2 12
3 13
4 11

1 17
2 11
3 11
4 15

1 19
2 12
3 13
4 11

1 17
2 11
3 11
4 15

1 19
2 12
3 13
4 11

1 17
2 11
3 11
4 15

1 19
2 12
3 13
4 11

1 17
2 11
3 11
4 15

1 19
2 12
3 13
4 11

1 17
2 11
3 11
4 15

1 19
2 12
3 13
4 11

1 17
2 11
3 11
4 15

1 19
2 12
3 13
4 11

1 17
2 11
3 11
4 15

1 19
2 12
3 13
4 11

1 17
2 11
3 11
4 15