1 0
2 0
3 0
4 0
5 0
6 0
7 0
8 0

1 19
2 14
3 15
4 17
5 16
6 13
7 20
8 16

1 19
2 17
3 16
4 20
5 16
6 19
7 16
8 14

1 19
2 14
3 15
4 17
5 16
6 13
7 20
8 16

1 19
2 17
3 16
4 20
5 16
6 19
7 16
8 14

1 19
2 14
3 15
4 17
5 16
6 13
7 20
8 16

1 19
2 17
3 16
4 20
5 16
6 19
7 16
8 14

1 19
2 14
3 15
4 17
5 16
6 13
7 20
8 16

1 19
2 17
3 16
4 20
5 16
6 19
7 16
8 14

1 19
2 14
3 15
4 17
5 16
6 13
7 20
8 16

1 19
2 17
3 16
4 20
5 16
6 19
7 16
8 14

1 19
2 14
3 15
4 17
5 16
6 13
7 20
8 16

1 19
2 17
3 16
4 20
5 16
6 19
7 16
8 14

1 19
2 14
3 15
4 17
5 16
6 13
7 20
8 16

1 19
2 17
3 16
4 20
5 16
6 19
7 16
8 14

1 19
2 14
3 15
4 17
5 16
6 13
7 20
8 16

1 19
2 17
3 16
4 20
5 16
6 19
7 16
8 14

1 19
2 14
3 15
4 17
5 16
6 13
7 20
8 16

1 19
2 17
3 16
4 20
5 16
6 19
7 16
8 14

1 19
2 14
3 15
4 17
5 16
6 13
7 20
8 16

1 19
2 17
3 16
4 20
5 16
6 19
7 16
8 14

1 19
2 14
3 15
4 17
5 16
6 13
7 20
8 16

1 19
2 17
3 16
4 20
5 16
6 19
7 16
8 14

1 19
2 14
3 15
4 17
5 16
6 13
7 20
8 16

1 19
2 17
3 16
4 20
5 16
6 19
7 16
8 14

1 19
2 14
3 15
4 17
5 16
6 13
7 20
8 16

1 19
2 17
3 16
4 20
5 16
6 19
7 16
8 14

1 19
2 14
3 15
4 17
5 16
6 13
7 20
8 16

1 19
2 17
3 16
4 20
5 16
6 19
7 16
8 14

1 19
2 14
3 15
4 17
5 16
6 13
7 20
8 16

1 19
2 17
3 16
4 20
5 16
6 19
7 16
8 14

1 19
2 14
3 15
4 17
5 16
6 13
7 20
8 16

1 19
2 17
3 16
4 20
5 16
6 19
7 16
8 14

1 19
2 14
3 15
4 17
5 16
6 13
7 20
8 16

1 19
2 17
3 16
4 20
5 16
6 19
7 16
8 14

1 19
2 14
3 15
4 17
5 16
6 13
7 20
8 16

1 19
2 17
3 16
4 20
5 16
6 19
7 16
8 14

1 19
2 14
3 15
4 17
5 16
6 13
7 20
8 16

1 19
2 17
3 16
4 20
5 16
6 19
7 16
8 14

1 19
2 14
3 15
4 17
5 16
6 13
7 20
8 16

1 19
2 17
3 16
4 20
5 16
6 19
7 16
8 14