1 0
2 0
3 0
4 0

1 20
2 16
3 13
4 11

1 10
2 19
3 18
4 17

1 20
2 16
3 13
4 11

1 10
2 19
3 18
4 17

1 20
2 16
3 13
4 11

1 10
2 19
3 18
4 17

1 20
2 16
3 13
4 11

1 10
2 19
3 18
4 17

1 20
2 16
3 13
4 11

1 10
2 19
3 18
4 17

1 20
2 16
3 13
4 11

1 10
2 19
3 18
4 17

1 20
2 16
3 13
4 11

1 10
2 19
3 18
4 17

1 20
2 16
3 13
4 11

1 10
2 19
3 18
4 17

1 20
2 16
3 13
4 11

1 10
2 19
3 18
4 17

1 20
2 16
3 13
4 11

1 10
2 19
3 18
4 17

1 20
2 16
3 13
4 11

1 10
2 19
3 18
4 17

1 20
2 16
3 13
4 11

1 10
2 19
3 18
4 17

1 20
2 16
3 13
4 11

1 10
2 19
3 18
4 17

1 20
2 16
3 13
4 11

1 10
2 19
3 18
4 17

1 20
2 16
3 13
4 11

1 10
2 19
3 18
4 17