1 0
2 0
3 0
4 0
5 0
6 0
7 0
8 0

1 7
2 2
3 0
4 4
5 8
6 8
7 7
8 1

1 0
2 1
3 1
4 2
5 7
6 7
7 3
8 8

1 7
2 2
3 0
4 4
5 8
6 8
7 7
8 1

1 0
2 1
3 1
4 2
5 7
6 7
7 3
8 8

1 7
2 2
3 0
4 4
5 8
6 8
7 7
8 1

1 0
2 1
3 1
4 2
5 7
6 7
7 3
8 8

1 7
2 2
3 0
4 4
5 8
6 8
7 7
8 1

1 0
2 1
3 1
4 2
5 7
6 7
7 3
8 8

1 7
2 2
3 0
4 4
5 8
6 8
7 7
8 1

1 0
2 1
3 1
4 2
5 7
6 7
7 3
8 8

1 7
2 2
3 0
4 4
5 8
6 8
7 7
8 1

1 0
2 1
3 1
4 2
5 7
6 7
7 3
8 8

1 7
2 2
3 0
4 4
5 8
6 8
7 7
8 1

1 0
2 1
3 1
4 2
5 7
6 7
7 3
8 8

1 7
2 2
3 0
4 4
5 8
6 8
7 7
8 1

1 0
2 1
3 1
4 2
5 7
6 7
7 3
8 8

1 7
2 2
3 0
4 4
5 8
6 8
7 7
8 1

1 0
2 1
3 1
4 2
5 7
6 7
7 3
8 8

1 7
2 2
3 0
4 4
5 8
6 8
7 7
8 1

1 0
2 1
3 1
4 2
5 7
6 7
7 3
8 8

1 7
2 2
3 0
4 4
5 8
6 8
7 7
8 1

1 0
2 1
3 1
4 2
5 7
6 7
7 3
8 8

1 7
2 2
3 0
4 4
5 8
6 8
7 7
8 1

1 0
2 1
3 1
4 2
5 7
6 7
7 3
8 8

1 7
2 2
3 0
4 4
5 8
6 8
7 7
8 1

1 0
2 1
3 1
4 2
5 7
6 7
7 3
8 8

1 7
2 2
3 0
4 4
5 8
6 8
7 7
8 1

1 0
2 1
3 1
4 2
5 7
6 7
7 3
8 8

1 7
2 2
3 0
4 4
5 8
6 8
7 7
8 1

1 0
2 1
3 1
4 2
5 7
6 7
7 3
8 8