1 0
2 0
3 0
4 0
5 0
6 0
7 0
8 0
9 0
10 0
11 0
12 0
13 0
14 0
15 0
16 0

1 10
2 19
3 19
4 10
5 16
6 12
7 19
8 20
9 17
10 19
11 13
12 10
13 13
14 19
15 15
16 12

1 20
2 12
3 15
4 14
5 15
6 12
7 15
8 17
9 18
10 16
11 15
12 17
13 13
14 13
15 16
16 20

1 10
2 19
3 19
4 10
5 16
6 12
7 19
8 20
9 17
10 19
11 13
12 10
13 13
14 19
15 15
16 12

1 20
2 12
3 15
4 14
5 15
6 12
7 15
8 17
9 18
10 16
11 15
12 17
13 13
14 13
15 16
16 20

1 10
2 19
3 19
4 10
5 16
6 12
7 19
8 20
9 17
10 19
11 13
12 10
13 13
14 19
15 15
16 12

1 20
2 12
3 15
4 14
5 15
6 12
7 15
8 17
9 18
10 16
11 15
12 17
13 13
14 13
15 16
16 20

1 10
2 19
3 19
4 10
5 16
6 12
7 19
8 20
9 17
10 19
11 13
12 10
13 13
14 19
15 15
16 12

1 20
2 12
3 15
4 14
5 15
6 12
7 15
8 17
9 18
10 16
11 15
12 17
13 13
14 13
15 16
16 20

1 10
2 19
3 19
4 10
5 16
6 12
7 19
8 20
9 17
10 19
11 13
12 10
13 13
14 19
15 15
16 12

1 20
2 12
3 15
4 14
5 15
6 12
7 15
8 17
9 18
10 16
11 15
12 17
13 13
14 13
15 16
16 20

1 10
2 19
3 19
4 10
5 16
6 12
7 19
8 20
9 17
10 19
11 13
12 10
13 13
14 19
15 15
16 12

1 20
2 12
3 15
4 14
5 15
6 12
7 15
8 17
9 18
10 16
11 15
12 17
13 13
14 13
15 16
16 20

1 10
2 19
3 19
4 10
5 16
6 12
7 19
8 20
9 17
10 19
11 13
12 10
13 13
14 19
15 15
16 12

1 20
2 12
3 15
4 14
5 15
6 12
7 15
8 17
9 18
10 16
11 15
12 17
13 13
14 13
15 16
16 20

1 10
2 19
3 19
4 10
5 16
6 12
7 19
8 20
9 17
10 19
11 13
12 10
13 13
14 19
15 15
16 12

1 20
2 12
3 15
4 14
5 15
6 12
7 15
8 17
9 18
10 16
11 15
12 17
13 13
14 13
15 16
16 20

1 10
2 19
3 19
4 10
5 16
6 12
7 19
8 20
9 17
10 19
11 13
12 10
13 13
14 19
15 15
16 12

1 20
2 12
3 15
4 14
5 15
6 12
7 15
8 17
9 18
10 16
11 15
12 17
13 13
14 13
15 16
16 20

1 10
2 19
3 19
4 10
5 16
6 12
7 19
8 20
9 17
10 19
11 13
12 10
13 13
14 19
15 15
16 12

1 20
2 12
3 15
4 14
5 15
6 12
7 15
8 17
9 18
10 16
11 15
12 17
13 13
14 13
15 16
16 20

1 10
2 19
3 19
4 10
5 16
6 12
7 19
8 20
9 17
10 19
11 13
12 10
13 13
14 19
15 15
16 12

1 20
2 12
3 15
4 14
5 15
6 12
7 15
8 17
9 18
10 16
11 15
12 17
13 13
14 13
15 16
16 20

1 10
2 19
3 19
4 10
5 16
6 12
7 19
8 20
9 17
10 19
11 13
12 10
13 13
14 19
15 15
16 12

1 20
2 12
3 15
4 14
5 15
6 12
7 15
8 17
9 18
10 16
11 15
12 17
13 13
14 13
15 16
16 20

1 10
2 19
3 19
4 10
5 16
6 12
7 19
8 20
9 17
10 19
11 13
12 10
13 13
14 19
15 15
16 12

1 20
2 12
3 15
4 14
5 15
6 12
7 15
8 17
9 18
10 16
11 15
12 17
13 13
14 13
15 16
16 20

1 10
2 19
3 19
4 10
5 16
6 12
7 19
8 20
9 17
10 19
11 13
12 10
13 13
14 19
15 15
16 12

1 20
2 12
3 15
4 14
5 15
6 12
7 15
8 17
9 18
10 16
11 15
12 17
13 13
14 13
15 16
16 20

1 10
2 19
3 19
4 10
5 16
6 12
7 19
8 20
9 17
10 19
11 13
12 10
13 13
14 19
15 15
16 12

1 20
2 12
3 15
4 14
5 15
6 12
7 15
8 17
9 18
10 16
11 15
12 17
13 13
14 13
15 16
16 20