1 0
2 0
3 0
4 0
5 0
6 0
7 0
8 0

1 18
2 12
3 17
4 10
5 19
6 16
7 19
8 19

1 10
2 12
3 16
4 16
5 13
6 15
7 15
8 17

1 18
2 12
3 17
4 10
5 19
6 16
7 19
8 19

1 10
2 12
3 16
4 16
5 13
6 15
7 15
8 17

1 18
2 12
3 17
4 10
5 19
6 16
7 19
8 19

1 10
2 12
3 16
4 16
5 13
6 15
7 15
8 17

1 18
2 12
3 17
4 10
5 19
6 16
7 19
8 19

1 10
2 12
3 16
4 16
5 13
6 15
7 15
8 17

1 18
2 12
3 17
4 10
5 19
6 16
7 19
8 19

1 10
2 12
3 16
4 16
5 13
6 15
7 15
8 17

1 18
2 12
3 17
4 10
5 19
6 16
7 19
8 19

1 10
2 12
3 16
4 16
5 13
6 15
7 15
8 17

1 18
2 12
3 17
4 10
5 19
6 16
7 19
8 19

1 10
2 12
3 16
4 16
5 13
6 15
7 15
8 17

1 18
2 12
3 17
4 10
5 19
6 16
7 19
8 19

1 10
2 12
3 16
4 16
5 13
6 15
7 15
8 17

1 18
2 12
3 17
4 10
5 19
6 16
7 19
8 19

1 10
2 12
3 16
4 16
5 13
6 15
7 15
8 17

1 18
2 12
3 17
4 10
5 19
6 16
7 19
8 19

1 10
2 12
3 16
4 16
5 13
6 15
7 15
8 17

1 18
2 12
3 17
4 10
5 19
6 16
7 19
8 19

1 10
2 12
3 16
4 16
5 13
6 15
7 15
8 17

1 18
2 12
3 17
4 10
5 19
6 16
7 19
8 19

1 10
2 12
3 16
4 16
5 13
6 15
7 15
8 17

1 18
2 12
3 17
4 10
5 19
6 16
7 19
8 19

1 10
2 12
3 16
4 16
5 13
6 15
7 15
8 17

1 18
2 12
3 17
4 10
5 19
6 16
7 19
8 19

1 10
2 12
3 16
4 16
5 13
6 15
7 15
8 17

1 18
2 12
3 17
4 10
5 19
6 16
7 19
8 19

1 10
2 12
3 16
4 16
5 13
6 15
7 15
8 17

1 18
2 12
3 17
4 10
5 19
6 16
7 19
8 19

1 10
2 12
3 16
4 16
5 13
6 15
7 15
8 17

1 18
2 12
3 17
4 10
5 19
6 16
7 19
8 19

1 10
2 12
3 16
4 16
5 13
6 15
7 15
8 17

1 18
2 12
3 17
4 10
5 19
6 16
7 19
8 19

1 10
2 12
3 16
4 16
5 13
6 15
7 15
8 17

1 18
2 12
3 17
4 10
5 19
6 16
7 19
8 19

1 10
2 12
3 16
4 16
5 13
6 15
7 15
8 17

1 18
2 12
3 17
4 10
5 19
6 16
7 19
8 19

1 10
2 12
3 16
4 16
5 13
6 15
7 15
8 17