1 0
2 0
3 0
4 0
5 0
6 0
7 0
8 0
9 0
10 0
11 0
12 0
13 0
14 0
15 0
16 0

1 3
2 8
3 3
4 2
5 0
6 0
7 3
8 4
9 5
10 4
11 9
12 1
13 4
14 3
15 4
16 9

1 8
2 6
3 6
4 8
5 3
6 2
7 6
8 1
9 9
10 8
11 8
12 0
13 1
14 9
15 0
16 6

1 3
2 8
3 3
4 2
5 0
6 0
7 3
8 4
9 5
10 4
11 9
12 1
13 4
14 3
15 4
16 9

1 8
2 6
3 6
4 8
5 3
6 2
7 6
8 1
9 9
10 8
11 8
12 0
13 1
14 9
15 0
16 6

1 3
2 8
3 3
4 2
5 0
6 0
7 3
8 4
9 5
10 4
11 9
12 1
13 4
14 3
15 4
16 9

1 8
2 6
3 6
4 8
5 3
6 2
7 6
8 1
9 9
10 8
11 8
12 0
13 1
14 9
15 0
16 6

1 3
2 8
3 3
4 2
5 0
6 0
7 3
8 4
9 5
10 4
11 9
12 1
13 4
14 3
15 4
16 9

1 8
2 6
3 6
4 8
5 3
6 2
7 6
8 1
9 9
10 8
11 8
12 0
13 1
14 9
15 0
16 6

1 3
2 8
3 3
4 2
5 0
6 0
7 3
8 4
9 5
10 4
11 9
12 1
13 4
14 3
15 4
16 9

1 8
2 6
3 6
4 8
5 3
6 2
7 6
8 1
9 9
10 8
11 8
12 0
13 1
14 9
15 0
16 6

1 3
2 8
3 3
4 2
5 0
6 0
7 3
8 4
9 5
10 4
11 9
12 1
13 4
14 3
15 4
16 9

1 8
2 6
3 6
4 8
5 3
6 2
7 6
8 1
9 9
10 8
11 8
12 0
13 1
14 9
15 0
16 6

1 3
2 8
3 3
4 2
5 0
6 0
7 3
8 4
9 5
10 4
11 9
12 1
13 4
14 3
15 4
16 9

1 8
2 6
3 6
4 8
5 3
6 2
7 6
8 1
9 9
10 8
11 8
12 0
13 1
14 9
15 0
16 6

1 3
2 8
3 3
4 2
5 0
6 0
7 3
8 4
9 5
10 4
11 9
12 1
13 4
14 3
15 4
16 9

1 8
2 6
3 6
4 8
5 3
6 2
7 6
8 1
9 9
10 8
11 8
12 0
13 1
14 9
15 0
16 6

1 3
2 8
3 3
4 2
5 0
6 0
7 3
8 4
9 5
10 4
11 9
12 1
13 4
14 3
15 4
16 9

1 8
2 6
3 6
4 8
5 3
6 2
7 6
8 1
9 9
10 8
11 8
12 0
13 1
14 9
15 0
16 6

1 3
2 8
3 3
4 2
5 0
6 0
7 3
8 4
9 5
10 4
11 9
12 1
13 4
14 3
15 4
16 9

1 8
2 6
3 6
4 8
5 3
6 2
7 6
8 1
9 9
10 8
11 8
12 0
13 1
14 9
15 0
16 6