1 0
2 0
3 0
4 0

1 16
2 14
3 16
4 15

1 19
2 13
3 12
4 13

1 13
2 18
3 19
4 17

1 15
2 20
3 13
4 11

1 16
2 14
3 16
4 15

1 19
2 13
3 12
4 13

1 13
2 18
3 19
4 17

1 15
2 20
3 13
4 11

1 16
2 14
3 16
4 15

1 19
2 13
3 12
4 13

1 13
2 18
3 19
4 17

1 15
2 20
3 13
4 11

1 16
2 14
3 16
4 15

1 19
2 13
3 12
4 13

1 13
2 18
3 19
4 17

1 15
2 20
3 13
4 11

1 16
2 14
3 16
4 15

1 19
2 13
3 12
4 13

1 13
2 18
3 19
4 17

1 15
2 20
3 13
4 11

1 16
2 14
3 16
4 15

1 19
2 13
3 12
4 13

1 13
2 18
3 19
4 17

1 15
2 20
3 13
4 11

1 16
2 14
3 16
4 15

1 19
2 13
3 12
4 13

1 13
2 18
3 19
4 17

1 15
2 20
3 13
4 11

1 16
2 14
3 16
4 15

1 19
2 13
3 12
4 13

1 13
2 18
3 19
4 17

1 15
2 20
3 13
4 11

1 16
2 14
3 16
4 15

1 19
2 13
3 12
4 13

1 13
2 18
3 19
4 17

1 15
2 20
3 13
4 11

1 16
2 14
3 16
4 15

1 19
2 13
3 12
4 13

1 13
2 18
3 19
4 17

1 15
2 20
3 13
4 11