1 0
2 0
3 0
4 0

1 18
2 12
3 18
4 19

1 11
2 19
3 20
4 14

1 17
2 19
3 20
4 12

1 10
2 20
3 13
4 17

1 13
2 14
3 10
4 17

1 15
2 11
3 15
4 18

1 18
2 12
3 18
4 19

1 11
2 19
3 20
4 14

1 17
2 19
3 20
4 12

1 10
2 20
3 13
4 17

1 13
2 14
3 10
4 17

1 15
2 11
3 15
4 18

1 18
2 12
3 18
4 19

1 11
2 19
3 20
4 14

1 17
2 19
3 20
4 12

1 10
2 20
3 13
4 17

1 13
2 14
3 10
4 17

1 15
2 11
3 15
4 18

1 18
2 12
3 18
4 19

1 11
2 19
3 20
4 14

1 17
2 19
3 20
4 12

1 10
2 20
3 13
4 17

1 13
2 14
3 10
4 17

1 15
2 11
3 15
4 18

1 18
2 12
3 18
4 19

1 11
2 19
3 20
4 14

1 17
2 19
3 20
4 12

1 10
2 20
3 13
4 17

1 13
2 14
3 10
4 17

1 15
2 11
3 15
4 18

1 18
2 12
3 18
4 19

1 11
2 19
3 20
4 14

1 17
2 19
3 20
4 12

1 10
2 20
3 13
4 17

1 13
2 14
3 10
4 17

1 15
2 11
3 15
4 18

1 18
2 12
3 18
4 19

1 11
2 19
3 20
4 14

1 17
2 19
3 20
4 12

1 10
2 20
3 13
4 17

1 13
2 14
3 10
4 17

1 15
2 11
3 15
4 18

1 18
2 12
3 18
4 19

1 11
2 19
3 20
4 14

1 17
2 19
3 20
4 12

1 10
2 20
3 13
4 17

1 13
2 14
3 10
4 17

1 15
2 11
3 15
4 18

1 18
2 12
3 18
4 19

1 11
2 19
3 20
4 14

1 17
2 19
3 20
4 12

1 10
2 20
3 13
4 17

1 13
2 14
3 10
4 17

1 15
2 11
3 15
4 18

1 18
2 12
3 18
4 19

1 11
2 19
3 20
4 14

1 17
2 19
3 20
4 12

1 10
2 20
3 13
4 17

1 13
2 14
3 10
4 17

1 15
2 11
3 15
4 18

1 18
2 12
3 18
4 19

1 11
2 19
3 20
4 14

1 17
2 19
3 20
4 12

1 10
2 20
3 13
4 17

1 13
2 14
3 10
4 17

1 15
2 11
3 15
4 18

1 18
2 12
3 18
4 19

1 11
2 19
3 20
4 14

1 17
2 19
3 20
4 12

1 10
2 20
3 13
4 17

1 13
2 14
3 10
4 17

1 15
2 11
3 15
4 18

1 18
2 12
3 18
4 19

1 11
2 19
3 20
4 14

1 17
2 19
3 20
4 12

1 10
2 20
3 13
4 17

1 13
2 14
3 10
4 17

1 15
2 11
3 15
4 18

1 18
2 12
3 18
4 19

1 11
2 19
3 20
4 14

1 17
2 19
3 20
4 12

1 10
2 20
3 13
4 17

1 13
2 14
3 10
4 17

1 15
2 11
3 15
4 18

1 18
2 12
3 18
4 19

1 11
2 19
3 20
4 14

1 17
2 19
3 20
4 12

1 10
2 20
3 13
4 17

1 13
2 14
3 10
4 17

1 15
2 11
3 15
4 18