1 0
2 0
3 0
4 0
5 0
6 0
7 0
8 0
9 0
10 0
11 0
12 0
13 0
14 0
15 0
16 0

1 1
2 0
3 2
4 6
5 2
6 4
7 2
8 2
9 9
10 1
11 2
12 6
13 1
14 4
15 3
16 1

1 1
2 2
3 8
4 8
5 0
6 8
7 0
8 8
9 5
10 0
11 9
12 8
13 5
14 3
15 8
16 4

1 1
2 0
3 2
4 6
5 2
6 4
7 2
8 2
9 9
10 1
11 2
12 6
13 1
14 4
15 3
16 1

1 1
2 2
3 8
4 8
5 0
6 8
7 0
8 8
9 5
10 0
11 9
12 8
13 5
14 3
15 8
16 4

1 1
2 0
3 2
4 6
5 2
6 4
7 2
8 2
9 9
10 1
11 2
12 6
13 1
14 4
15 3
16 1

1 1
2 2
3 8
4 8
5 0
6 8
7 0
8 8
9 5
10 0
11 9
12 8
13 5
14 3
15 8
16 4

1 1
2 0
3 2
4 6
5 2
6 4
7 2
8 2
9 9
10 1
11 2
12 6
13 1
14 4
15 3
16 1

1 1
2 2
3 8
4 8
5 0
6 8
7 0
8 8
9 5
10 0
11 9
12 8
13 5
14 3
15 8
16 4

1 1
2 0
3 2
4 6
5 2
6 4
7 2
8 2
9 9
10 1
11 2
12 6
13 1
14 4
15 3
16 1

1 1
2 2
3 8
4 8
5 0
6 8
7 0
8 8
9 5
10 0
11 9
12 8
13 5
14 3
15 8
16 4

1 1
2 0
3 2
4 6
5 2
6 4
7 2
8 2
9 9
10 1
11 2
12 6
13 1
14 4
15 3
16 1

1 1
2 2
3 8
4 8
5 0
6 8
7 0
8 8
9 5
10 0
11 9
12 8
13 5
14 3
15 8
16 4

1 1
2 0
3 2
4 6
5 2
6 4
7 2
8 2
9 9
10 1
11 2
12 6
13 1
14 4
15 3
16 1

1 1
2 2
3 8
4 8
5 0
6 8
7 0
8 8
9 5
10 0
11 9
12 8
13 5
14 3
15 8
16 4

1 1
2 0
3 2
4 6
5 2
6 4
7 2
8 2
9 9
10 1
11 2
12 6
13 1
14 4
15 3
16 1

1 1
2 2
3 8
4 8
5 0
6 8
7 0
8 8
9 5
10 0
11 9
12 8
13 5
14 3
15 8
16 4

1 1
2 0
3 2
4 6
5 2
6 4
7 2
8 2
9 9
10 1
11 2
12 6
13 1
14 4
15 3
16 1

1 1
2 2
3 8
4 8
5 0
6 8
7 0
8 8
9 5
10 0
11 9
12 8
13 5
14 3
15 8
16 4

1 1
2 0
3 2
4 6
5 2
6 4
7 2
8 2
9 9
10 1
11 2
12 6
13 1
14 4
15 3
16 1

1 1
2 2
3 8
4 8
5 0
6 8
7 0
8 8
9 5
10 0
11 9
12 8
13 5
14 3
15 8
16 4

1 1
2 0
3 2
4 6
5 2
6 4
7 2
8 2
9 9
10 1
11 2
12 6
13 1
14 4
15 3
16 1

1 1
2 2
3 8
4 8
5 0
6 8
7 0
8 8
9 5
10 0
11 9
12 8
13 5
14 3
15 8
16 4

1 1
2 0
3 2
4 6
5 2
6 4
7 2
8 2
9 9
10 1
11 2
12 6
13 1
14 4
15 3
16 1

1 1
2 2
3 8
4 8
5 0
6 8
7 0
8 8
9 5
10 0
11 9
12 8
13 5
14 3
15 8
16 4

1 1
2 0
3 2
4 6
5 2
6 4
7 2
8 2
9 9
10 1
11 2
12 6
13 1
14 4
15 3
16 1

1 1
2 2
3 8
4 8
5 0
6 8
7 0
8 8
9 5
10 0
11 9
12 8
13 5
14 3
15 8
16 4

1 1
2 0
3 2
4 6
5 2
6 4
7 2
8 2
9 9
10 1
11 2
12 6
13 1
14 4
15 3
16 1

1 1
2 2
3 8
4 8
5 0
6 8
7 0
8 8
9 5
10 0
11 9
12 8
13 5
14 3
15 8
16 4

1 1
2 0
3 2
4 6
5 2
6 4
7 2
8 2
9 9
10 1
11 2
12 6
13 1
14 4
15 3
16 1

1 1
2 2
3 8
4 8
5 0
6 8
7 0
8 8
9 5
10 0
11 9
12 8
13 5
14 3
15 8
16 4

1 1
2 0
3 2
4 6
5 2
6 4
7 2
8 2
9 9
10 1
11 2
12 6
13 1
14 4
15 3
16 1

1 1
2 2
3 8
4 8
5 0
6 8
7 0
8 8
9 5
10 0
11 9
12 8
13 5
14 3
15 8
16 4

1 1
2 0
3 2
4 6
5 2
6 4
7 2
8 2
9 9
10 1
11 2
12 6
13 1
14 4
15 3
16 1

1 1
2 2
3 8
4 8
5 0
6 8
7 0
8 8
9 5
10 0
11 9
12 8
13 5
14 3
15 8
16 4

1 1
2 0
3 2
4 6
5 2
6 4
7 2
8 2
9 9
10 1
11 2
12 6
13 1
14 4
15 3
16 1

1 1
2 2
3 8
4 8
5 0
6 8
7 0
8 8
9 5
10 0
11 9
12 8
13 5
14 3
15 8
16 4

1 1
2 0
3 2
4 6
5 2
6 4
7 2
8 2
9 9
10 1
11 2
12 6
13 1
14 4
15 3
16 1

1 1
2 2
3 8
4 8
5 0
6 8
7 0
8 8
9 5
10 0
11 9
12 8
13 5
14 3
15 8
16 4

1 1
2 0
3 2
4 6
5 2
6 4
7 2
8 2
9 9
10 1
11 2
12 6
13 1
14 4
15 3
16 1

1 1
2 2
3 8
4 8
5 0
6 8
7 0
8 8
9 5
10 0
11 9
12 8
13 5
14 3
15 8
16 4