1 0
2 0
3 0
4 0

1 12
2 10
3 14
4 16

1 14
2 18
3 13
4 16

1 20
2 18
3 16
4 17

1 13
2 15
3 20
4 17

1 14
2 19
3 12
4 12

1 18
2 13
3 16
4 13

1 12
2 10
3 14
4 16

1 14
2 18
3 13
4 16

1 20
2 18
3 16
4 17

1 13
2 15
3 20
4 17

1 14
2 19
3 12
4 12

1 18
2 13
3 16
4 13

1 12
2 10
3 14
4 16

1 14
2 18
3 13
4 16

1 20
2 18
3 16
4 17

1 13
2 15
3 20
4 17

1 14
2 19
3 12
4 12

1 18
2 13
3 16
4 13

1 12
2 10
3 14
4 16

1 14
2 18
3 13
4 16

1 20
2 18
3 16
4 17

1 13
2 15
3 20
4 17

1 14
2 19
3 12
4 12

1 18
2 13
3 16
4 13

1 12
2 10
3 14
4 16

1 14
2 18
3 13
4 16

1 20
2 18
3 16
4 17

1 13
2 15
3 20
4 17

1 14
2 19
3 12
4 12

1 18
2 13
3 16
4 13

1 12
2 10
3 14
4 16

1 14
2 18
3 13
4 16

1 20
2 18
3 16
4 17

1 13
2 15
3 20
4 17

1 14
2 19
3 12
4 12

1 18
2 13
3 16
4 13

1 12
2 10
3 14
4 16

1 14
2 18
3 13
4 16

1 20
2 18
3 16
4 17

1 13
2 15
3 20
4 17

1 14
2 19
3 12
4 12

1 18
2 13
3 16
4 13

1 12
2 10
3 14
4 16

1 14
2 18
3 13
4 16

1 20
2 18
3 16
4 17

1 13
2 15
3 20
4 17

1 14
2 19
3 12
4 12

1 18
2 13
3 16
4 13

1 12
2 10
3 14
4 16

1 14
2 18
3 13
4 16

1 20
2 18
3 16
4 17

1 13
2 15
3 20
4 17

1 14
2 19
3 12
4 12

1 18
2 13
3 16
4 13

1 12
2 10
3 14
4 16

1 14
2 18
3 13
4 16

1 20
2 18
3 16
4 17

1 13
2 15
3 20
4 17

1 14
2 19
3 12
4 12

1 18
2 13
3 16
4 13

1 12
2 10
3 14
4 16

1 14
2 18
3 13
4 16

1 20
2 18
3 16
4 17

1 13
2 15
3 20
4 17

1 14
2 19
3 12
4 12

1 18
2 13
3 16
4 13

1 12
2 10
3 14
4 16

1 14
2 18
3 13
4 16

1 20
2 18
3 16
4 17

1 13
2 15
3 20
4 17

1 14
2 19
3 12
4 12

1 18
2 13
3 16
4 13

1 12
2 10
3 14
4 16

1 14
2 18
3 13
4 16

1 20
2 18
3 16
4 17

1 13
2 15
3 20
4 17

1 14
2 19
3 12
4 12

1 18
2 13
3 16
4 13

1 12
2 10
3 14
4 16

1 14
2 18
3 13
4 16

1 20
2 18
3 16
4 17

1 13
2 15
3 20
4 17

1 14
2 19
3 12
4 12

1 18
2 13
3 16
4 13

1 12
2 10
3 14
4 16

1 14
2 18
3 13
4 16

1 20
2 18
3 16
4 17

1 13
2 15
3 20
4 17

1 14
2 19
3 12
4 12

1 18
2 13
3 16
4 13

1 12
2 10
3 14
4 16

1 14
2 18
3 13
4 16

1 20
2 18
3 16
4 17

1 13
2 15
3 20
4 17

1 14
2 19
3 12
4 12

1 18
2 13
3 16
4 13

1 12
2 10
3 14
4 16

1 14
2 18
3 13
4 16

1 20
2 18
3 16
4 17

1 13
2 15
3 20
4 17

1 14
2 19
3 12
4 12

1 18
2 13
3 16
4 13

1 12
2 10
3 14
4 16

1 14
2 18
3 13
4 16

1 20
2 18
3 16
4 17

1 13
2 15
3 20
4 17

1 14
2 19
3 12
4 12

1 18
2 13
3 16
4 13

1 12
2 10
3 14
4 16

1 14
2 18
3 13
4 16

1 20
2 18
3 16
4 17

1 13
2 15
3 20
4 17

1 14
2 19
3 12
4 12

1 18
2 13
3 16
4 13

1 12
2 10
3 14
4 16

1 14
2 18
3 13
4 16

1 20
2 18
3 16
4 17

1 13
2 15
3 20
4 17

1 14
2 19
3 12
4 12

1 18
2 13
3 16
4 13