1 0
2 0
3 0
4 0
5 0
6 0
7 0
8 0
9 0
10 0
11 0
12 0
13 0
14 0
15 0
16 0

1 17
2 13
3 14
4 14
5 18
6 16
7 17
8 14
9 13
10 15
11 16
12 15
13 17
14 20
15 17
16 20

1 20
2 14
3 19
4 14
5 13
6 16
7 19
8 16
9 17
10 18
11 12
12 10
13 18
14 14
15 16
16 20

1 15
2 10
3 10
4 12
5 16
6 18
7 16
8 20
9 12
10 16
11 11
12 13
13 15
14 20
15 17
16 18

1 10
2 17
3 11
4 19
5 11
6 18
7 11
8 13
9 10
10 14
11 15
12 10
13 11
14 17
15 10
16 20

1 17
2 13
3 14
4 14
5 18
6 16
7 17
8 14
9 13
10 15
11 16
12 15
13 17
14 20
15 17
16 20

1 20
2 14
3 19
4 14
5 13
6 16
7 19
8 16
9 17
10 18
11 12
12 10
13 18
14 14
15 16
16 20

1 15
2 10
3 10
4 12
5 16
6 18
7 16
8 20
9 12
10 16
11 11
12 13
13 15
14 20
15 17
16 18

1 10
2 17
3 11
4 19
5 11
6 18
7 11
8 13
9 10
10 14
11 15
12 10
13 11
14 17
15 10
16 20

1 17
2 13
3 14
4 14
5 18
6 16
7 17
8 14
9 13
10 15
11 16
12 15
13 17
14 20
15 17
16 20

1 20
2 14
3 19
4 14
5 13
6 16
7 19
8 16
9 17
10 18
11 12
12 10
13 18
14 14
15 16
16 20

1 15
2 10
3 10
4 12
5 16
6 18
7 16
8 20
9 12
10 16
11 11
12 13
13 15
14 20
15 17
16 18

1 10
2 17
3 11
4 19
5 11
6 18
7 11
8 13
9 10
10 14
11 15
12 10
13 11
14 17
15 10
16 20

1 17
2 13
3 14
4 14
5 18
6 16
7 17
8 14
9 13
10 15
11 16
12 15
13 17
14 20
15 17
16 20

1 20
2 14
3 19
4 14
5 13
6 16
7 19
8 16
9 17
10 18
11 12
12 10
13 18
14 14
15 16
16 20

1 15
2 10
3 10
4 12
5 16
6 18
7 16
8 20
9 12
10 16
11 11
12 13
13 15
14 20
15 17
16 18

1 10
2 17
3 11
4 19
5 11
6 18
7 11
8 13
9 10
10 14
11 15
12 10
13 11
14 17
15 10
16 20

1 17
2 13
3 14
4 14
5 18
6 16
7 17
8 14
9 13
10 15
11 16
12 15
13 17
14 20
15 17
16 20

1 20
2 14
3 19
4 14
5 13
6 16
7 19
8 16
9 17
10 18
11 12
12 10
13 18
14 14
15 16
16 20

1 15
2 10
3 10
4 12
5 16
6 18
7 16
8 20
9 12
10 16
11 11
12 13
13 15
14 20
15 17
16 18

1 10
2 17
3 11
4 19
5 11
6 18
7 11
8 13
9 10
10 14
11 15
12 10
13 11
14 17
15 10
16 20

1 17
2 13
3 14
4 14
5 18
6 16
7 17
8 14
9 13
10 15
11 16
12 15
13 17
14 20
15 17
16 20

1 20
2 14
3 19
4 14
5 13
6 16
7 19
8 16
9 17
10 18
11 12
12 10
13 18
14 14
15 16
16 20

1 15
2 10
3 10
4 12
5 16
6 18
7 16
8 20
9 12
10 16
11 11
12 13
13 15
14 20
15 17
16 18

1 10
2 17
3 11
4 19
5 11
6 18
7 11
8 13
9 10
10 14
11 15
12 10
13 11
14 17
15 10
16 20

1 17
2 13
3 14
4 14
5 18
6 16
7 17
8 14
9 13
10 15
11 16
12 15
13 17
14 20
15 17
16 20

1 20
2 14
3 19
4 14
5 13
6 16
7 19
8 16
9 17
10 18
11 12
12 10
13 18
14 14
15 16
16 20

1 15
2 10
3 10
4 12
5 16
6 18
7 16
8 20
9 12
10 16
11 11
12 13
13 15
14 20
15 17
16 18

1 10
2 17
3 11
4 19
5 11
6 18
7 11
8 13
9 10
10 14
11 15
12 10
13 11
14 17
15 10
16 20

1 17
2 13
3 14
4 14
5 18
6 16
7 17
8 14
9 13
10 15
11 16
12 15
13 17
14 20
15 17
16 20

1 20
2 14
3 19
4 14
5 13
6 16
7 19
8 16
9 17
10 18
11 12
12 10
13 18
14 14
15 16
16 20

1 15
2 10
3 10
4 12
5 16
6 18
7 16
8 20
9 12
10 16
11 11
12 13
13 15
14 20
15 17
16 18

1 10
2 17
3 11
4 19
5 11
6 18
7 11
8 13
9 10
10 14
11 15
12 10
13 11
14 17
15 10
16 20

1 17
2 13
3 14
4 14
5 18
6 16
7 17
8 14
9 13
10 15
11 16
12 15
13 17
14 20
15 17
16 20

1 20
2 14
3 19
4 14
5 13
6 16
7 19
8 16
9 17
10 18
11 12
12 10
13 18
14 14
15 16
16 20

1 15
2 10
3 10
4 12
5 16
6 18
7 16
8 20
9 12
10 16
11 11
12 13
13 15
14 20
15 17
16 18

1 10
2 17
3 11
4 19
5 11
6 18
7 11
8 13
9 10
10 14
11 15
12 10
13 11
14 17
15 10
16 20

1 17
2 13
3 14
4 14
5 18
6 16
7 17
8 14
9 13
10 15
11 16
12 15
13 17
14 20
15 17
16 20

1 20
2 14
3 19
4 14
5 13
6 16
7 19
8 16
9 17
10 18
11 12
12 10
13 18
14 14
15 16
16 20

1 15
2 10
3 10
4 12
5 16
6 18
7 16
8 20
9 12
10 16
11 11
12 13
13 15
14 20
15 17
16 18

1 10
2 17
3 11
4 19
5 11
6 18
7 11
8 13
9 10
10 14
11 15
12 10
13 11
14 17
15 10
16 20

1 17
2 13
3 14
4 14
5 18
6 16
7 17
8 14
9 13
10 15
11 16
12 15
13 17
14 20
15 17
16 20

1 20
2 14
3 19
4 14
5 13
6 16
7 19
8 16
9 17
10 18
11 12
12 10
13 18
14 14
15 16
16 20

1 15
2 10
3 10
4 12
5 16
6 18
7 16
8 20
9 12
10 16
11 11
12 13
13 15
14 20
15 17
16 18

1 10
2 17
3 11
4 19
5 11
6 18
7 11
8 13
9 10
10 14
11 15
12 10
13 11
14 17
15 10
16 20

1 17
2 13
3 14
4 14
5 18
6 16
7 17
8 14
9 13
10 15
11 16
12 15
13 17
14 20
15 17
16 20

1 20
2 14
3 19
4 14
5 13
6 16
7 19
8 16
9 17
10 18
11 12
12 10
13 18
14 14
15 16
16 20

1 15
2 10
3 10
4 12
5 16
6 18
7 16
8 20
9 12
10 16
11 11
12 13
13 15
14 20
15 17
16 18

1 10
2 17
3 11
4 19
5 11
6 18
7 11
8 13
9 10
10 14
11 15
12 10
13 11
14 17
15 10
16 20

1 17
2 13
3 14
4 14
5 18
6 16
7 17
8 14
9 13
10 15
11 16
12 15
13 17
14 20
15 17
16 20

1 20
2 14
3 19
4 14
5 13
6 16
7 19
8 16
9 17
10 18
11 12
12 10
13 18
14 14
15 16
16 20

1 15
2 10
3 10
4 12
5 16
6 18
7 16
8 20
9 12
10 16
11 11
12 13
13 15
14 20
15 17
16 18

1 10
2 17
3 11
4 19
5 11
6 18
7 11
8 13
9 10
10 14
11 15
12 10
13 11
14 17
15 10
16 20

1 17
2 13
3 14
4 14
5 18
6 16
7 17
8 14
9 13
10 15
11 16
12 15
13 17
14 20
15 17
16 20

1 20
2 14
3 19
4 14
5 13
6 16
7 19
8 16
9 17
10 18
11 12
12 10
13 18
14 14
15 16
16 20

1 15
2 10
3 10
4 12
5 16
6 18
7 16
8 20
9 12
10 16
11 11
12 13
13 15
14 20
15 17
16 18

1 10
2 17
3 11
4 19
5 11
6 18
7 11
8 13
9 10
10 14
11 15
12 10
13 11
14 17
15 10
16 20

1 17
2 13
3 14
4 14
5 18
6 16
7 17
8 14
9 13
10 15
11 16
12 15
13 17
14 20
15 17
16 20

1 20
2 14
3 19
4 14
5 13
6 16
7 19
8 16
9 17
10 18
11 12
12 10
13 18
14 14
15 16
16 20

1 15
2 10
3 10
4 12
5 16
6 18
7 16
8 20
9 12
10 16
11 11
12 13
13 15
14 20
15 17
16 18

1 10
2 17
3 11
4 19
5 11
6 18
7 11
8 13
9 10
10 14
11 15
12 10
13 11
14 17
15 10
16 20