1 0
2 0
3 0
4 0
5 0
6 0
7 0
8 0
9 0
10 0
11 0
12 0
13 0
14 0
15 0
16 0

1 4
2 7
3 4
4 1
5 1
6 1
7 0
8 8
9 0
10 5
11 4
12 8
13 1
14 1
15 7
16 9

1 1
2 9
3 3
4 7
5 0
6 7
7 2
8 9
9 5
10 7
11 4
12 8
13 8
14 6
15 6
16 2

1 7
2 1
3 0
4 7
5 5
6 7
7 7
8 2
9 3
10 3
11 9
12 0
13 9
14 4
15 2
16 8

1 1
2 5
3 8
4 1
5 3
6 4
7 8
8 3
9 8
10 5
11 2
12 6
13 4
14 1
15 5
16 5

1 4
2 7
3 4
4 1
5 1
6 1
7 0
8 8
9 0
10 5
11 4
12 8
13 1
14 1
15 7
16 9

1 1
2 9
3 3
4 7
5 0
6 7
7 2
8 9
9 5
10 7
11 4
12 8
13 8
14 6
15 6
16 2

1 7
2 1
3 0
4 7
5 5
6 7
7 7
8 2
9 3
10 3
11 9
12 0
13 9
14 4
15 2
16 8

1 1
2 5
3 8
4 1
5 3
6 4
7 8
8 3
9 8
10 5
11 2
12 6
13 4
14 1
15 5
16 5

1 4
2 7
3 4
4 1
5 1
6 1
7 0
8 8
9 0
10 5
11 4
12 8
13 1
14 1
15 7
16 9

1 1
2 9
3 3
4 7
5 0
6 7
7 2
8 9
9 5
10 7
11 4
12 8
13 8
14 6
15 6
16 2

1 7
2 1
3 0
4 7
5 5
6 7
7 7
8 2
9 3
10 3
11 9
12 0
13 9
14 4
15 2
16 8

1 1
2 5
3 8
4 1
5 3
6 4
7 8
8 3
9 8
10 5
11 2
12 6
13 4
14 1
15 5
16 5

1 4
2 7
3 4
4 1
5 1
6 1
7 0
8 8
9 0
10 5
11 4
12 8
13 1
14 1
15 7
16 9

1 1
2 9
3 3
4 7
5 0
6 7
7 2
8 9
9 5
10 7
11 4
12 8
13 8
14 6
15 6
16 2

1 7
2 1
3 0
4 7
5 5
6 7
7 7
8 2
9 3
10 3
11 9
12 0
13 9
14 4
15 2
16 8

1 1
2 5
3 8
4 1
5 3
6 4
7 8
8 3
9 8
10 5
11 2
12 6
13 4
14 1
15 5
16 5

1 4
2 7
3 4
4 1
5 1
6 1
7 0
8 8
9 0
10 5
11 4
12 8
13 1
14 1
15 7
16 9

1 1
2 9
3 3
4 7
5 0
6 7
7 2
8 9
9 5
10 7
11 4
12 8
13 8
14 6
15 6
16 2

1 7
2 1
3 0
4 7
5 5
6 7
7 7
8 2
9 3
10 3
11 9
12 0
13 9
14 4
15 2
16 8

1 1
2 5
3 8
4 1
5 3
6 4
7 8
8 3
9 8
10 5
11 2
12 6
13 4
14 1
15 5
16 5

1 4
2 7
3 4
4 1
5 1
6 1
7 0
8 8
9 0
10 5
11 4
12 8
13 1
14 1
15 7
16 9

1 1
2 9
3 3
4 7
5 0
6 7
7 2
8 9
9 5
10 7
11 4
12 8
13 8
14 6
15 6
16 2

1 7
2 1
3 0
4 7
5 5
6 7
7 7
8 2
9 3
10 3
11 9
12 0
13 9
14 4
15 2
16 8

1 1
2 5
3 8
4 1
5 3
6 4
7 8
8 3
9 8
10 5
11 2
12 6
13 4
14 1
15 5
16 5

1 4
2 7
3 4
4 1
5 1
6 1
7 0
8 8
9 0
10 5
11 4
12 8
13 1
14 1
15 7
16 9

1 1
2 9
3 3
4 7
5 0
6 7
7 2
8 9
9 5
10 7
11 4
12 8
13 8
14 6
15 6
16 2

1 7
2 1
3 0
4 7
5 5
6 7
7 7
8 2
9 3
10 3
11 9
12 0
13 9
14 4
15 2
16 8

1 1
2 5
3 8
4 1
5 3
6 4
7 8
8 3
9 8
10 5
11 2
12 6
13 4
14 1
15 5
16 5

1 4
2 7
3 4
4 1
5 1
6 1
7 0
8 8
9 0
10 5
11 4
12 8
13 1
14 1
15 7
16 9

1 1
2 9
3 3
4 7
5 0
6 7
7 2
8 9
9 5
10 7
11 4
12 8
13 8
14 6
15 6
16 2

1 7
2 1
3 0
4 7
5 5
6 7
7 7
8 2
9 3
10 3
11 9
12 0
13 9
14 4
15 2
16 8

1 1
2 5
3 8
4 1
5 3
6 4
7 8
8 3
9 8
10 5
11 2
12 6
13 4
14 1
15 5
16 5

1 4
2 7
3 4
4 1
5 1
6 1
7 0
8 8
9 0
10 5
11 4
12 8
13 1
14 1
15 7
16 9

1 1
2 9
3 3
4 7
5 0
6 7
7 2
8 9
9 5
10 7
11 4
12 8
13 8
14 6
15 6
16 2

1 7
2 1
3 0
4 7
5 5
6 7
7 7
8 2
9 3
10 3
11 9
12 0
13 9
14 4
15 2
16 8

1 1
2 5
3 8
4 1
5 3
6 4
7 8
8 3
9 8
10 5
11 2
12 6
13 4
14 1
15 5
16 5

1 4
2 7
3 4
4 1
5 1
6 1
7 0
8 8
9 0
10 5
11 4
12 8
13 1
14 1
15 7
16 9

1 1
2 9
3 3
4 7
5 0
6 7
7 2
8 9
9 5
10 7
11 4
12 8
13 8
14 6
15 6
16 2

1 7
2 1
3 0
4 7
5 5
6 7
7 7
8 2
9 3
10 3
11 9
12 0
13 9
14 4
15 2
16 8

1 1
2 5
3 8
4 1
5 3
6 4
7 8
8 3
9 8
10 5
11 2
12 6
13 4
14 1
15 5
16 5

1 4
2 7
3 4
4 1
5 1
6 1
7 0
8 8
9 0
10 5
11 4
12 8
13 1
14 1
15 7
16 9

1 1
2 9
3 3
4 7
5 0
6 7
7 2
8 9
9 5
10 7
11 4
12 8
13 8
14 6
15 6
16 2

1 7
2 1
3 0
4 7
5 5
6 7
7 7
8 2
9 3
10 3
11 9
12 0
13 9
14 4
15 2
16 8

1 1
2 5
3 8
4 1
5 3
6 4
7 8
8 3
9 8
10 5
11 2
12 6
13 4
14 1
15 5
16 5

1 4
2 7
3 4
4 1
5 1
6 1
7 0
8 8
9 0
10 5
11 4
12 8
13 1
14 1
15 7
16 9

1 1
2 9
3 3
4 7
5 0
6 7
7 2
8 9
9 5
10 7
11 4
12 8
13 8
14 6
15 6
16 2

1 7
2 1
3 0
4 7
5 5
6 7
7 7
8 2
9 3
10 3
11 9
12 0
13 9
14 4
15 2
16 8

1 1
2 5
3 8
4 1
5 3
6 4
7 8
8 3
9 8
10 5
11 2
12 6
13 4
14 1
15 5
16 5

1 4
2 7
3 4
4 1
5 1
6 1
7 0
8 8
9 0
10 5
11 4
12 8
13 1
14 1
15 7
16 9

1 1
2 9
3 3
4 7
5 0
6 7
7 2
8 9
9 5
10 7
11 4
12 8
13 8
14 6
15 6
16 2

1 7
2 1
3 0
4 7
5 5
6 7
7 7
8 2
9 3
10 3
11 9
12 0
13 9
14 4
15 2
16 8

1 1
2 5
3 8
4 1
5 3
6 4
7 8
8 3
9 8
10 5
11 2
12 6
13 4
14 1
15 5
16 5

1 4
2 7
3 4
4 1
5 1
6 1
7 0
8 8
9 0
10 5
11 4
12 8
13 1
14 1
15 7
16 9

1 1
2 9
3 3
4 7
5 0
6 7
7 2
8 9
9 5
10 7
11 4
12 8
13 8
14 6
15 6
16 2

1 7
2 1
3 0
4 7
5 5
6 7
7 7
8 2
9 3
10 3
11 9
12 0
13 9
14 4
15 2
16 8

1 1
2 5
3 8
4 1
5 3
6 4
7 8
8 3
9 8
10 5
11 2
12 6
13 4
14 1
15 5
16 5

1 4
2 7
3 4
4 1
5 1
6 1
7 0
8 8
9 0
10 5
11 4
12 8
13 1
14 1
15 7
16 9

1 1
2 9
3 3
4 7
5 0
6 7
7 2
8 9
9 5
10 7
11 4
12 8
13 8
14 6
15 6
16 2

1 7
2 1
3 0
4 7
5 5
6 7
7 7
8 2
9 3
10 3
11 9
12 0
13 9
14 4
15 2
16 8

1 1
2 5
3 8
4 1
5 3
6 4
7 8
8 3
9 8
10 5
11 2
12 6
13 4
14 1
15 5
16 5