1 0
2 0
3 0
4 0
5 0
6 0
7 0
8 0
9 0
10 0
11 0
12 0
13 0
14 0
15 0
16 0

1 13
2 16
3 11
4 10
5 10
6 15
7 12
8 20
9 12
10 11
11 16
12 12
13 10
14 13
15 12
16 18

1 18
2 10
3 15
4 11
5 13
6 14
7 12
8 20
9 16
10 13
11 20
12 14
13 10
14 12
15 18
16 20

1 13
2 19
3 12
4 11
5 20
6 16
7 15
8 17
9 16
10 19
11 17
12 14
13 19
14 11
15 15
16 14

1 17
2 19
3 11
4 11
5 15
6 17
7 17
8 16
9 12
10 19
11 16
12 13
13 14
14 11
15 16
16 14

1 13
2 16
3 11
4 10
5 10
6 15
7 12
8 20
9 12
10 11
11 16
12 12
13 10
14 13
15 12
16 18

1 18
2 10
3 15
4 11
5 13
6 14
7 12
8 20
9 16
10 13
11 20
12 14
13 10
14 12
15 18
16 20

1 13
2 19
3 12
4 11
5 20
6 16
7 15
8 17
9 16
10 19
11 17
12 14
13 19
14 11
15 15
16 14

1 17
2 19
3 11
4 11
5 15
6 17
7 17
8 16
9 12
10 19
11 16
12 13
13 14
14 11
15 16
16 14

1 13
2 16
3 11
4 10
5 10
6 15
7 12
8 20
9 12
10 11
11 16
12 12
13 10
14 13
15 12
16 18

1 18
2 10
3 15
4 11
5 13
6 14
7 12
8 20
9 16
10 13
11 20
12 14
13 10
14 12
15 18
16 20

1 13
2 19
3 12
4 11
5 20
6 16
7 15
8 17
9 16
10 19
11 17
12 14
13 19
14 11
15 15
16 14

1 17
2 19
3 11
4 11
5 15
6 17
7 17
8 16
9 12
10 19
11 16
12 13
13 14
14 11
15 16
16 14

1 13
2 16
3 11
4 10
5 10
6 15
7 12
8 20
9 12
10 11
11 16
12 12
13 10
14 13
15 12
16 18

1 18
2 10
3 15
4 11
5 13
6 14
7 12
8 20
9 16
10 13
11 20
12 14
13 10
14 12
15 18
16 20

1 13
2 19
3 12
4 11
5 20
6 16
7 15
8 17
9 16
10 19
11 17
12 14
13 19
14 11
15 15
16 14

1 17
2 19
3 11
4 11
5 15
6 17
7 17
8 16
9 12
10 19
11 16
12 13
13 14
14 11
15 16
16 14

1 13
2 16
3 11
4 10
5 10
6 15
7 12
8 20
9 12
10 11
11 16
12 12
13 10
14 13
15 12
16 18

1 18
2 10
3 15
4 11
5 13
6 14
7 12
8 20
9 16
10 13
11 20
12 14
13 10
14 12
15 18
16 20

1 13
2 19
3 12
4 11
5 20
6 16
7 15
8 17
9 16
10 19
11 17
12 14
13 19
14 11
15 15
16 14

1 17
2 19
3 11
4 11
5 15
6 17
7 17
8 16
9 12
10 19
11 16
12 13
13 14
14 11
15 16
16 14

1 13
2 16
3 11
4 10
5 10
6 15
7 12
8 20
9 12
10 11
11 16
12 12
13 10
14 13
15 12
16 18

1 18
2 10
3 15
4 11
5 13
6 14
7 12
8 20
9 16
10 13
11 20
12 14
13 10
14 12
15 18
16 20

1 13
2 19
3 12
4 11
5 20
6 16
7 15
8 17
9 16
10 19
11 17
12 14
13 19
14 11
15 15
16 14

1 17
2 19
3 11
4 11
5 15
6 17
7 17
8 16
9 12
10 19
11 16
12 13
13 14
14 11
15 16
16 14

1 13
2 16
3 11
4 10
5 10
6 15
7 12
8 20
9 12
10 11
11 16
12 12
13 10
14 13
15 12
16 18

1 18
2 10
3 15
4 11
5 13
6 14
7 12
8 20
9 16
10 13
11 20
12 14
13 10
14 12
15 18
16 20

1 13
2 19
3 12
4 11
5 20
6 16
7 15
8 17
9 16
10 19
11 17
12 14
13 19
14 11
15 15
16 14

1 17
2 19
3 11
4 11
5 15
6 17
7 17
8 16
9 12
10 19
11 16
12 13
13 14
14 11
15 16
16 14

1 13
2 16
3 11
4 10
5 10
6 15
7 12
8 20
9 12
10 11
11 16
12 12
13 10
14 13
15 12
16 18

1 18
2 10
3 15
4 11
5 13
6 14
7 12
8 20
9 16
10 13
11 20
12 14
13 10
14 12
15 18
16 20

1 13
2 19
3 12
4 11
5 20
6 16
7 15
8 17
9 16
10 19
11 17
12 14
13 19
14 11
15 15
16 14

1 17
2 19
3 11
4 11
5 15
6 17
7 17
8 16
9 12
10 19
11 16
12 13
13 14
14 11
15 16
16 14

1 13
2 16
3 11
4 10
5 10
6 15
7 12
8 20
9 12
10 11
11 16
12 12
13 10
14 13
15 12
16 18

1 18
2 10
3 15
4 11
5 13
6 14
7 12
8 20
9 16
10 13
11 20
12 14
13 10
14 12
15 18
16 20

1 13
2 19
3 12
4 11
5 20
6 16
7 15
8 17
9 16
10 19
11 17
12 14
13 19
14 11
15 15
16 14

1 17
2 19
3 11
4 11
5 15
6 17
7 17
8 16
9 12
10 19
11 16
12 13
13 14
14 11
15 16
16 14

1 13
2 16
3 11
4 10
5 10
6 15
7 12
8 20
9 12
10 11
11 16
12 12
13 10
14 13
15 12
16 18

1 18
2 10
3 15
4 11
5 13
6 14
7 12
8 20
9 16
10 13
11 20
12 14
13 10
14 12
15 18
16 20

1 13
2 19
3 12
4 11
5 20
6 16
7 15
8 17
9 16
10 19
11 17
12 14
13 19
14 11
15 15
16 14

1 17
2 19
3 11
4 11
5 15
6 17
7 17
8 16
9 12
10 19
11 16
12 13
13 14
14 11
15 16
16 14