1 0
2 0
3 0
4 0
5 0
6 0
7 0
8 0

1 19
2 16
3 16
4 13
5 18
6 16
7 20
8 12

1 20
2 17
3 16
4 16
5 20
6 10
7 11
8 13

1 11
2 20
3 11
4 12
5 19
6 20
7 20
8 20

1 15
2 13
3 19
4 17
5 17
6 12
7 18
8 19

1 15
2 13
3 16
4 16
5 15
6 13
7 13
8 16

1 19
2 18
3 16
4 20
5 14
6 20
7 19
8 20

1 19
2 16
3 16
4 13
5 18
6 16
7 20
8 12

1 20
2 17
3 16
4 16
5 20
6 10
7 11
8 13

1 11
2 20
3 11
4 12
5 19
6 20
7 20
8 20

1 15
2 13
3 19
4 17
5 17
6 12
7 18
8 19

1 15
2 13
3 16
4 16
5 15
6 13
7 13
8 16

1 19
2 18
3 16
4 20
5 14
6 20
7 19
8 20

1 19
2 16
3 16
4 13
5 18
6 16
7 20
8 12

1 20
2 17
3 16
4 16
5 20
6 10
7 11
8 13

1 11
2 20
3 11
4 12
5 19
6 20
7 20
8 20

1 15
2 13
3 19
4 17
5 17
6 12
7 18
8 19

1 15
2 13
3 16
4 16
5 15
6 13
7 13
8 16

1 19
2 18
3 16
4 20
5 14
6 20
7 19
8 20

1 19
2 16
3 16
4 13
5 18
6 16
7 20
8 12

1 20
2 17
3 16
4 16
5 20
6 10
7 11
8 13

1 11
2 20
3 11
4 12
5 19
6 20
7 20
8 20

1 15
2 13
3 19
4 17
5 17
6 12
7 18
8 19

1 15
2 13
3 16
4 16
5 15
6 13
7 13
8 16

1 19
2 18
3 16
4 20
5 14
6 20
7 19
8 20

1 19
2 16
3 16
4 13
5 18
6 16
7 20
8 12

1 20
2 17
3 16
4 16
5 20
6 10
7 11
8 13

1 11
2 20
3 11
4 12
5 19
6 20
7 20
8 20

1 15
2 13
3 19
4 17
5 17
6 12
7 18
8 19

1 15
2 13
3 16
4 16
5 15
6 13
7 13
8 16

1 19
2 18
3 16
4 20
5 14
6 20
7 19
8 20

1 19
2 16
3 16
4 13
5 18
6 16
7 20
8 12

1 20
2 17
3 16
4 16
5 20
6 10
7 11
8 13

1 11
2 20
3 11
4 12
5 19
6 20
7 20
8 20

1 15
2 13
3 19
4 17
5 17
6 12
7 18
8 19

1 15
2 13
3 16
4 16
5 15
6 13
7 13
8 16

1 19
2 18
3 16
4 20
5 14
6 20
7 19
8 20

1 19
2 16
3 16
4 13
5 18
6 16
7 20
8 12

1 20
2 17
3 16
4 16
5 20
6 10
7 11
8 13

1 11
2 20
3 11
4 12
5 19
6 20
7 20
8 20

1 15
2 13
3 19
4 17
5 17
6 12
7 18
8 19

1 15
2 13
3 16
4 16
5 15
6 13
7 13
8 16

1 19
2 18
3 16
4 20
5 14
6 20
7 19
8 20

1 19
2 16
3 16
4 13
5 18
6 16
7 20
8 12

1 20
2 17
3 16
4 16
5 20
6 10
7 11
8 13

1 11
2 20
3 11
4 12
5 19
6 20
7 20
8 20

1 15
2 13
3 19
4 17
5 17
6 12
7 18
8 19

1 15
2 13
3 16
4 16
5 15
6 13
7 13
8 16

1 19
2 18
3 16
4 20
5 14
6 20
7 19
8 20

1 19
2 16
3 16
4 13
5 18
6 16
7 20
8 12

1 20
2 17
3 16
4 16
5 20
6 10
7 11
8 13

1 11
2 20
3 11
4 12
5 19
6 20
7 20
8 20

1 15
2 13
3 19
4 17
5 17
6 12
7 18
8 19

1 15
2 13
3 16
4 16
5 15
6 13
7 13
8 16

1 19
2 18
3 16
4 20
5 14
6 20
7 19
8 20

1 19
2 16
3 16
4 13
5 18
6 16
7 20
8 12

1 20
2 17
3 16
4 16
5 20
6 10
7 11
8 13

1 11
2 20
3 11
4 12
5 19
6 20
7 20
8 20

1 15
2 13
3 19
4 17
5 17
6 12
7 18
8 19

1 15
2 13
3 16
4 16
5 15
6 13
7 13
8 16

1 19
2 18
3 16
4 20
5 14
6 20
7 19
8 20

1 19
2 16
3 16
4 13
5 18
6 16
7 20
8 12

1 20
2 17
3 16
4 16
5 20
6 10
7 11
8 13

1 11
2 20
3 11
4 12
5 19
6 20
7 20
8 20

1 15
2 13
3 19
4 17
5 17
6 12
7 18
8 19

1 15
2 13
3 16
4 16
5 15
6 13
7 13
8 16

1 19
2 18
3 16
4 20
5 14
6 20
7 19
8 20

1 19
2 16
3 16
4 13
5 18
6 16
7 20
8 12

1 20
2 17
3 16
4 16
5 20
6 10
7 11
8 13

1 11
2 20
3 11
4 12
5 19
6 20
7 20
8 20

1 15
2 13
3 19
4 17
5 17
6 12
7 18
8 19

1 15
2 13
3 16
4 16
5 15
6 13
7 13
8 16

1 19
2 18
3 16
4 20
5 14
6 20
7 19
8 20

1 19
2 16
3 16
4 13
5 18
6 16
7 20
8 12

1 20
2 17
3 16
4 16
5 20
6 10
7 11
8 13

1 11
2 20
3 11
4 12
5 19
6 20
7 20
8 20

1 15
2 13
3 19
4 17
5 17
6 12
7 18
8 19

1 15
2 13
3 16
4 16
5 15
6 13
7 13
8 16

1 19
2 18
3 16
4 20
5 14
6 20
7 19
8 20

1 19
2 16
3 16
4 13
5 18
6 16
7 20
8 12

1 20
2 17
3 16
4 16
5 20
6 10
7 11
8 13

1 11
2 20
3 11
4 12
5 19
6 20
7 20
8 20

1 15
2 13
3 19
4 17
5 17
6 12
7 18
8 19

1 15
2 13
3 16
4 16
5 15
6 13
7 13
8 16

1 19
2 18
3 16
4 20
5 14
6 20
7 19
8 20

1 19
2 16
3 16
4 13
5 18
6 16
7 20
8 12

1 20
2 17
3 16
4 16
5 20
6 10
7 11
8 13

1 11
2 20
3 11
4 12
5 19
6 20
7 20
8 20

1 15
2 13
3 19
4 17
5 17
6 12
7 18
8 19

1 15
2 13
3 16
4 16
5 15
6 13
7 13
8 16

1 19
2 18
3 16
4 20
5 14
6 20
7 19
8 20

1 19
2 16
3 16
4 13
5 18
6 16
7 20
8 12

1 20
2 17
3 16
4 16
5 20
6 10
7 11
8 13

1 11
2 20
3 11
4 12
5 19
6 20
7 20
8 20

1 15
2 13
3 19
4 17
5 17
6 12
7 18
8 19

1 15
2 13
3 16
4 16
5 15
6 13
7 13
8 16

1 19
2 18
3 16
4 20
5 14
6 20
7 19
8 20

1 19
2 16
3 16
4 13
5 18
6 16
7 20
8 12

1 20
2 17
3 16
4 16
5 20
6 10
7 11
8 13

1 11
2 20
3 11
4 12
5 19
6 20
7 20
8 20

1 15
2 13
3 19
4 17
5 17
6 12
7 18
8 19

1 15
2 13
3 16
4 16
5 15
6 13
7 13
8 16

1 19
2 18
3 16
4 20
5 14
6 20
7 19
8 20

1 19
2 16
3 16
4 13
5 18
6 16
7 20
8 12

1 20
2 17
3 16
4 16
5 20
6 10
7 11
8 13

1 11
2 20
3 11
4 12
5 19
6 20
7 20
8 20

1 15
2 13
3 19
4 17
5 17
6 12
7 18
8 19

1 15
2 13
3 16
4 16
5 15
6 13
7 13
8 16

1 19
2 18
3 16
4 20
5 14
6 20
7 19
8 20

1 19
2 16
3 16
4 13
5 18
6 16
7 20
8 12

1 20
2 17
3 16
4 16
5 20
6 10
7 11
8 13

1 11
2 20
3 11
4 12
5 19
6 20
7 20
8 20

1 15
2 13
3 19
4 17
5 17
6 12
7 18
8 19

1 15
2 13
3 16
4 16
5 15
6 13
7 13
8 16

1 19
2 18
3 16
4 20
5 14
6 20
7 19
8 20

1 19
2 16
3 16
4 13
5 18
6 16
7 20
8 12

1 20
2 17
3 16
4 16
5 20
6 10
7 11
8 13

1 11
2 20
3 11
4 12
5 19
6 20
7 20
8 20

1 15
2 13
3 19
4 17
5 17
6 12
7 18
8 19

1 15
2 13
3 16
4 16
5 15
6 13
7 13
8 16

1 19
2 18
3 16
4 20
5 14
6 20
7 19
8 20