1 0
2 0
3 0
4 0
5 0
6 0
7 0
8 0
9 0
10 0
11 0
12 0
13 0
14 0
15 0
16 0

1 10
2 11
3 16
4 20
5 19
6 20
7 10
8 17
9 17
10 16
11 13
12 16
13 18
14 18
15 18
16 17

1 12
2 19
3 13
4 10
5 15
6 19
7 17
8 12
9 19
10 15
11 11
12 19
13 20
14 14
15 16
16 17

1 10
2 11
3 16
4 20
5 19
6 20
7 10
8 17
9 17
10 16
11 13
12 16
13 18
14 18
15 18
16 17

1 12
2 19
3 13
4 10
5 15
6 19
7 17
8 12
9 19
10 15
11 11
12 19
13 20
14 14
15 16
16 17

1 10
2 11
3 16
4 20
5 19
6 20
7 10
8 17
9 17
10 16
11 13
12 16
13 18
14 18
15 18
16 17

1 12
2 19
3 13
4 10
5 15
6 19
7 17
8 12
9 19
10 15
11 11
12 19
13 20
14 14
15 16
16 17

1 10
2 11
3 16
4 20
5 19
6 20
7 10
8 17
9 17
10 16
11 13
12 16
13 18
14 18
15 18
16 17

1 12
2 19
3 13
4 10
5 15
6 19
7 17
8 12
9 19
10 15
11 11
12 19
13 20
14 14
15 16
16 17

1 10
2 11
3 16
4 20
5 19
6 20
7 10
8 17
9 17
10 16
11 13
12 16
13 18
14 18
15 18
16 17

1 12
2 19
3 13
4 10
5 15
6 19
7 17
8 12
9 19
10 15
11 11
12 19
13 20
14 14
15 16
16 17

1 10
2 11
3 16
4 20
5 19
6 20
7 10
8 17
9 17
10 16
11 13
12 16
13 18
14 18
15 18
16 17

1 12
2 19
3 13
4 10
5 15
6 19
7 17
8 12
9 19
10 15
11 11
12 19
13 20
14 14
15 16
16 17

1 10
2 11
3 16
4 20
5 19
6 20
7 10
8 17
9 17
10 16
11 13
12 16
13 18
14 18
15 18
16 17

1 12
2 19
3 13
4 10
5 15
6 19
7 17
8 12
9 19
10 15
11 11
12 19
13 20
14 14
15 16
16 17

1 10
2 11
3 16
4 20
5 19
6 20
7 10
8 17
9 17
10 16
11 13
12 16
13 18
14 18
15 18
16 17

1 12
2 19
3 13
4 10
5 15
6 19
7 17
8 12
9 19
10 15
11 11
12 19
13 20
14 14
15 16
16 17

1 10
2 11
3 16
4 20
5 19
6 20
7 10
8 17
9 17
10 16
11 13
12 16
13 18
14 18
15 18
16 17

1 12
2 19
3 13
4 10
5 15
6 19
7 17
8 12
9 19
10 15
11 11
12 19
13 20
14 14
15 16
16 17

1 10
2 11
3 16
4 20
5 19
6 20
7 10
8 17
9 17
10 16
11 13
12 16
13 18
14 18
15 18
16 17

1 12
2 19
3 13
4 10
5 15
6 19
7 17
8 12
9 19
10 15
11 11
12 19
13 20
14 14
15 16
16 17

1 10
2 11
3 16
4 20
5 19
6 20
7 10
8 17
9 17
10 16
11 13
12 16
13 18
14 18
15 18
16 17

1 12
2 19
3 13
4 10
5 15
6 19
7 17
8 12
9 19
10 15
11 11
12 19
13 20
14 14
15 16
16 17

1 10
2 11
3 16
4 20
5 19
6 20
7 10
8 17
9 17
10 16
11 13
12 16
13 18
14 18
15 18
16 17

1 12
2 19
3 13
4 10
5 15
6 19
7 17
8 12
9 19
10 15
11 11
12 19
13 20
14 14
15 16
16 17

1 10
2 11
3 16
4 20
5 19
6 20
7 10
8 17
9 17
10 16
11 13
12 16
13 18
14 18
15 18
16 17

1 12
2 19
3 13
4 10
5 15
6 19
7 17
8 12
9 19
10 15
11 11
12 19
13 20
14 14
15 16
16 17

1 10
2 11
3 16
4 20
5 19
6 20
7 10
8 17
9 17
10 16
11 13
12 16
13 18
14 18
15 18
16 17

1 12
2 19
3 13
4 10
5 15
6 19
7 17
8 12
9 19
10 15
11 11
12 19
13 20
14 14
15 16
16 17

1 10
2 11
3 16
4 20
5 19
6 20
7 10
8 17
9 17
10 16
11 13
12 16
13 18
14 18
15 18
16 17

1 12
2 19
3 13
4 10
5 15
6 19
7 17
8 12
9 19
10 15
11 11
12 19
13 20
14 14
15 16
16 17