1 0
2 0
3 0
4 0

1 7
2 2
3 8
4 8

1 0
2 5
3 6
4 3

1 8
2 4
3 4
4 3

1 1
2 8
3 4
4 0

1 7
2 2
3 8
4 8

1 0
2 5
3 6
4 3

1 8
2 4
3 4
4 3

1 1
2 8
3 4
4 0

1 7
2 2
3 8
4 8

1 0
2 5
3 6
4 3

1 8
2 4
3 4
4 3

1 1
2 8
3 4
4 0

1 7
2 2
3 8
4 8

1 0
2 5
3 6
4 3

1 8
2 4
3 4
4 3

1 1
2 8
3 4
4 0

1 7
2 2
3 8
4 8

1 0
2 5
3 6
4 3

1 8
2 4
3 4
4 3

1 1
2 8
3 4
4 0

1 7
2 2
3 8
4 8

1 0
2 5
3 6
4 3

1 8
2 4
3 4
4 3

1 1
2 8
3 4
4 0

1 7
2 2
3 8
4 8

1 0
2 5
3 6
4 3

1 8
2 4
3 4
4 3

1 1
2 8
3 4
4 0

1 7
2 2
3 8
4 8

1 0
2 5
3 6
4 3

1 8
2 4
3 4
4 3

1 1
2 8
3 4
4 0

1 7
2 2
3 8
4 8

1 0
2 5
3 6
4 3

1 8
2 4
3 4
4 3

1 1
2 8
3 4
4 0

1 7
2 2
3 8
4 8

1 0
2 5
3 6
4 3

1 8
2 4
3 4
4 3

1 1
2 8
3 4
4 0

1 7
2 2
3 8
4 8

1 0
2 5
3 6
4 3

1 8
2 4
3 4
4 3

1 1
2 8
3 4
4 0

1 7
2 2
3 8
4 8

1 0
2 5
3 6
4 3

1 8
2 4
3 4
4 3

1 1
2 8
3 4
4 0

1 7
2 2
3 8
4 8

1 0
2 5
3 6
4 3

1 8
2 4
3 4
4 3

1 1
2 8
3 4
4 0

1 7
2 2
3 8
4 8

1 0
2 5
3 6
4 3

1 8
2 4
3 4
4 3

1 1
2 8
3 4
4 0

1 7
2 2
3 8
4 8

1 0
2 5
3 6
4 3

1 8
2 4
3 4
4 3

1 1
2 8
3 4
4 0

1 7
2 2
3 8
4 8

1 0
2 5
3 6
4 3

1 8
2 4
3 4
4 3

1 1
2 8
3 4
4 0

1 7
2 2
3 8
4 8

1 0
2 5
3 6
4 3

1 8
2 4
3 4
4 3

1 1
2 8
3 4
4 0

1 7
2 2
3 8
4 8

1 0
2 5
3 6
4 3

1 8
2 4
3 4
4 3

1 1
2 8
3 4
4 0

1 7
2 2
3 8
4 8

1 0
2 5
3 6
4 3

1 8
2 4
3 4
4 3

1 1
2 8
3 4
4 0

1 7
2 2
3 8
4 8

1 0
2 5
3 6
4 3

1 8
2 4
3 4
4 3

1 1
2 8
3 4
4 0