1 0
2 0
3 0
4 0
5 0
6 0
7 0
8 0

1 15
2 20
3 18
4 17
5 19
6 19
7 19
8 10

1 15
2 19
3 18
4 17
5 10
6 10
7 12
8 16

1 15
2 20
3 18
4 17
5 19
6 19
7 19
8 10

1 15
2 19
3 18
4 17
5 10
6 10
7 12
8 16

1 15
2 20
3 18
4 17
5 19
6 19
7 19
8 10

1 15
2 19
3 18
4 17
5 10
6 10
7 12
8 16

1 15
2 20
3 18
4 17
5 19
6 19
7 19
8 10

1 15
2 19
3 18
4 17
5 10
6 10
7 12
8 16

1 15
2 20
3 18
4 17
5 19
6 19
7 19
8 10

1 15
2 19
3 18
4 17
5 10
6 10
7 12
8 16

1 15
2 20
3 18
4 17
5 19
6 19
7 19
8 10

1 15
2 19
3 18
4 17
5 10
6 10
7 12
8 16

1 15
2 20
3 18
4 17
5 19
6 19
7 19
8 10

1 15
2 19
3 18
4 17
5 10
6 10
7 12
8 16

1 15
2 20
3 18
4 17
5 19
6 19
7 19
8 10

1 15
2 19
3 18
4 17
5 10
6 10
7 12
8 16

1 15
2 20
3 18
4 17
5 19
6 19
7 19
8 10

1 15
2 19
3 18
4 17
5 10
6 10
7 12
8 16

1 15
2 20
3 18
4 17
5 19
6 19
7 19
8 10

1 15
2 19
3 18
4 17
5 10
6 10
7 12
8 16