1 0
2 0
3 0
4 0
5 0
6 0
7 0
8 0
9 0
10 0
11 0
12 0
13 0
14 0
15 0
16 0

1 9
2 8
3 9
4 4
5 4
6 9
7 5
8 5
9 6
10 1
11 4
12 7
13 9
14 9
15 3
16 9

1 3
2 7
3 9
4 3
5 5
6 4
7 6
8 8
9 6
10 5
11 1
12 2
13 3
14 7
15 8
16 7

1 3
2 4
3 3
4 4
5 4
6 8
7 8
8 0
9 5
10 5
11 8
12 0
13 1
14 3
15 4
16 2

1 2
2 9
3 0
4 0
5 3
6 8
7 8
8 7
9 3
10 4
11 6
12 8
13 9
14 6
15 6
16 9

1 7
2 7
3 2
4 9
5 1
6 4
7 6
8 9
9 0
10 9
11 3
12 0
13 7
14 5
15 2
16 2

1 6
2 9
3 3
4 6
5 6
6 7
7 6
8 4
9 4
10 6
11 4
12 8
13 9
14 6
15 1
16 3

1 9
2 8
3 9
4 4
5 4
6 9
7 5
8 5
9 6
10 1
11 4
12 7
13 9
14 9
15 3
16 9

1 3
2 7
3 9
4 3
5 5
6 4
7 6
8 8
9 6
10 5
11 1
12 2
13 3
14 7
15 8
16 7

1 3
2 4
3 3
4 4
5 4
6 8
7 8
8 0
9 5
10 5
11 8
12 0
13 1
14 3
15 4
16 2

1 2
2 9
3 0
4 0
5 3
6 8
7 8
8 7
9 3
10 4
11 6
12 8
13 9
14 6
15 6
16 9

1 7
2 7
3 2
4 9
5 1
6 4
7 6
8 9
9 0
10 9
11 3
12 0
13 7
14 5
15 2
16 2

1 6
2 9
3 3
4 6
5 6
6 7
7 6
8 4
9 4
10 6
11 4
12 8
13 9
14 6
15 1
16 3

1 9
2 8
3 9
4 4
5 4
6 9
7 5
8 5
9 6
10 1
11 4
12 7
13 9
14 9
15 3
16 9

1 3
2 7
3 9
4 3
5 5
6 4
7 6
8 8
9 6
10 5
11 1
12 2
13 3
14 7
15 8
16 7

1 3
2 4
3 3
4 4
5 4
6 8
7 8
8 0
9 5
10 5
11 8
12 0
13 1
14 3
15 4
16 2

1 2
2 9
3 0
4 0
5 3
6 8
7 8
8 7
9 3
10 4
11 6
12 8
13 9
14 6
15 6
16 9

1 7
2 7
3 2
4 9
5 1
6 4
7 6
8 9
9 0
10 9
11 3
12 0
13 7
14 5
15 2
16 2

1 6
2 9
3 3
4 6
5 6
6 7
7 6
8 4
9 4
10 6
11 4
12 8
13 9
14 6
15 1
16 3

1 9
2 8
3 9
4 4
5 4
6 9
7 5
8 5
9 6
10 1
11 4
12 7
13 9
14 9
15 3
16 9

1 3
2 7
3 9
4 3
5 5
6 4
7 6
8 8
9 6
10 5
11 1
12 2
13 3
14 7
15 8
16 7

1 3
2 4
3 3
4 4
5 4
6 8
7 8
8 0
9 5
10 5
11 8
12 0
13 1
14 3
15 4
16 2

1 2
2 9
3 0
4 0
5 3
6 8
7 8
8 7
9 3
10 4
11 6
12 8
13 9
14 6
15 6
16 9

1 7
2 7
3 2
4 9
5 1
6 4
7 6
8 9
9 0
10 9
11 3
12 0
13 7
14 5
15 2
16 2

1 6
2 9
3 3
4 6
5 6
6 7
7 6
8 4
9 4
10 6
11 4
12 8
13 9
14 6
15 1
16 3

1 9
2 8
3 9
4 4
5 4
6 9
7 5
8 5
9 6
10 1
11 4
12 7
13 9
14 9
15 3
16 9

1 3
2 7
3 9
4 3
5 5
6 4
7 6
8 8
9 6
10 5
11 1
12 2
13 3
14 7
15 8
16 7

1 3
2 4
3 3
4 4
5 4
6 8
7 8
8 0
9 5
10 5
11 8
12 0
13 1
14 3
15 4
16 2

1 2
2 9
3 0
4 0
5 3
6 8
7 8
8 7
9 3
10 4
11 6
12 8
13 9
14 6
15 6
16 9

1 7
2 7
3 2
4 9
5 1
6 4
7 6
8 9
9 0
10 9
11 3
12 0
13 7
14 5
15 2
16 2

1 6
2 9
3 3
4 6
5 6
6 7
7 6
8 4
9 4
10 6
11 4
12 8
13 9
14 6
15 1
16 3

1 9
2 8
3 9
4 4
5 4
6 9
7 5
8 5
9 6
10 1
11 4
12 7
13 9
14 9
15 3
16 9

1 3
2 7
3 9
4 3
5 5
6 4
7 6
8 8
9 6
10 5
11 1
12 2
13 3
14 7
15 8
16 7

1 3
2 4
3 3
4 4
5 4
6 8
7 8
8 0
9 5
10 5
11 8
12 0
13 1
14 3
15 4
16 2

1 2
2 9
3 0
4 0
5 3
6 8
7 8
8 7
9 3
10 4
11 6
12 8
13 9
14 6
15 6
16 9

1 7
2 7
3 2
4 9
5 1
6 4
7 6
8 9
9 0
10 9
11 3
12 0
13 7
14 5
15 2
16 2

1 6
2 9
3 3
4 6
5 6
6 7
7 6
8 4
9 4
10 6
11 4
12 8
13 9
14 6
15 1
16 3

1 9
2 8
3 9
4 4
5 4
6 9
7 5
8 5
9 6
10 1
11 4
12 7
13 9
14 9
15 3
16 9

1 3
2 7
3 9
4 3
5 5
6 4
7 6
8 8
9 6
10 5
11 1
12 2
13 3
14 7
15 8
16 7

1 3
2 4
3 3
4 4
5 4
6 8
7 8
8 0
9 5
10 5
11 8
12 0
13 1
14 3
15 4
16 2

1 2
2 9
3 0
4 0
5 3
6 8
7 8
8 7
9 3
10 4
11 6
12 8
13 9
14 6
15 6
16 9

1 7
2 7
3 2
4 9
5 1
6 4
7 6
8 9
9 0
10 9
11 3
12 0
13 7
14 5
15 2
16 2

1 6
2 9
3 3
4 6
5 6
6 7
7 6
8 4
9 4
10 6
11 4
12 8
13 9
14 6
15 1
16 3

1 9
2 8
3 9
4 4
5 4
6 9
7 5
8 5
9 6
10 1
11 4
12 7
13 9
14 9
15 3
16 9

1 3
2 7
3 9
4 3
5 5
6 4
7 6
8 8
9 6
10 5
11 1
12 2
13 3
14 7
15 8
16 7

1 3
2 4
3 3
4 4
5 4
6 8
7 8
8 0
9 5
10 5
11 8
12 0
13 1
14 3
15 4
16 2

1 2
2 9
3 0
4 0
5 3
6 8
7 8
8 7
9 3
10 4
11 6
12 8
13 9
14 6
15 6
16 9

1 7
2 7
3 2
4 9
5 1
6 4
7 6
8 9
9 0
10 9
11 3
12 0
13 7
14 5
15 2
16 2

1 6
2 9
3 3
4 6
5 6
6 7
7 6
8 4
9 4
10 6
11 4
12 8
13 9
14 6
15 1
16 3

1 9
2 8
3 9
4 4
5 4
6 9
7 5
8 5
9 6
10 1
11 4
12 7
13 9
14 9
15 3
16 9

1 3
2 7
3 9
4 3
5 5
6 4
7 6
8 8
9 6
10 5
11 1
12 2
13 3
14 7
15 8
16 7

1 3
2 4
3 3
4 4
5 4
6 8
7 8
8 0
9 5
10 5
11 8
12 0
13 1
14 3
15 4
16 2

1 2
2 9
3 0
4 0
5 3
6 8
7 8
8 7
9 3
10 4
11 6
12 8
13 9
14 6
15 6
16 9

1 7
2 7
3 2
4 9
5 1
6 4
7 6
8 9
9 0
10 9
11 3
12 0
13 7
14 5
15 2
16 2

1 6
2 9
3 3
4 6
5 6
6 7
7 6
8 4
9 4
10 6
11 4
12 8
13 9
14 6
15 1
16 3

1 9
2 8
3 9
4 4
5 4
6 9
7 5
8 5
9 6
10 1
11 4
12 7
13 9
14 9
15 3
16 9

1 3
2 7
3 9
4 3
5 5
6 4
7 6
8 8
9 6
10 5
11 1
12 2
13 3
14 7
15 8
16 7

1 3
2 4
3 3
4 4
5 4
6 8
7 8
8 0
9 5
10 5
11 8
12 0
13 1
14 3
15 4
16 2

1 2
2 9
3 0
4 0
5 3
6 8
7 8
8 7
9 3
10 4
11 6
12 8
13 9
14 6
15 6
16 9

1 7
2 7
3 2
4 9
5 1
6 4
7 6
8 9
9 0
10 9
11 3
12 0
13 7
14 5
15 2
16 2

1 6
2 9
3 3
4 6
5 6
6 7
7 6
8 4
9 4
10 6
11 4
12 8
13 9
14 6
15 1
16 3