1 0
2 0
3 0
4 0
5 0
6 0
7 0
8 0
9 0
10 0
11 0
12 0
13 0
14 0
15 0
16 0

1 11
2 14
3 14
4 18
5 20
6 17
7 13
8 20
9 13
10 12
11 17
12 16
13 11
14 19
15 12
16 11

1 18
2 12
3 16
4 18
5 10
6 19
7 20
8 17
9 11
10 14
11 11
12 18
13 11
14 20
15 15
16 16

1 14
2 16
3 15
4 15
5 11
6 11
7 19
8 12
9 12
10 20
11 13
12 17
13 15
14 18
15 15
16 15

1 12
2 20
3 18
4 20
5 14
6 18
7 11
8 13
9 10
10 11
11 11
12 20
13 18
14 20
15 19
16 13

1 11
2 14
3 14
4 18
5 20
6 17
7 13
8 20
9 13
10 12
11 17
12 16
13 11
14 19
15 12
16 11

1 18
2 12
3 16
4 18
5 10
6 19
7 20
8 17
9 11
10 14
11 11
12 18
13 11
14 20
15 15
16 16

1 14
2 16
3 15
4 15
5 11
6 11
7 19
8 12
9 12
10 20
11 13
12 17
13 15
14 18
15 15
16 15

1 12
2 20
3 18
4 20
5 14
6 18
7 11
8 13
9 10
10 11
11 11
12 20
13 18
14 20
15 19
16 13

1 11
2 14
3 14
4 18
5 20
6 17
7 13
8 20
9 13
10 12
11 17
12 16
13 11
14 19
15 12
16 11

1 18
2 12
3 16
4 18
5 10
6 19
7 20
8 17
9 11
10 14
11 11
12 18
13 11
14 20
15 15
16 16

1 14
2 16
3 15
4 15
5 11
6 11
7 19
8 12
9 12
10 20
11 13
12 17
13 15
14 18
15 15
16 15

1 12
2 20
3 18
4 20
5 14
6 18
7 11
8 13
9 10
10 11
11 11
12 20
13 18
14 20
15 19
16 13

1 11
2 14
3 14
4 18
5 20
6 17
7 13
8 20
9 13
10 12
11 17
12 16
13 11
14 19
15 12
16 11

1 18
2 12
3 16
4 18
5 10
6 19
7 20
8 17
9 11
10 14
11 11
12 18
13 11
14 20
15 15
16 16

1 14
2 16
3 15
4 15
5 11
6 11
7 19
8 12
9 12
10 20
11 13
12 17
13 15
14 18
15 15
16 15

1 12
2 20
3 18
4 20
5 14
6 18
7 11
8 13
9 10
10 11
11 11
12 20
13 18
14 20
15 19
16 13

1 11
2 14
3 14
4 18
5 20
6 17
7 13
8 20
9 13
10 12
11 17
12 16
13 11
14 19
15 12
16 11

1 18
2 12
3 16
4 18
5 10
6 19
7 20
8 17
9 11
10 14
11 11
12 18
13 11
14 20
15 15
16 16

1 14
2 16
3 15
4 15
5 11
6 11
7 19
8 12
9 12
10 20
11 13
12 17
13 15
14 18
15 15
16 15

1 12
2 20
3 18
4 20
5 14
6 18
7 11
8 13
9 10
10 11
11 11
12 20
13 18
14 20
15 19
16 13

1 11
2 14
3 14
4 18
5 20
6 17
7 13
8 20
9 13
10 12
11 17
12 16
13 11
14 19
15 12
16 11

1 18
2 12
3 16
4 18
5 10
6 19
7 20
8 17
9 11
10 14
11 11
12 18
13 11
14 20
15 15
16 16

1 14
2 16
3 15
4 15
5 11
6 11
7 19
8 12
9 12
10 20
11 13
12 17
13 15
14 18
15 15
16 15

1 12
2 20
3 18
4 20
5 14
6 18
7 11
8 13
9 10
10 11
11 11
12 20
13 18
14 20
15 19
16 13

1 11
2 14
3 14
4 18
5 20
6 17
7 13
8 20
9 13
10 12
11 17
12 16
13 11
14 19
15 12
16 11

1 18
2 12
3 16
4 18
5 10
6 19
7 20
8 17
9 11
10 14
11 11
12 18
13 11
14 20
15 15
16 16

1 14
2 16
3 15
4 15
5 11
6 11
7 19
8 12
9 12
10 20
11 13
12 17
13 15
14 18
15 15
16 15

1 12
2 20
3 18
4 20
5 14
6 18
7 11
8 13
9 10
10 11
11 11
12 20
13 18
14 20
15 19
16 13

1 11
2 14
3 14
4 18
5 20
6 17
7 13
8 20
9 13
10 12
11 17
12 16
13 11
14 19
15 12
16 11

1 18
2 12
3 16
4 18
5 10
6 19
7 20
8 17
9 11
10 14
11 11
12 18
13 11
14 20
15 15
16 16

1 14
2 16
3 15
4 15
5 11
6 11
7 19
8 12
9 12
10 20
11 13
12 17
13 15
14 18
15 15
16 15

1 12
2 20
3 18
4 20
5 14
6 18
7 11
8 13
9 10
10 11
11 11
12 20
13 18
14 20
15 19
16 13

1 11
2 14
3 14
4 18
5 20
6 17
7 13
8 20
9 13
10 12
11 17
12 16
13 11
14 19
15 12
16 11

1 18
2 12
3 16
4 18
5 10
6 19
7 20
8 17
9 11
10 14
11 11
12 18
13 11
14 20
15 15
16 16

1 14
2 16
3 15
4 15
5 11
6 11
7 19
8 12
9 12
10 20
11 13
12 17
13 15
14 18
15 15
16 15

1 12
2 20
3 18
4 20
5 14
6 18
7 11
8 13
9 10
10 11
11 11
12 20
13 18
14 20
15 19
16 13

1 11
2 14
3 14
4 18
5 20
6 17
7 13
8 20
9 13
10 12
11 17
12 16
13 11
14 19
15 12
16 11

1 18
2 12
3 16
4 18
5 10
6 19
7 20
8 17
9 11
10 14
11 11
12 18
13 11
14 20
15 15
16 16

1 14
2 16
3 15
4 15
5 11
6 11
7 19
8 12
9 12
10 20
11 13
12 17
13 15
14 18
15 15
16 15

1 12
2 20
3 18
4 20
5 14
6 18
7 11
8 13
9 10
10 11
11 11
12 20
13 18
14 20
15 19
16 13