1 0
2 0
3 0
4 0

1 8
2 0
3 7
4 3

1 7
2 7
3 8
4 2

1 6
2 2
3 0
4 1

1 0
2 6
3 8
4 1

1 8
2 9
3 9
4 3

1 9
2 2
3 6
4 8

1 8
2 0
3 7
4 3

1 7
2 7
3 8
4 2

1 6
2 2
3 0
4 1

1 0
2 6
3 8
4 1

1 8
2 9
3 9
4 3

1 9
2 2
3 6
4 8

1 8
2 0
3 7
4 3

1 7
2 7
3 8
4 2

1 6
2 2
3 0
4 1

1 0
2 6
3 8
4 1

1 8
2 9
3 9
4 3

1 9
2 2
3 6
4 8

1 8
2 0
3 7
4 3

1 7
2 7
3 8
4 2

1 6
2 2
3 0
4 1

1 0
2 6
3 8
4 1

1 8
2 9
3 9
4 3

1 9
2 2
3 6
4 8

1 8
2 0
3 7
4 3

1 7
2 7
3 8
4 2

1 6
2 2
3 0
4 1

1 0
2 6
3 8
4 1

1 8
2 9
3 9
4 3

1 9
2 2
3 6
4 8

1 8
2 0
3 7
4 3

1 7
2 7
3 8
4 2

1 6
2 2
3 0
4 1

1 0
2 6
3 8
4 1

1 8
2 9
3 9
4 3

1 9
2 2
3 6
4 8

1 8
2 0
3 7
4 3

1 7
2 7
3 8
4 2

1 6
2 2
3 0
4 1

1 0
2 6
3 8
4 1

1 8
2 9
3 9
4 3

1 9
2 2
3 6
4 8

1 8
2 0
3 7
4 3

1 7
2 7
3 8
4 2

1 6
2 2
3 0
4 1

1 0
2 6
3 8
4 1

1 8
2 9
3 9
4 3

1 9
2 2
3 6
4 8

1 8
2 0
3 7
4 3

1 7
2 7
3 8
4 2

1 6
2 2
3 0
4 1

1 0
2 6
3 8
4 1

1 8
2 9
3 9
4 3

1 9
2 2
3 6
4 8

1 8
2 0
3 7
4 3

1 7
2 7
3 8
4 2

1 6
2 2
3 0
4 1

1 0
2 6
3 8
4 1

1 8
2 9
3 9
4 3

1 9
2 2
3 6
4 8