1 0
2 0
3 0
4 0
5 0
6 0
7 0
8 0
9 0
10 0
11 0
12 0
13 0
14 0
15 0
16 0

1 16
2 19
3 20
4 20
5 10
6 13
7 16
8 13
9 17
10 12
11 13
12 14
13 12
14 15
15 18
16 11

1 19
2 12
3 10
4 10
5 18
6 10
7 14
8 17
9 12
10 13
11 12
12 14
13 10
14 11
15 19
16 20

1 16
2 19
3 20
4 20
5 10
6 13
7 16
8 13
9 17
10 12
11 13
12 14
13 12
14 15
15 18
16 11

1 19
2 12
3 10
4 10
5 18
6 10
7 14
8 17
9 12
10 13
11 12
12 14
13 10
14 11
15 19
16 20

1 16
2 19
3 20
4 20
5 10
6 13
7 16
8 13
9 17
10 12
11 13
12 14
13 12
14 15
15 18
16 11

1 19
2 12
3 10
4 10
5 18
6 10
7 14
8 17
9 12
10 13
11 12
12 14
13 10
14 11
15 19
16 20

1 16
2 19
3 20
4 20
5 10
6 13
7 16
8 13
9 17
10 12
11 13
12 14
13 12
14 15
15 18
16 11

1 19
2 12
3 10
4 10
5 18
6 10
7 14
8 17
9 12
10 13
11 12
12 14
13 10
14 11
15 19
16 20

1 16
2 19
3 20
4 20
5 10
6 13
7 16
8 13
9 17
10 12
11 13
12 14
13 12
14 15
15 18
16 11

1 19
2 12
3 10
4 10
5 18
6 10
7 14
8 17
9 12
10 13
11 12
12 14
13 10
14 11
15 19
16 20

1 16
2 19
3 20
4 20
5 10
6 13
7 16
8 13
9 17
10 12
11 13
12 14
13 12
14 15
15 18
16 11

1 19
2 12
3 10
4 10
5 18
6 10
7 14
8 17
9 12
10 13
11 12
12 14
13 10
14 11
15 19
16 20

1 16
2 19
3 20
4 20
5 10
6 13
7 16
8 13
9 17
10 12
11 13
12 14
13 12
14 15
15 18
16 11

1 19
2 12
3 10
4 10
5 18
6 10
7 14
8 17
9 12
10 13
11 12
12 14
13 10
14 11
15 19
16 20

1 16
2 19
3 20
4 20
5 10
6 13
7 16
8 13
9 17
10 12
11 13
12 14
13 12
14 15
15 18
16 11

1 19
2 12
3 10
4 10
5 18
6 10
7 14
8 17
9 12
10 13
11 12
12 14
13 10
14 11
15 19
16 20

1 16
2 19
3 20
4 20
5 10
6 13
7 16
8 13
9 17
10 12
11 13
12 14
13 12
14 15
15 18
16 11

1 19
2 12
3 10
4 10
5 18
6 10
7 14
8 17
9 12
10 13
11 12
12 14
13 10
14 11
15 19
16 20

1 16
2 19
3 20
4 20
5 10
6 13
7 16
8 13
9 17
10 12
11 13
12 14
13 12
14 15
15 18
16 11

1 19
2 12
3 10
4 10
5 18
6 10
7 14
8 17
9 12
10 13
11 12
12 14
13 10
14 11
15 19
16 20

1 16
2 19
3 20
4 20
5 10
6 13
7 16
8 13
9 17
10 12
11 13
12 14
13 12
14 15
15 18
16 11

1 19
2 12
3 10
4 10
5 18
6 10
7 14
8 17
9 12
10 13
11 12
12 14
13 10
14 11
15 19
16 20

1 16
2 19
3 20
4 20
5 10
6 13
7 16
8 13
9 17
10 12
11 13
12 14
13 12
14 15
15 18
16 11

1 19
2 12
3 10
4 10
5 18
6 10
7 14
8 17
9 12
10 13
11 12
12 14
13 10
14 11
15 19
16 20

1 16
2 19
3 20
4 20
5 10
6 13
7 16
8 13
9 17
10 12
11 13
12 14
13 12
14 15
15 18
16 11

1 19
2 12
3 10
4 10
5 18
6 10
7 14
8 17
9 12
10 13
11 12
12 14
13 10
14 11
15 19
16 20

1 16
2 19
3 20
4 20
5 10
6 13
7 16
8 13
9 17
10 12
11 13
12 14
13 12
14 15
15 18
16 11

1 19
2 12
3 10
4 10
5 18
6 10
7 14
8 17
9 12
10 13
11 12
12 14
13 10
14 11
15 19
16 20

1 16
2 19
3 20
4 20
5 10
6 13
7 16
8 13
9 17
10 12
11 13
12 14
13 12
14 15
15 18
16 11

1 19
2 12
3 10
4 10
5 18
6 10
7 14
8 17
9 12
10 13
11 12
12 14
13 10
14 11
15 19
16 20

1 16
2 19
3 20
4 20
5 10
6 13
7 16
8 13
9 17
10 12
11 13
12 14
13 12
14 15
15 18
16 11

1 19
2 12
3 10
4 10
5 18
6 10
7 14
8 17
9 12
10 13
11 12
12 14
13 10
14 11
15 19
16 20

1 16
2 19
3 20
4 20
5 10
6 13
7 16
8 13
9 17
10 12
11 13
12 14
13 12
14 15
15 18
16 11

1 19
2 12
3 10
4 10
5 18
6 10
7 14
8 17
9 12
10 13
11 12
12 14
13 10
14 11
15 19
16 20

1 16
2 19
3 20
4 20
5 10
6 13
7 16
8 13
9 17
10 12
11 13
12 14
13 12
14 15
15 18
16 11

1 19
2 12
3 10
4 10
5 18
6 10
7 14
8 17
9 12
10 13
11 12
12 14
13 10
14 11
15 19
16 20

1 16
2 19
3 20
4 20
5 10
6 13
7 16
8 13
9 17
10 12
11 13
12 14
13 12
14 15
15 18
16 11

1 19
2 12
3 10
4 10
5 18
6 10
7 14
8 17
9 12
10 13
11 12
12 14
13 10
14 11
15 19
16 20

1 16
2 19
3 20
4 20
5 10
6 13
7 16
8 13
9 17
10 12
11 13
12 14
13 12
14 15
15 18
16 11

1 19
2 12
3 10
4 10
5 18
6 10
7 14
8 17
9 12
10 13
11 12
12 14
13 10
14 11
15 19
16 20