1 0
2 0
3 0
4 0
5 0
6 0
7 0
8 0
9 0
10 0
11 0
12 0
13 0
14 0
15 0
16 0

1 6
2 6
3 3
4 9
5 2
6 9
7 8
8 7
9 8
10 5
11 3
12 3
13 7
14 4
15 0
16 1

1 0
2 0
3 6
4 7
5 5
6 0
7 2
8 3
9 4
10 2
11 3
12 4
13 4
14 3
15 7
16 8

1 9
2 0
3 7
4 9
5 1
6 9
7 2
8 7
9 4
10 9
11 1
12 8
13 3
14 7
15 8
16 3

1 6
2 3
3 8
4 2
5 0
6 3
7 2
8 7
9 1
10 2
11 2
12 5
13 3
14 9
15 9
16 8

1 6
2 6
3 3
4 9
5 2
6 9
7 8
8 7
9 8
10 5
11 3
12 3
13 7
14 4
15 0
16 1

1 0
2 0
3 6
4 7
5 5
6 0
7 2
8 3
9 4
10 2
11 3
12 4
13 4
14 3
15 7
16 8

1 9
2 0
3 7
4 9
5 1
6 9
7 2
8 7
9 4
10 9
11 1
12 8
13 3
14 7
15 8
16 3

1 6
2 3
3 8
4 2
5 0
6 3
7 2
8 7
9 1
10 2
11 2
12 5
13 3
14 9
15 9
16 8

1 6
2 6
3 3
4 9
5 2
6 9
7 8
8 7
9 8
10 5
11 3
12 3
13 7
14 4
15 0
16 1

1 0
2 0
3 6
4 7
5 5
6 0
7 2
8 3
9 4
10 2
11 3
12 4
13 4
14 3
15 7
16 8

1 9
2 0
3 7
4 9
5 1
6 9
7 2
8 7
9 4
10 9
11 1
12 8
13 3
14 7
15 8
16 3

1 6
2 3
3 8
4 2
5 0
6 3
7 2
8 7
9 1
10 2
11 2
12 5
13 3
14 9
15 9
16 8

1 6
2 6
3 3
4 9
5 2
6 9
7 8
8 7
9 8
10 5
11 3
12 3
13 7
14 4
15 0
16 1

1 0
2 0
3 6
4 7
5 5
6 0
7 2
8 3
9 4
10 2
11 3
12 4
13 4
14 3
15 7
16 8

1 9
2 0
3 7
4 9
5 1
6 9
7 2
8 7
9 4
10 9
11 1
12 8
13 3
14 7
15 8
16 3

1 6
2 3
3 8
4 2
5 0
6 3
7 2
8 7
9 1
10 2
11 2
12 5
13 3
14 9
15 9
16 8

1 6
2 6
3 3
4 9
5 2
6 9
7 8
8 7
9 8
10 5
11 3
12 3
13 7
14 4
15 0
16 1

1 0
2 0
3 6
4 7
5 5
6 0
7 2
8 3
9 4
10 2
11 3
12 4
13 4
14 3
15 7
16 8

1 9
2 0
3 7
4 9
5 1
6 9
7 2
8 7
9 4
10 9
11 1
12 8
13 3
14 7
15 8
16 3

1 6
2 3
3 8
4 2
5 0
6 3
7 2
8 7
9 1
10 2
11 2
12 5
13 3
14 9
15 9
16 8

1 6
2 6
3 3
4 9
5 2
6 9
7 8
8 7
9 8
10 5
11 3
12 3
13 7
14 4
15 0
16 1

1 0
2 0
3 6
4 7
5 5
6 0
7 2
8 3
9 4
10 2
11 3
12 4
13 4
14 3
15 7
16 8

1 9
2 0
3 7
4 9
5 1
6 9
7 2
8 7
9 4
10 9
11 1
12 8
13 3
14 7
15 8
16 3

1 6
2 3
3 8
4 2
5 0
6 3
7 2
8 7
9 1
10 2
11 2
12 5
13 3
14 9
15 9
16 8

1 6
2 6
3 3
4 9
5 2
6 9
7 8
8 7
9 8
10 5
11 3
12 3
13 7
14 4
15 0
16 1

1 0
2 0
3 6
4 7
5 5
6 0
7 2
8 3
9 4
10 2
11 3
12 4
13 4
14 3
15 7
16 8

1 9
2 0
3 7
4 9
5 1
6 9
7 2
8 7
9 4
10 9
11 1
12 8
13 3
14 7
15 8
16 3

1 6
2 3
3 8
4 2
5 0
6 3
7 2
8 7
9 1
10 2
11 2
12 5
13 3
14 9
15 9
16 8

1 6
2 6
3 3
4 9
5 2
6 9
7 8
8 7
9 8
10 5
11 3
12 3
13 7
14 4
15 0
16 1

1 0
2 0
3 6
4 7
5 5
6 0
7 2
8 3
9 4
10 2
11 3
12 4
13 4
14 3
15 7
16 8

1 9
2 0
3 7
4 9
5 1
6 9
7 2
8 7
9 4
10 9
11 1
12 8
13 3
14 7
15 8
16 3

1 6
2 3
3 8
4 2
5 0
6 3
7 2
8 7
9 1
10 2
11 2
12 5
13 3
14 9
15 9
16 8

1 6
2 6
3 3
4 9
5 2
6 9
7 8
8 7
9 8
10 5
11 3
12 3
13 7
14 4
15 0
16 1

1 0
2 0
3 6
4 7
5 5
6 0
7 2
8 3
9 4
10 2
11 3
12 4
13 4
14 3
15 7
16 8

1 9
2 0
3 7
4 9
5 1
6 9
7 2
8 7
9 4
10 9
11 1
12 8
13 3
14 7
15 8
16 3

1 6
2 3
3 8
4 2
5 0
6 3
7 2
8 7
9 1
10 2
11 2
12 5
13 3
14 9
15 9
16 8

1 6
2 6
3 3
4 9
5 2
6 9
7 8
8 7
9 8
10 5
11 3
12 3
13 7
14 4
15 0
16 1

1 0
2 0
3 6
4 7
5 5
6 0
7 2
8 3
9 4
10 2
11 3
12 4
13 4
14 3
15 7
16 8

1 9
2 0
3 7
4 9
5 1
6 9
7 2
8 7
9 4
10 9
11 1
12 8
13 3
14 7
15 8
16 3

1 6
2 3
3 8
4 2
5 0
6 3
7 2
8 7
9 1
10 2
11 2
12 5
13 3
14 9
15 9
16 8

1 6
2 6
3 3
4 9
5 2
6 9
7 8
8 7
9 8
10 5
11 3
12 3
13 7
14 4
15 0
16 1

1 0
2 0
3 6
4 7
5 5
6 0
7 2
8 3
9 4
10 2
11 3
12 4
13 4
14 3
15 7
16 8

1 9
2 0
3 7
4 9
5 1
6 9
7 2
8 7
9 4
10 9
11 1
12 8
13 3
14 7
15 8
16 3

1 6
2 3
3 8
4 2
5 0
6 3
7 2
8 7
9 1
10 2
11 2
12 5
13 3
14 9
15 9
16 8

1 6
2 6
3 3
4 9
5 2
6 9
7 8
8 7
9 8
10 5
11 3
12 3
13 7
14 4
15 0
16 1

1 0
2 0
3 6
4 7
5 5
6 0
7 2
8 3
9 4
10 2
11 3
12 4
13 4
14 3
15 7
16 8

1 9
2 0
3 7
4 9
5 1
6 9
7 2
8 7
9 4
10 9
11 1
12 8
13 3
14 7
15 8
16 3

1 6
2 3
3 8
4 2
5 0
6 3
7 2
8 7
9 1
10 2
11 2
12 5
13 3
14 9
15 9
16 8

1 6
2 6
3 3
4 9
5 2
6 9
7 8
8 7
9 8
10 5
11 3
12 3
13 7
14 4
15 0
16 1

1 0
2 0
3 6
4 7
5 5
6 0
7 2
8 3
9 4
10 2
11 3
12 4
13 4
14 3
15 7
16 8

1 9
2 0
3 7
4 9
5 1
6 9
7 2
8 7
9 4
10 9
11 1
12 8
13 3
14 7
15 8
16 3

1 6
2 3
3 8
4 2
5 0
6 3
7 2
8 7
9 1
10 2
11 2
12 5
13 3
14 9
15 9
16 8

1 6
2 6
3 3
4 9
5 2
6 9
7 8
8 7
9 8
10 5
11 3
12 3
13 7
14 4
15 0
16 1

1 0
2 0
3 6
4 7
5 5
6 0
7 2
8 3
9 4
10 2
11 3
12 4
13 4
14 3
15 7
16 8

1 9
2 0
3 7
4 9
5 1
6 9
7 2
8 7
9 4
10 9
11 1
12 8
13 3
14 7
15 8
16 3

1 6
2 3
3 8
4 2
5 0
6 3
7 2
8 7
9 1
10 2
11 2
12 5
13 3
14 9
15 9
16 8

1 6
2 6
3 3
4 9
5 2
6 9
7 8
8 7
9 8
10 5
11 3
12 3
13 7
14 4
15 0
16 1

1 0
2 0
3 6
4 7
5 5
6 0
7 2
8 3
9 4
10 2
11 3
12 4
13 4
14 3
15 7
16 8

1 9
2 0
3 7
4 9
5 1
6 9
7 2
8 7
9 4
10 9
11 1
12 8
13 3
14 7
15 8
16 3

1 6
2 3
3 8
4 2
5 0
6 3
7 2
8 7
9 1
10 2
11 2
12 5
13 3
14 9
15 9
16 8