1 0
2 0
3 0
4 0
5 0
6 0
7 0
8 0
9 0
10 0
11 0
12 0
13 0
14 0
15 0
16 0

1 9
2 9
3 9
4 0
5 3
6 4
7 6
8 3
9 5
10 0
11 9
12 9
13 6
14 0
15 6
16 3

1 1
2 4
3 5
4 9
5 4
6 2
7 6
8 9
9 2
10 0
11 7
12 8
13 3
14 2
15 4
16 6

1 7
2 0
3 5
4 0
5 9
6 2
7 7
8 6
9 7
10 5
11 8
12 2
13 2
14 8
15 5
16 0

1 9
2 4
3 9
4 4
5 7
6 7
7 7
8 4
9 6
10 6
11 4
12 8
13 2
14 8
15 9
16 3

1 6
2 8
3 2
4 2
5 2
6 0
7 0
8 3
9 0
10 7
11 8
12 4
13 0
14 9
15 2
16 7

1 0
2 3
3 0
4 5
5 7
6 8
7 6
8 2
9 1
10 2
11 0
12 9
13 8
14 1
15 1
16 2

1 9
2 9
3 9
4 0
5 3
6 4
7 6
8 3
9 5
10 0
11 9
12 9
13 6
14 0
15 6
16 3

1 1
2 4
3 5
4 9
5 4
6 2
7 6
8 9
9 2
10 0
11 7
12 8
13 3
14 2
15 4
16 6

1 7
2 0
3 5
4 0
5 9
6 2
7 7
8 6
9 7
10 5
11 8
12 2
13 2
14 8
15 5
16 0

1 9
2 4
3 9
4 4
5 7
6 7
7 7
8 4
9 6
10 6
11 4
12 8
13 2
14 8
15 9
16 3

1 6
2 8
3 2
4 2
5 2
6 0
7 0
8 3
9 0
10 7
11 8
12 4
13 0
14 9
15 2
16 7

1 0
2 3
3 0
4 5
5 7
6 8
7 6
8 2
9 1
10 2
11 0
12 9
13 8
14 1
15 1
16 2

1 9
2 9
3 9
4 0
5 3
6 4
7 6
8 3
9 5
10 0
11 9
12 9
13 6
14 0
15 6
16 3

1 1
2 4
3 5
4 9
5 4
6 2
7 6
8 9
9 2
10 0
11 7
12 8
13 3
14 2
15 4
16 6

1 7
2 0
3 5
4 0
5 9
6 2
7 7
8 6
9 7
10 5
11 8
12 2
13 2
14 8
15 5
16 0

1 9
2 4
3 9
4 4
5 7
6 7
7 7
8 4
9 6
10 6
11 4
12 8
13 2
14 8
15 9
16 3

1 6
2 8
3 2
4 2
5 2
6 0
7 0
8 3
9 0
10 7
11 8
12 4
13 0
14 9
15 2
16 7

1 0
2 3
3 0
4 5
5 7
6 8
7 6
8 2
9 1
10 2
11 0
12 9
13 8
14 1
15 1
16 2

1 9
2 9
3 9
4 0
5 3
6 4
7 6
8 3
9 5
10 0
11 9
12 9
13 6
14 0
15 6
16 3

1 1
2 4
3 5
4 9
5 4
6 2
7 6
8 9
9 2
10 0
11 7
12 8
13 3
14 2
15 4
16 6

1 7
2 0
3 5
4 0
5 9
6 2
7 7
8 6
9 7
10 5
11 8
12 2
13 2
14 8
15 5
16 0

1 9
2 4
3 9
4 4
5 7
6 7
7 7
8 4
9 6
10 6
11 4
12 8
13 2
14 8
15 9
16 3

1 6
2 8
3 2
4 2
5 2
6 0
7 0
8 3
9 0
10 7
11 8
12 4
13 0
14 9
15 2
16 7

1 0
2 3
3 0
4 5
5 7
6 8
7 6
8 2
9 1
10 2
11 0
12 9
13 8
14 1
15 1
16 2

1 9
2 9
3 9
4 0
5 3
6 4
7 6
8 3
9 5
10 0
11 9
12 9
13 6
14 0
15 6
16 3

1 1
2 4
3 5
4 9
5 4
6 2
7 6
8 9
9 2
10 0
11 7
12 8
13 3
14 2
15 4
16 6

1 7
2 0
3 5
4 0
5 9
6 2
7 7
8 6
9 7
10 5
11 8
12 2
13 2
14 8
15 5
16 0

1 9
2 4
3 9
4 4
5 7
6 7
7 7
8 4
9 6
10 6
11 4
12 8
13 2
14 8
15 9
16 3

1 6
2 8
3 2
4 2
5 2
6 0
7 0
8 3
9 0
10 7
11 8
12 4
13 0
14 9
15 2
16 7

1 0
2 3
3 0
4 5
5 7
6 8
7 6
8 2
9 1
10 2
11 0
12 9
13 8
14 1
15 1
16 2

1 9
2 9
3 9
4 0
5 3
6 4
7 6
8 3
9 5
10 0
11 9
12 9
13 6
14 0
15 6
16 3

1 1
2 4
3 5
4 9
5 4
6 2
7 6
8 9
9 2
10 0
11 7
12 8
13 3
14 2
15 4
16 6

1 7
2 0
3 5
4 0
5 9
6 2
7 7
8 6
9 7
10 5
11 8
12 2
13 2
14 8
15 5
16 0

1 9
2 4
3 9
4 4
5 7
6 7
7 7
8 4
9 6
10 6
11 4
12 8
13 2
14 8
15 9
16 3

1 6
2 8
3 2
4 2
5 2
6 0
7 0
8 3
9 0
10 7
11 8
12 4
13 0
14 9
15 2
16 7

1 0
2 3
3 0
4 5
5 7
6 8
7 6
8 2
9 1
10 2
11 0
12 9
13 8
14 1
15 1
16 2

1 9
2 9
3 9
4 0
5 3
6 4
7 6
8 3
9 5
10 0
11 9
12 9
13 6
14 0
15 6
16 3

1 1
2 4
3 5
4 9
5 4
6 2
7 6
8 9
9 2
10 0
11 7
12 8
13 3
14 2
15 4
16 6

1 7
2 0
3 5
4 0
5 9
6 2
7 7
8 6
9 7
10 5
11 8
12 2
13 2
14 8
15 5
16 0

1 9
2 4
3 9
4 4
5 7
6 7
7 7
8 4
9 6
10 6
11 4
12 8
13 2
14 8
15 9
16 3

1 6
2 8
3 2
4 2
5 2
6 0
7 0
8 3
9 0
10 7
11 8
12 4
13 0
14 9
15 2
16 7

1 0
2 3
3 0
4 5
5 7
6 8
7 6
8 2
9 1
10 2
11 0
12 9
13 8
14 1
15 1
16 2

1 9
2 9
3 9
4 0
5 3
6 4
7 6
8 3
9 5
10 0
11 9
12 9
13 6
14 0
15 6
16 3

1 1
2 4
3 5
4 9
5 4
6 2
7 6
8 9
9 2
10 0
11 7
12 8
13 3
14 2
15 4
16 6

1 7
2 0
3 5
4 0
5 9
6 2
7 7
8 6
9 7
10 5
11 8
12 2
13 2
14 8
15 5
16 0

1 9
2 4
3 9
4 4
5 7
6 7
7 7
8 4
9 6
10 6
11 4
12 8
13 2
14 8
15 9
16 3

1 6
2 8
3 2
4 2
5 2
6 0
7 0
8 3
9 0
10 7
11 8
12 4
13 0
14 9
15 2
16 7

1 0
2 3
3 0
4 5
5 7
6 8
7 6
8 2
9 1
10 2
11 0
12 9
13 8
14 1
15 1
16 2

1 9
2 9
3 9
4 0
5 3
6 4
7 6
8 3
9 5
10 0
11 9
12 9
13 6
14 0
15 6
16 3

1 1
2 4
3 5
4 9
5 4
6 2
7 6
8 9
9 2
10 0
11 7
12 8
13 3
14 2
15 4
16 6

1 7
2 0
3 5
4 0
5 9
6 2
7 7
8 6
9 7
10 5
11 8
12 2
13 2
14 8
15 5
16 0

1 9
2 4
3 9
4 4
5 7
6 7
7 7
8 4
9 6
10 6
11 4
12 8
13 2
14 8
15 9
16 3

1 6
2 8
3 2
4 2
5 2
6 0
7 0
8 3
9 0
10 7
11 8
12 4
13 0
14 9
15 2
16 7

1 0
2 3
3 0
4 5
5 7
6 8
7 6
8 2
9 1
10 2
11 0
12 9
13 8
14 1
15 1
16 2

1 9
2 9
3 9
4 0
5 3
6 4
7 6
8 3
9 5
10 0
11 9
12 9
13 6
14 0
15 6
16 3

1 1
2 4
3 5
4 9
5 4
6 2
7 6
8 9
9 2
10 0
11 7
12 8
13 3
14 2
15 4
16 6

1 7
2 0
3 5
4 0
5 9
6 2
7 7
8 6
9 7
10 5
11 8
12 2
13 2
14 8
15 5
16 0

1 9
2 4
3 9
4 4
5 7
6 7
7 7
8 4
9 6
10 6
11 4
12 8
13 2
14 8
15 9
16 3

1 6
2 8
3 2
4 2
5 2
6 0
7 0
8 3
9 0
10 7
11 8
12 4
13 0
14 9
15 2
16 7

1 0
2 3
3 0
4 5
5 7
6 8
7 6
8 2
9 1
10 2
11 0
12 9
13 8
14 1
15 1
16 2