1 0
2 0
3 0
4 0

1 3
2 3
3 1
4 8

1 6
2 9
3 8
4 1

1 3
2 3
3 1
4 8

1 6
2 9
3 8
4 1

1 3
2 3
3 1
4 8

1 6
2 9
3 8
4 1

1 3
2 3
3 1
4 8

1 6
2 9
3 8
4 1

1 3
2 3
3 1
4 8

1 6
2 9
3 8
4 1

1 3
2 3
3 1
4 8

1 6
2 9
3 8
4 1

1 3
2 3
3 1
4 8

1 6
2 9
3 8
4 1

1 3
2 3
3 1
4 8

1 6
2 9
3 8
4 1

1 3
2 3
3 1
4 8

1 6
2 9
3 8
4 1

1 3
2 3
3 1
4 8

1 6
2 9
3 8
4 1

1 3
2 3
3 1
4 8

1 6
2 9
3 8
4 1

1 3
2 3
3 1
4 8

1 6
2 9
3 8
4 1

1 3
2 3
3 1
4 8

1 6
2 9
3 8
4 1

1 3
2 3
3 1
4 8

1 6
2 9
3 8
4 1

1 3
2 3
3 1
4 8

1 6
2 9
3 8
4 1