1 0
2 0
3 0
4 0

1 2
2 4
3 1
4 4

1 7
2 8
3 0
4 3

1 4
2 7
3 2
4 9

1 8
2 1
3 8
4 1

1 3
2 6
3 0
4 4

1 8
2 6
3 8
4 5

1 2
2 4
3 1
4 4

1 7
2 8
3 0
4 3

1 4
2 7
3 2
4 9

1 8
2 1
3 8
4 1

1 3
2 6
3 0
4 4

1 8
2 6
3 8
4 5

1 2
2 4
3 1
4 4

1 7
2 8
3 0
4 3

1 4
2 7
3 2
4 9

1 8
2 1
3 8
4 1

1 3
2 6
3 0
4 4

1 8
2 6
3 8
4 5

1 2
2 4
3 1
4 4

1 7
2 8
3 0
4 3

1 4
2 7
3 2
4 9

1 8
2 1
3 8
4 1

1 3
2 6
3 0
4 4

1 8
2 6
3 8
4 5

1 2
2 4
3 1
4 4

1 7
2 8
3 0
4 3

1 4
2 7
3 2
4 9

1 8
2 1
3 8
4 1

1 3
2 6
3 0
4 4

1 8
2 6
3 8
4 5

1 2
2 4
3 1
4 4

1 7
2 8
3 0
4 3

1 4
2 7
3 2
4 9

1 8
2 1
3 8
4 1

1 3
2 6
3 0
4 4

1 8
2 6
3 8
4 5

1 2
2 4
3 1
4 4

1 7
2 8
3 0
4 3

1 4
2 7
3 2
4 9

1 8
2 1
3 8
4 1

1 3
2 6
3 0
4 4

1 8
2 6
3 8
4 5

1 2
2 4
3 1
4 4

1 7
2 8
3 0
4 3

1 4
2 7
3 2
4 9

1 8
2 1
3 8
4 1

1 3
2 6
3 0
4 4

1 8
2 6
3 8
4 5

1 2
2 4
3 1
4 4

1 7
2 8
3 0
4 3

1 4
2 7
3 2
4 9

1 8
2 1
3 8
4 1

1 3
2 6
3 0
4 4

1 8
2 6
3 8
4 5

1 2
2 4
3 1
4 4

1 7
2 8
3 0
4 3

1 4
2 7
3 2
4 9

1 8
2 1
3 8
4 1

1 3
2 6
3 0
4 4

1 8
2 6
3 8
4 5

1 2
2 4
3 1
4 4

1 7
2 8
3 0
4 3

1 4
2 7
3 2
4 9

1 8
2 1
3 8
4 1

1 3
2 6
3 0
4 4

1 8
2 6
3 8
4 5

1 2
2 4
3 1
4 4

1 7
2 8
3 0
4 3

1 4
2 7
3 2
4 9

1 8
2 1
3 8
4 1

1 3
2 6
3 0
4 4

1 8
2 6
3 8
4 5

1 2
2 4
3 1
4 4

1 7
2 8
3 0
4 3

1 4
2 7
3 2
4 9

1 8
2 1
3 8
4 1

1 3
2 6
3 0
4 4

1 8
2 6
3 8
4 5

1 2
2 4
3 1
4 4

1 7
2 8
3 0
4 3

1 4
2 7
3 2
4 9

1 8
2 1
3 8
4 1

1 3
2 6
3 0
4 4

1 8
2 6
3 8
4 5

1 2
2 4
3 1
4 4

1 7
2 8
3 0
4 3

1 4
2 7
3 2
4 9

1 8
2 1
3 8
4 1

1 3
2 6
3 0
4 4

1 8
2 6
3 8
4 5

1 2
2 4
3 1
4 4

1 7
2 8
3 0
4 3

1 4
2 7
3 2
4 9

1 8
2 1
3 8
4 1

1 3
2 6
3 0
4 4

1 8
2 6
3 8
4 5

1 2
2 4
3 1
4 4

1 7
2 8
3 0
4 3

1 4
2 7
3 2
4 9

1 8
2 1
3 8
4 1

1 3
2 6
3 0
4 4

1 8
2 6
3 8
4 5

1 2
2 4
3 1
4 4

1 7
2 8
3 0
4 3

1 4
2 7
3 2
4 9

1 8
2 1
3 8
4 1

1 3
2 6
3 0
4 4

1 8
2 6
3 8
4 5

1 2
2 4
3 1
4 4

1 7
2 8
3 0
4 3

1 4
2 7
3 2
4 9

1 8
2 1
3 8
4 1

1 3
2 6
3 0
4 4

1 8
2 6
3 8
4 5

1 2
2 4
3 1
4 4

1 7
2 8
3 0
4 3

1 4
2 7
3 2
4 9

1 8
2 1
3 8
4 1

1 3
2 6
3 0
4 4

1 8
2 6
3 8
4 5