1 0
2 0
3 0
4 0
5 0
6 0
7 0
8 0

1 5
2 6
3 7
4 9
5 7
6 5
7 8
8 9

1 2
2 7
3 4
4 8
5 4
6 6
7 4
8 7

1 6
2 7
3 5
4 1
5 0
6 3
7 2
8 1

1 8
2 7
3 2
4 4
5 8
6 3
7 6
8 1

1 5
2 6
3 7
4 9
5 7
6 5
7 8
8 9

1 2
2 7
3 4
4 8
5 4
6 6
7 4
8 7

1 6
2 7
3 5
4 1
5 0
6 3
7 2
8 1

1 8
2 7
3 2
4 4
5 8
6 3
7 6
8 1

1 5
2 6
3 7
4 9
5 7
6 5
7 8
8 9

1 2
2 7
3 4
4 8
5 4
6 6
7 4
8 7

1 6
2 7
3 5
4 1
5 0
6 3
7 2
8 1

1 8
2 7
3 2
4 4
5 8
6 3
7 6
8 1

1 5
2 6
3 7
4 9
5 7
6 5
7 8
8 9

1 2
2 7
3 4
4 8
5 4
6 6
7 4
8 7

1 6
2 7
3 5
4 1
5 0
6 3
7 2
8 1

1 8
2 7
3 2
4 4
5 8
6 3
7 6
8 1

1 5
2 6
3 7
4 9
5 7
6 5
7 8
8 9

1 2
2 7
3 4
4 8
5 4
6 6
7 4
8 7

1 6
2 7
3 5
4 1
5 0
6 3
7 2
8 1

1 8
2 7
3 2
4 4
5 8
6 3
7 6
8 1

1 5
2 6
3 7
4 9
5 7
6 5
7 8
8 9

1 2
2 7
3 4
4 8
5 4
6 6
7 4
8 7

1 6
2 7
3 5
4 1
5 0
6 3
7 2
8 1

1 8
2 7
3 2
4 4
5 8
6 3
7 6
8 1

1 5
2 6
3 7
4 9
5 7
6 5
7 8
8 9

1 2
2 7
3 4
4 8
5 4
6 6
7 4
8 7

1 6
2 7
3 5
4 1
5 0
6 3
7 2
8 1

1 8
2 7
3 2
4 4
5 8
6 3
7 6
8 1

1 5
2 6
3 7
4 9
5 7
6 5
7 8
8 9

1 2
2 7
3 4
4 8
5 4
6 6
7 4
8 7

1 6
2 7
3 5
4 1
5 0
6 3
7 2
8 1

1 8
2 7
3 2
4 4
5 8
6 3
7 6
8 1

1 5
2 6
3 7
4 9
5 7
6 5
7 8
8 9

1 2
2 7
3 4
4 8
5 4
6 6
7 4
8 7

1 6
2 7
3 5
4 1
5 0
6 3
7 2
8 1

1 8
2 7
3 2
4 4
5 8
6 3
7 6
8 1

1 5
2 6
3 7
4 9
5 7
6 5
7 8
8 9

1 2
2 7
3 4
4 8
5 4
6 6
7 4
8 7

1 6
2 7
3 5
4 1
5 0
6 3
7 2
8 1

1 8
2 7
3 2
4 4
5 8
6 3
7 6
8 1

1 5
2 6
3 7
4 9
5 7
6 5
7 8
8 9

1 2
2 7
3 4
4 8
5 4
6 6
7 4
8 7

1 6
2 7
3 5
4 1
5 0
6 3
7 2
8 1

1 8
2 7
3 2
4 4
5 8
6 3
7 6
8 1

1 5
2 6
3 7
4 9
5 7
6 5
7 8
8 9

1 2
2 7
3 4
4 8
5 4
6 6
7 4
8 7

1 6
2 7
3 5
4 1
5 0
6 3
7 2
8 1

1 8
2 7
3 2
4 4
5 8
6 3
7 6
8 1

1 5
2 6
3 7
4 9
5 7
6 5
7 8
8 9

1 2
2 7
3 4
4 8
5 4
6 6
7 4
8 7

1 6
2 7
3 5
4 1
5 0
6 3
7 2
8 1

1 8
2 7
3 2
4 4
5 8
6 3
7 6
8 1

1 5
2 6
3 7
4 9
5 7
6 5
7 8
8 9

1 2
2 7
3 4
4 8
5 4
6 6
7 4
8 7

1 6
2 7
3 5
4 1
5 0
6 3
7 2
8 1

1 8
2 7
3 2
4 4
5 8
6 3
7 6
8 1

1 5
2 6
3 7
4 9
5 7
6 5
7 8
8 9

1 2
2 7
3 4
4 8
5 4
6 6
7 4
8 7

1 6
2 7
3 5
4 1
5 0
6 3
7 2
8 1

1 8
2 7
3 2
4 4
5 8
6 3
7 6
8 1

1 5
2 6
3 7
4 9
5 7
6 5
7 8
8 9

1 2
2 7
3 4
4 8
5 4
6 6
7 4
8 7

1 6
2 7
3 5
4 1
5 0
6 3
7 2
8 1

1 8
2 7
3 2
4 4
5 8
6 3
7 6
8 1

1 5
2 6
3 7
4 9
5 7
6 5
7 8
8 9

1 2
2 7
3 4
4 8
5 4
6 6
7 4
8 7

1 6
2 7
3 5
4 1
5 0
6 3
7 2
8 1

1 8
2 7
3 2
4 4
5 8
6 3
7 6
8 1

1 5
2 6
3 7
4 9
5 7
6 5
7 8
8 9

1 2
2 7
3 4
4 8
5 4
6 6
7 4
8 7

1 6
2 7
3 5
4 1
5 0
6 3
7 2
8 1

1 8
2 7
3 2
4 4
5 8
6 3
7 6
8 1

1 5
2 6
3 7
4 9
5 7
6 5
7 8
8 9

1 2
2 7
3 4
4 8
5 4
6 6
7 4
8 7

1 6
2 7
3 5
4 1
5 0
6 3
7 2
8 1

1 8
2 7
3 2
4 4
5 8
6 3
7 6
8 1

1 5
2 6
3 7
4 9
5 7
6 5
7 8
8 9

1 2
2 7
3 4
4 8
5 4
6 6
7 4
8 7

1 6
2 7
3 5
4 1
5 0
6 3
7 2
8 1

1 8
2 7
3 2
4 4
5 8
6 3
7 6
8 1