1 0
2 0
3 0
4 0
5 0
6 0
7 0
8 0

1 3
2 4
3 8
4 7
5 5
6 2
7 2
8 2

1 7
2 2
3 0
4 9
5 8
6 0
7 0
8 1

1 1
2 6
3 7
4 7
5 7
6 5
7 8
8 0

1 5
2 8
3 0
4 0
5 4
6 4
7 7
8 4

1 3
2 4
3 8
4 7
5 5
6 2
7 2
8 2

1 7
2 2
3 0
4 9
5 8
6 0
7 0
8 1

1 1
2 6
3 7
4 7
5 7
6 5
7 8
8 0

1 5
2 8
3 0
4 0
5 4
6 4
7 7
8 4

1 3
2 4
3 8
4 7
5 5
6 2
7 2
8 2

1 7
2 2
3 0
4 9
5 8
6 0
7 0
8 1

1 1
2 6
3 7
4 7
5 7
6 5
7 8
8 0

1 5
2 8
3 0
4 0
5 4
6 4
7 7
8 4

1 3
2 4
3 8
4 7
5 5
6 2
7 2
8 2

1 7
2 2
3 0
4 9
5 8
6 0
7 0
8 1

1 1
2 6
3 7
4 7
5 7
6 5
7 8
8 0

1 5
2 8
3 0
4 0
5 4
6 4
7 7
8 4

1 3
2 4
3 8
4 7
5 5
6 2
7 2
8 2

1 7
2 2
3 0
4 9
5 8
6 0
7 0
8 1

1 1
2 6
3 7
4 7
5 7
6 5
7 8
8 0

1 5
2 8
3 0
4 0
5 4
6 4
7 7
8 4

1 3
2 4
3 8
4 7
5 5
6 2
7 2
8 2

1 7
2 2
3 0
4 9
5 8
6 0
7 0
8 1

1 1
2 6
3 7
4 7
5 7
6 5
7 8
8 0

1 5
2 8
3 0
4 0
5 4
6 4
7 7
8 4

1 3
2 4
3 8
4 7
5 5
6 2
7 2
8 2

1 7
2 2
3 0
4 9
5 8
6 0
7 0
8 1

1 1
2 6
3 7
4 7
5 7
6 5
7 8
8 0

1 5
2 8
3 0
4 0
5 4
6 4
7 7
8 4

1 3
2 4
3 8
4 7
5 5
6 2
7 2
8 2

1 7
2 2
3 0
4 9
5 8
6 0
7 0
8 1

1 1
2 6
3 7
4 7
5 7
6 5
7 8
8 0

1 5
2 8
3 0
4 0
5 4
6 4
7 7
8 4

1 3
2 4
3 8
4 7
5 5
6 2
7 2
8 2

1 7
2 2
3 0
4 9
5 8
6 0
7 0
8 1

1 1
2 6
3 7
4 7
5 7
6 5
7 8
8 0

1 5
2 8
3 0
4 0
5 4
6 4
7 7
8 4

1 3
2 4
3 8
4 7
5 5
6 2
7 2
8 2

1 7
2 2
3 0
4 9
5 8
6 0
7 0
8 1

1 1
2 6
3 7
4 7
5 7
6 5
7 8
8 0

1 5
2 8
3 0
4 0
5 4
6 4
7 7
8 4