1 0
2 0
3 0
4 0

1 8
2 2
3 8
4 1

1 5
2 4
3 0
4 1

1 1
2 3
3 1
4 0

1 2
2 1
3 7
4 7

1 8
2 2
3 8
4 1

1 5
2 4
3 0
4 1

1 1
2 3
3 1
4 0

1 2
2 1
3 7
4 7

1 8
2 2
3 8
4 1

1 5
2 4
3 0
4 1

1 1
2 3
3 1
4 0

1 2
2 1
3 7
4 7

1 8
2 2
3 8
4 1

1 5
2 4
3 0
4 1

1 1
2 3
3 1
4 0

1 2
2 1
3 7
4 7

1 8
2 2
3 8
4 1

1 5
2 4
3 0
4 1

1 1
2 3
3 1
4 0

1 2
2 1
3 7
4 7

1 8
2 2
3 8
4 1

1 5
2 4
3 0
4 1

1 1
2 3
3 1
4 0

1 2
2 1
3 7
4 7

1 8
2 2
3 8
4 1

1 5
2 4
3 0
4 1

1 1
2 3
3 1
4 0

1 2
2 1
3 7
4 7

1 8
2 2
3 8
4 1

1 5
2 4
3 0
4 1

1 1
2 3
3 1
4 0

1 2
2 1
3 7
4 7

1 8
2 2
3 8
4 1

1 5
2 4
3 0
4 1

1 1
2 3
3 1
4 0

1 2
2 1
3 7
4 7

1 8
2 2
3 8
4 1

1 5
2 4
3 0
4 1

1 1
2 3
3 1
4 0

1 2
2 1
3 7
4 7

1 8
2 2
3 8
4 1

1 5
2 4
3 0
4 1

1 1
2 3
3 1
4 0

1 2
2 1
3 7
4 7

1 8
2 2
3 8
4 1

1 5
2 4
3 0
4 1

1 1
2 3
3 1
4 0

1 2
2 1
3 7
4 7

1 8
2 2
3 8
4 1

1 5
2 4
3 0
4 1

1 1
2 3
3 1
4 0

1 2
2 1
3 7
4 7

1 8
2 2
3 8
4 1

1 5
2 4
3 0
4 1

1 1
2 3
3 1
4 0

1 2
2 1
3 7
4 7

1 8
2 2
3 8
4 1

1 5
2 4
3 0
4 1

1 1
2 3
3 1
4 0

1 2
2 1
3 7
4 7