1 0
2 0
3 0
4 0

1 5
2 8
3 3
4 4

1 8
2 6
3 1
4 8

1 3
2 0
3 1
4 3

1 4
2 2
3 7
4 1

1 4
2 3
3 2
4 1

1 6
2 1
3 1
4 0

1 5
2 8
3 3
4 4

1 8
2 6
3 1
4 8

1 3
2 0
3 1
4 3

1 4
2 2
3 7
4 1

1 4
2 3
3 2
4 1

1 6
2 1
3 1
4 0

1 5
2 8
3 3
4 4

1 8
2 6
3 1
4 8

1 3
2 0
3 1
4 3

1 4
2 2
3 7
4 1

1 4
2 3
3 2
4 1

1 6
2 1
3 1
4 0

1 5
2 8
3 3
4 4

1 8
2 6
3 1
4 8

1 3
2 0
3 1
4 3

1 4
2 2
3 7
4 1

1 4
2 3
3 2
4 1

1 6
2 1
3 1
4 0

1 5
2 8
3 3
4 4

1 8
2 6
3 1
4 8

1 3
2 0
3 1
4 3

1 4
2 2
3 7
4 1

1 4
2 3
3 2
4 1

1 6
2 1
3 1
4 0

1 5
2 8
3 3
4 4

1 8
2 6
3 1
4 8

1 3
2 0
3 1
4 3

1 4
2 2
3 7
4 1

1 4
2 3
3 2
4 1

1 6
2 1
3 1
4 0

1 5
2 8
3 3
4 4

1 8
2 6
3 1
4 8

1 3
2 0
3 1
4 3

1 4
2 2
3 7
4 1

1 4
2 3
3 2
4 1

1 6
2 1
3 1
4 0

1 5
2 8
3 3
4 4

1 8
2 6
3 1
4 8

1 3
2 0
3 1
4 3

1 4
2 2
3 7
4 1

1 4
2 3
3 2
4 1

1 6
2 1
3 1
4 0

1 5
2 8
3 3
4 4

1 8
2 6
3 1
4 8

1 3
2 0
3 1
4 3

1 4
2 2
3 7
4 1

1 4
2 3
3 2
4 1

1 6
2 1
3 1
4 0

1 5
2 8
3 3
4 4

1 8
2 6
3 1
4 8

1 3
2 0
3 1
4 3

1 4
2 2
3 7
4 1

1 4
2 3
3 2
4 1

1 6
2 1
3 1
4 0

1 5
2 8
3 3
4 4

1 8
2 6
3 1
4 8

1 3
2 0
3 1
4 3

1 4
2 2
3 7
4 1

1 4
2 3
3 2
4 1

1 6
2 1
3 1
4 0

1 5
2 8
3 3
4 4

1 8
2 6
3 1
4 8

1 3
2 0
3 1
4 3

1 4
2 2
3 7
4 1

1 4
2 3
3 2
4 1

1 6
2 1
3 1
4 0

1 5
2 8
3 3
4 4

1 8
2 6
3 1
4 8

1 3
2 0
3 1
4 3

1 4
2 2
3 7
4 1

1 4
2 3
3 2
4 1

1 6
2 1
3 1
4 0

1 5
2 8
3 3
4 4

1 8
2 6
3 1
4 8

1 3
2 0
3 1
4 3

1 4
2 2
3 7
4 1

1 4
2 3
3 2
4 1

1 6
2 1
3 1
4 0

1 5
2 8
3 3
4 4

1 8
2 6
3 1
4 8

1 3
2 0
3 1
4 3

1 4
2 2
3 7
4 1

1 4
2 3
3 2
4 1

1 6
2 1
3 1
4 0

1 5
2 8
3 3
4 4

1 8
2 6
3 1
4 8

1 3
2 0
3 1
4 3

1 4
2 2
3 7
4 1

1 4
2 3
3 2
4 1

1 6
2 1
3 1
4 0

1 5
2 8
3 3
4 4

1 8
2 6
3 1
4 8

1 3
2 0
3 1
4 3

1 4
2 2
3 7
4 1

1 4
2 3
3 2
4 1

1 6
2 1
3 1
4 0

1 5
2 8
3 3
4 4

1 8
2 6
3 1
4 8

1 3
2 0
3 1
4 3

1 4
2 2
3 7
4 1

1 4
2 3
3 2
4 1

1 6
2 1
3 1
4 0

1 5
2 8
3 3
4 4

1 8
2 6
3 1
4 8

1 3
2 0
3 1
4 3

1 4
2 2
3 7
4 1

1 4
2 3
3 2
4 1

1 6
2 1
3 1
4 0

1 5
2 8
3 3
4 4

1 8
2 6
3 1
4 8

1 3
2 0
3 1
4 3

1 4
2 2
3 7
4 1

1 4
2 3
3 2
4 1

1 6
2 1
3 1
4 0