1 0
2 0
3 0
4 0
5 0
6 0
7 0
8 0
9 0
10 0
11 0
12 0
13 0
14 0
15 0
16 0

1 1
2 5
3 2
4 4
5 1
6 6
7 3
8 9
9 1
10 4
11 2
12 1
13 9
14 9
15 8
16 7

1 1
2 7
3 4
4 9
5 9
6 6
7 2
8 9
9 6
10 4
11 4
12 2
13 0
14 8
15 1
16 3

1 3
2 4
3 7
4 3
5 6
6 2
7 8
8 1
9 2
10 4
11 9
12 2
13 3
14 3
15 8
16 3

1 0
2 6
3 8
4 4
5 7
6 0
7 7
8 4
9 8
10 8
11 1
12 5
13 8
14 2
15 0
16 6

1 1
2 5
3 2
4 4
5 1
6 6
7 3
8 9
9 1
10 4
11 2
12 1
13 9
14 9
15 8
16 7

1 1
2 7
3 4
4 9
5 9
6 6
7 2
8 9
9 6
10 4
11 4
12 2
13 0
14 8
15 1
16 3

1 3
2 4
3 7
4 3
5 6
6 2
7 8
8 1
9 2
10 4
11 9
12 2
13 3
14 3
15 8
16 3

1 0
2 6
3 8
4 4
5 7
6 0
7 7
8 4
9 8
10 8
11 1
12 5
13 8
14 2
15 0
16 6

1 1
2 5
3 2
4 4
5 1
6 6
7 3
8 9
9 1
10 4
11 2
12 1
13 9
14 9
15 8
16 7

1 1
2 7
3 4
4 9
5 9
6 6
7 2
8 9
9 6
10 4
11 4
12 2
13 0
14 8
15 1
16 3

1 3
2 4
3 7
4 3
5 6
6 2
7 8
8 1
9 2
10 4
11 9
12 2
13 3
14 3
15 8
16 3

1 0
2 6
3 8
4 4
5 7
6 0
7 7
8 4
9 8
10 8
11 1
12 5
13 8
14 2
15 0
16 6

1 1
2 5
3 2
4 4
5 1
6 6
7 3
8 9
9 1
10 4
11 2
12 1
13 9
14 9
15 8
16 7

1 1
2 7
3 4
4 9
5 9
6 6
7 2
8 9
9 6
10 4
11 4
12 2
13 0
14 8
15 1
16 3

1 3
2 4
3 7
4 3
5 6
6 2
7 8
8 1
9 2
10 4
11 9
12 2
13 3
14 3
15 8
16 3

1 0
2 6
3 8
4 4
5 7
6 0
7 7
8 4
9 8
10 8
11 1
12 5
13 8
14 2
15 0
16 6

1 1
2 5
3 2
4 4
5 1
6 6
7 3
8 9
9 1
10 4
11 2
12 1
13 9
14 9
15 8
16 7

1 1
2 7
3 4
4 9
5 9
6 6
7 2
8 9
9 6
10 4
11 4
12 2
13 0
14 8
15 1
16 3

1 3
2 4
3 7
4 3
5 6
6 2
7 8
8 1
9 2
10 4
11 9
12 2
13 3
14 3
15 8
16 3

1 0
2 6
3 8
4 4
5 7
6 0
7 7
8 4
9 8
10 8
11 1
12 5
13 8
14 2
15 0
16 6

1 1
2 5
3 2
4 4
5 1
6 6
7 3
8 9
9 1
10 4
11 2
12 1
13 9
14 9
15 8
16 7

1 1
2 7
3 4
4 9
5 9
6 6
7 2
8 9
9 6
10 4
11 4
12 2
13 0
14 8
15 1
16 3

1 3
2 4
3 7
4 3
5 6
6 2
7 8
8 1
9 2
10 4
11 9
12 2
13 3
14 3
15 8
16 3

1 0
2 6
3 8
4 4
5 7
6 0
7 7
8 4
9 8
10 8
11 1
12 5
13 8
14 2
15 0
16 6

1 1
2 5
3 2
4 4
5 1
6 6
7 3
8 9
9 1
10 4
11 2
12 1
13 9
14 9
15 8
16 7

1 1
2 7
3 4
4 9
5 9
6 6
7 2
8 9
9 6
10 4
11 4
12 2
13 0
14 8
15 1
16 3

1 3
2 4
3 7
4 3
5 6
6 2
7 8
8 1
9 2
10 4
11 9
12 2
13 3
14 3
15 8
16 3

1 0
2 6
3 8
4 4
5 7
6 0
7 7
8 4
9 8
10 8
11 1
12 5
13 8
14 2
15 0
16 6

1 1
2 5
3 2
4 4
5 1
6 6
7 3
8 9
9 1
10 4
11 2
12 1
13 9
14 9
15 8
16 7

1 1
2 7
3 4
4 9
5 9
6 6
7 2
8 9
9 6
10 4
11 4
12 2
13 0
14 8
15 1
16 3

1 3
2 4
3 7
4 3
5 6
6 2
7 8
8 1
9 2
10 4
11 9
12 2
13 3
14 3
15 8
16 3

1 0
2 6
3 8
4 4
5 7
6 0
7 7
8 4
9 8
10 8
11 1
12 5
13 8
14 2
15 0
16 6

1 1
2 5
3 2
4 4
5 1
6 6
7 3
8 9
9 1
10 4
11 2
12 1
13 9
14 9
15 8
16 7

1 1
2 7
3 4
4 9
5 9
6 6
7 2
8 9
9 6
10 4
11 4
12 2
13 0
14 8
15 1
16 3

1 3
2 4
3 7
4 3
5 6
6 2
7 8
8 1
9 2
10 4
11 9
12 2
13 3
14 3
15 8
16 3

1 0
2 6
3 8
4 4
5 7
6 0
7 7
8 4
9 8
10 8
11 1
12 5
13 8
14 2
15 0
16 6

1 1
2 5
3 2
4 4
5 1
6 6
7 3
8 9
9 1
10 4
11 2
12 1
13 9
14 9
15 8
16 7

1 1
2 7
3 4
4 9
5 9
6 6
7 2
8 9
9 6
10 4
11 4
12 2
13 0
14 8
15 1
16 3

1 3
2 4
3 7
4 3
5 6
6 2
7 8
8 1
9 2
10 4
11 9
12 2
13 3
14 3
15 8
16 3

1 0
2 6
3 8
4 4
5 7
6 0
7 7
8 4
9 8
10 8
11 1
12 5
13 8
14 2
15 0
16 6

1 1
2 5
3 2
4 4
5 1
6 6
7 3
8 9
9 1
10 4
11 2
12 1
13 9
14 9
15 8
16 7

1 1
2 7
3 4
4 9
5 9
6 6
7 2
8 9
9 6
10 4
11 4
12 2
13 0
14 8
15 1
16 3

1 3
2 4
3 7
4 3
5 6
6 2
7 8
8 1
9 2
10 4
11 9
12 2
13 3
14 3
15 8
16 3

1 0
2 6
3 8
4 4
5 7
6 0
7 7
8 4
9 8
10 8
11 1
12 5
13 8
14 2
15 0
16 6

1 1
2 5
3 2
4 4
5 1
6 6
7 3
8 9
9 1
10 4
11 2
12 1
13 9
14 9
15 8
16 7

1 1
2 7
3 4
4 9
5 9
6 6
7 2
8 9
9 6
10 4
11 4
12 2
13 0
14 8
15 1
16 3

1 3
2 4
3 7
4 3
5 6
6 2
7 8
8 1
9 2
10 4
11 9
12 2
13 3
14 3
15 8
16 3

1 0
2 6
3 8
4 4
5 7
6 0
7 7
8 4
9 8
10 8
11 1
12 5
13 8
14 2
15 0
16 6

1 1
2 5
3 2
4 4
5 1
6 6
7 3
8 9
9 1
10 4
11 2
12 1
13 9
14 9
15 8
16 7

1 1
2 7
3 4
4 9
5 9
6 6
7 2
8 9
9 6
10 4
11 4
12 2
13 0
14 8
15 1
16 3

1 3
2 4
3 7
4 3
5 6
6 2
7 8
8 1
9 2
10 4
11 9
12 2
13 3
14 3
15 8
16 3

1 0
2 6
3 8
4 4
5 7
6 0
7 7
8 4
9 8
10 8
11 1
12 5
13 8
14 2
15 0
16 6

1 1
2 5
3 2
4 4
5 1
6 6
7 3
8 9
9 1
10 4
11 2
12 1
13 9
14 9
15 8
16 7

1 1
2 7
3 4
4 9
5 9
6 6
7 2
8 9
9 6
10 4
11 4
12 2
13 0
14 8
15 1
16 3

1 3
2 4
3 7
4 3
5 6
6 2
7 8
8 1
9 2
10 4
11 9
12 2
13 3
14 3
15 8
16 3

1 0
2 6
3 8
4 4
5 7
6 0
7 7
8 4
9 8
10 8
11 1
12 5
13 8
14 2
15 0
16 6

1 1
2 5
3 2
4 4
5 1
6 6
7 3
8 9
9 1
10 4
11 2
12 1
13 9
14 9
15 8
16 7

1 1
2 7
3 4
4 9
5 9
6 6
7 2
8 9
9 6
10 4
11 4
12 2
13 0
14 8
15 1
16 3

1 3
2 4
3 7
4 3
5 6
6 2
7 8
8 1
9 2
10 4
11 9
12 2
13 3
14 3
15 8
16 3

1 0
2 6
3 8
4 4
5 7
6 0
7 7
8 4
9 8
10 8
11 1
12 5
13 8
14 2
15 0
16 6

1 1
2 5
3 2
4 4
5 1
6 6
7 3
8 9
9 1
10 4
11 2
12 1
13 9
14 9
15 8
16 7

1 1
2 7
3 4
4 9
5 9
6 6
7 2
8 9
9 6
10 4
11 4
12 2
13 0
14 8
15 1
16 3

1 3
2 4
3 7
4 3
5 6
6 2
7 8
8 1
9 2
10 4
11 9
12 2
13 3
14 3
15 8
16 3

1 0
2 6
3 8
4 4
5 7
6 0
7 7
8 4
9 8
10 8
11 1
12 5
13 8
14 2
15 0
16 6

1 1
2 5
3 2
4 4
5 1
6 6
7 3
8 9
9 1
10 4
11 2
12 1
13 9
14 9
15 8
16 7

1 1
2 7
3 4
4 9
5 9
6 6
7 2
8 9
9 6
10 4
11 4
12 2
13 0
14 8
15 1
16 3

1 3
2 4
3 7
4 3
5 6
6 2
7 8
8 1
9 2
10 4
11 9
12 2
13 3
14 3
15 8
16 3

1 0
2 6
3 8
4 4
5 7
6 0
7 7
8 4
9 8
10 8
11 1
12 5
13 8
14 2
15 0
16 6

1 1
2 5
3 2
4 4
5 1
6 6
7 3
8 9
9 1
10 4
11 2
12 1
13 9
14 9
15 8
16 7

1 1
2 7
3 4
4 9
5 9
6 6
7 2
8 9
9 6
10 4
11 4
12 2
13 0
14 8
15 1
16 3

1 3
2 4
3 7
4 3
5 6
6 2
7 8
8 1
9 2
10 4
11 9
12 2
13 3
14 3
15 8
16 3

1 0
2 6
3 8
4 4
5 7
6 0
7 7
8 4
9 8
10 8
11 1
12 5
13 8
14 2
15 0
16 6

1 1
2 5
3 2
4 4
5 1
6 6
7 3
8 9
9 1
10 4
11 2
12 1
13 9
14 9
15 8
16 7

1 1
2 7
3 4
4 9
5 9
6 6
7 2
8 9
9 6
10 4
11 4
12 2
13 0
14 8
15 1
16 3

1 3
2 4
3 7
4 3
5 6
6 2
7 8
8 1
9 2
10 4
11 9
12 2
13 3
14 3
15 8
16 3

1 0
2 6
3 8
4 4
5 7
6 0
7 7
8 4
9 8
10 8
11 1
12 5
13 8
14 2
15 0
16 6

1 1
2 5
3 2
4 4
5 1
6 6
7 3
8 9
9 1
10 4
11 2
12 1
13 9
14 9
15 8
16 7

1 1
2 7
3 4
4 9
5 9
6 6
7 2
8 9
9 6
10 4
11 4
12 2
13 0
14 8
15 1
16 3

1 3
2 4
3 7
4 3
5 6
6 2
7 8
8 1
9 2
10 4
11 9
12 2
13 3
14 3
15 8
16 3

1 0
2 6
3 8
4 4
5 7
6 0
7 7
8 4
9 8
10 8
11 1
12 5
13 8
14 2
15 0
16 6