1 0
2 0
3 0
4 0
5 0
6 0
7 0
8 0
9 0
10 0
11 0
12 0
13 0
14 0
15 0
16 0

1 7
2 6
3 0
4 9
5 8
6 4
7 8
8 3
9 0
10 8
11 6
12 6
13 3
14 9
15 4
16 3

1 1
2 4
3 8
4 4
5 8
6 3
7 7
8 6
9 5
10 3
11 4
12 7
13 1
14 1
15 5
16 7

1 3
2 7
3 7
4 5
5 8
6 4
7 6
8 6
9 8
10 9
11 2
12 1
13 6
14 8
15 3
16 5

1 8
2 6
3 7
4 9
5 0
6 8
7 2
8 5
9 0
10 5
11 2
12 2
13 8
14 8
15 6
16 1

1 8
2 6
3 2
4 2
5 9
6 9
7 9
8 0
9 2
10 3
11 3
12 1
13 9
14 7
15 7
16 3

1 2
2 8
3 3
4 6
5 3
6 9
7 6
8 5
9 3
10 4
11 5
12 8
13 3
14 8
15 3
16 2

1 7
2 6
3 0
4 9
5 8
6 4
7 8
8 3
9 0
10 8
11 6
12 6
13 3
14 9
15 4
16 3

1 1
2 4
3 8
4 4
5 8
6 3
7 7
8 6
9 5
10 3
11 4
12 7
13 1
14 1
15 5
16 7

1 3
2 7
3 7
4 5
5 8
6 4
7 6
8 6
9 8
10 9
11 2
12 1
13 6
14 8
15 3
16 5

1 8
2 6
3 7
4 9
5 0
6 8
7 2
8 5
9 0
10 5
11 2
12 2
13 8
14 8
15 6
16 1

1 8
2 6
3 2
4 2
5 9
6 9
7 9
8 0
9 2
10 3
11 3
12 1
13 9
14 7
15 7
16 3

1 2
2 8
3 3
4 6
5 3
6 9
7 6
8 5
9 3
10 4
11 5
12 8
13 3
14 8
15 3
16 2

1 7
2 6
3 0
4 9
5 8
6 4
7 8
8 3
9 0
10 8
11 6
12 6
13 3
14 9
15 4
16 3

1 1
2 4
3 8
4 4
5 8
6 3
7 7
8 6
9 5
10 3
11 4
12 7
13 1
14 1
15 5
16 7

1 3
2 7
3 7
4 5
5 8
6 4
7 6
8 6
9 8
10 9
11 2
12 1
13 6
14 8
15 3
16 5

1 8
2 6
3 7
4 9
5 0
6 8
7 2
8 5
9 0
10 5
11 2
12 2
13 8
14 8
15 6
16 1

1 8
2 6
3 2
4 2
5 9
6 9
7 9
8 0
9 2
10 3
11 3
12 1
13 9
14 7
15 7
16 3

1 2
2 8
3 3
4 6
5 3
6 9
7 6
8 5
9 3
10 4
11 5
12 8
13 3
14 8
15 3
16 2

1 7
2 6
3 0
4 9
5 8
6 4
7 8
8 3
9 0
10 8
11 6
12 6
13 3
14 9
15 4
16 3

1 1
2 4
3 8
4 4
5 8
6 3
7 7
8 6
9 5
10 3
11 4
12 7
13 1
14 1
15 5
16 7

1 3
2 7
3 7
4 5
5 8
6 4
7 6
8 6
9 8
10 9
11 2
12 1
13 6
14 8
15 3
16 5

1 8
2 6
3 7
4 9
5 0
6 8
7 2
8 5
9 0
10 5
11 2
12 2
13 8
14 8
15 6
16 1

1 8
2 6
3 2
4 2
5 9
6 9
7 9
8 0
9 2
10 3
11 3
12 1
13 9
14 7
15 7
16 3

1 2
2 8
3 3
4 6
5 3
6 9
7 6
8 5
9 3
10 4
11 5
12 8
13 3
14 8
15 3
16 2

1 7
2 6
3 0
4 9
5 8
6 4
7 8
8 3
9 0
10 8
11 6
12 6
13 3
14 9
15 4
16 3

1 1
2 4
3 8
4 4
5 8
6 3
7 7
8 6
9 5
10 3
11 4
12 7
13 1
14 1
15 5
16 7

1 3
2 7
3 7
4 5
5 8
6 4
7 6
8 6
9 8
10 9
11 2
12 1
13 6
14 8
15 3
16 5

1 8
2 6
3 7
4 9
5 0
6 8
7 2
8 5
9 0
10 5
11 2
12 2
13 8
14 8
15 6
16 1

1 8
2 6
3 2
4 2
5 9
6 9
7 9
8 0
9 2
10 3
11 3
12 1
13 9
14 7
15 7
16 3

1 2
2 8
3 3
4 6
5 3
6 9
7 6
8 5
9 3
10 4
11 5
12 8
13 3
14 8
15 3
16 2

1 7
2 6
3 0
4 9
5 8
6 4
7 8
8 3
9 0
10 8
11 6
12 6
13 3
14 9
15 4
16 3

1 1
2 4
3 8
4 4
5 8
6 3
7 7
8 6
9 5
10 3
11 4
12 7
13 1
14 1
15 5
16 7

1 3
2 7
3 7
4 5
5 8
6 4
7 6
8 6
9 8
10 9
11 2
12 1
13 6
14 8
15 3
16 5

1 8
2 6
3 7
4 9
5 0
6 8
7 2
8 5
9 0
10 5
11 2
12 2
13 8
14 8
15 6
16 1

1 8
2 6
3 2
4 2
5 9
6 9
7 9
8 0
9 2
10 3
11 3
12 1
13 9
14 7
15 7
16 3

1 2
2 8
3 3
4 6
5 3
6 9
7 6
8 5
9 3
10 4
11 5
12 8
13 3
14 8
15 3
16 2

1 7
2 6
3 0
4 9
5 8
6 4
7 8
8 3
9 0
10 8
11 6
12 6
13 3
14 9
15 4
16 3

1 1
2 4
3 8
4 4
5 8
6 3
7 7
8 6
9 5
10 3
11 4
12 7
13 1
14 1
15 5
16 7

1 3
2 7
3 7
4 5
5 8
6 4
7 6
8 6
9 8
10 9
11 2
12 1
13 6
14 8
15 3
16 5

1 8
2 6
3 7
4 9
5 0
6 8
7 2
8 5
9 0
10 5
11 2
12 2
13 8
14 8
15 6
16 1

1 8
2 6
3 2
4 2
5 9
6 9
7 9
8 0
9 2
10 3
11 3
12 1
13 9
14 7
15 7
16 3

1 2
2 8
3 3
4 6
5 3
6 9
7 6
8 5
9 3
10 4
11 5
12 8
13 3
14 8
15 3
16 2

1 7
2 6
3 0
4 9
5 8
6 4
7 8
8 3
9 0
10 8
11 6
12 6
13 3
14 9
15 4
16 3

1 1
2 4
3 8
4 4
5 8
6 3
7 7
8 6
9 5
10 3
11 4
12 7
13 1
14 1
15 5
16 7

1 3
2 7
3 7
4 5
5 8
6 4
7 6
8 6
9 8
10 9
11 2
12 1
13 6
14 8
15 3
16 5

1 8
2 6
3 7
4 9
5 0
6 8
7 2
8 5
9 0
10 5
11 2
12 2
13 8
14 8
15 6
16 1

1 8
2 6
3 2
4 2
5 9
6 9
7 9
8 0
9 2
10 3
11 3
12 1
13 9
14 7
15 7
16 3

1 2
2 8
3 3
4 6
5 3
6 9
7 6
8 5
9 3
10 4
11 5
12 8
13 3
14 8
15 3
16 2

1 7
2 6
3 0
4 9
5 8
6 4
7 8
8 3
9 0
10 8
11 6
12 6
13 3
14 9
15 4
16 3

1 1
2 4
3 8
4 4
5 8
6 3
7 7
8 6
9 5
10 3
11 4
12 7
13 1
14 1
15 5
16 7

1 3
2 7
3 7
4 5
5 8
6 4
7 6
8 6
9 8
10 9
11 2
12 1
13 6
14 8
15 3
16 5

1 8
2 6
3 7
4 9
5 0
6 8
7 2
8 5
9 0
10 5
11 2
12 2
13 8
14 8
15 6
16 1

1 8
2 6
3 2
4 2
5 9
6 9
7 9
8 0
9 2
10 3
11 3
12 1
13 9
14 7
15 7
16 3

1 2
2 8
3 3
4 6
5 3
6 9
7 6
8 5
9 3
10 4
11 5
12 8
13 3
14 8
15 3
16 2

1 7
2 6
3 0
4 9
5 8
6 4
7 8
8 3
9 0
10 8
11 6
12 6
13 3
14 9
15 4
16 3

1 1
2 4
3 8
4 4
5 8
6 3
7 7
8 6
9 5
10 3
11 4
12 7
13 1
14 1
15 5
16 7

1 3
2 7
3 7
4 5
5 8
6 4
7 6
8 6
9 8
10 9
11 2
12 1
13 6
14 8
15 3
16 5

1 8
2 6
3 7
4 9
5 0
6 8
7 2
8 5
9 0
10 5
11 2
12 2
13 8
14 8
15 6
16 1

1 8
2 6
3 2
4 2
5 9
6 9
7 9
8 0
9 2
10 3
11 3
12 1
13 9
14 7
15 7
16 3

1 2
2 8
3 3
4 6
5 3
6 9
7 6
8 5
9 3
10 4
11 5
12 8
13 3
14 8
15 3
16 2

1 7
2 6
3 0
4 9
5 8
6 4
7 8
8 3
9 0
10 8
11 6
12 6
13 3
14 9
15 4
16 3

1 1
2 4
3 8
4 4
5 8
6 3
7 7
8 6
9 5
10 3
11 4
12 7
13 1
14 1
15 5
16 7

1 3
2 7
3 7
4 5
5 8
6 4
7 6
8 6
9 8
10 9
11 2
12 1
13 6
14 8
15 3
16 5

1 8
2 6
3 7
4 9
5 0
6 8
7 2
8 5
9 0
10 5
11 2
12 2
13 8
14 8
15 6
16 1

1 8
2 6
3 2
4 2
5 9
6 9
7 9
8 0
9 2
10 3
11 3
12 1
13 9
14 7
15 7
16 3

1 2
2 8
3 3
4 6
5 3
6 9
7 6
8 5
9 3
10 4
11 5
12 8
13 3
14 8
15 3
16 2

1 7
2 6
3 0
4 9
5 8
6 4
7 8
8 3
9 0
10 8
11 6
12 6
13 3
14 9
15 4
16 3

1 1
2 4
3 8
4 4
5 8
6 3
7 7
8 6
9 5
10 3
11 4
12 7
13 1
14 1
15 5
16 7

1 3
2 7
3 7
4 5
5 8
6 4
7 6
8 6
9 8
10 9
11 2
12 1
13 6
14 8
15 3
16 5

1 8
2 6
3 7
4 9
5 0
6 8
7 2
8 5
9 0
10 5
11 2
12 2
13 8
14 8
15 6
16 1

1 8
2 6
3 2
4 2
5 9
6 9
7 9
8 0
9 2
10 3
11 3
12 1
13 9
14 7
15 7
16 3

1 2
2 8
3 3
4 6
5 3
6 9
7 6
8 5
9 3
10 4
11 5
12 8
13 3
14 8
15 3
16 2

1 7
2 6
3 0
4 9
5 8
6 4
7 8
8 3
9 0
10 8
11 6
12 6
13 3
14 9
15 4
16 3

1 1
2 4
3 8
4 4
5 8
6 3
7 7
8 6
9 5
10 3
11 4
12 7
13 1
14 1
15 5
16 7

1 3
2 7
3 7
4 5
5 8
6 4
7 6
8 6
9 8
10 9
11 2
12 1
13 6
14 8
15 3
16 5

1 8
2 6
3 7
4 9
5 0
6 8
7 2
8 5
9 0
10 5
11 2
12 2
13 8
14 8
15 6
16 1

1 8
2 6
3 2
4 2
5 9
6 9
7 9
8 0
9 2
10 3
11 3
12 1
13 9
14 7
15 7
16 3

1 2
2 8
3 3
4 6
5 3
6 9
7 6
8 5
9 3
10 4
11 5
12 8
13 3
14 8
15 3
16 2

1 7
2 6
3 0
4 9
5 8
6 4
7 8
8 3
9 0
10 8
11 6
12 6
13 3
14 9
15 4
16 3

1 1
2 4
3 8
4 4
5 8
6 3
7 7
8 6
9 5
10 3
11 4
12 7
13 1
14 1
15 5
16 7

1 3
2 7
3 7
4 5
5 8
6 4
7 6
8 6
9 8
10 9
11 2
12 1
13 6
14 8
15 3
16 5

1 8
2 6
3 7
4 9
5 0
6 8
7 2
8 5
9 0
10 5
11 2
12 2
13 8
14 8
15 6
16 1

1 8
2 6
3 2
4 2
5 9
6 9
7 9
8 0
9 2
10 3
11 3
12 1
13 9
14 7
15 7
16 3

1 2
2 8
3 3
4 6
5 3
6 9
7 6
8 5
9 3
10 4
11 5
12 8
13 3
14 8
15 3
16 2

1 7
2 6
3 0
4 9
5 8
6 4
7 8
8 3
9 0
10 8
11 6
12 6
13 3
14 9
15 4
16 3

1 1
2 4
3 8
4 4
5 8
6 3
7 7
8 6
9 5
10 3
11 4
12 7
13 1
14 1
15 5
16 7

1 3
2 7
3 7
4 5
5 8
6 4
7 6
8 6
9 8
10 9
11 2
12 1
13 6
14 8
15 3
16 5

1 8
2 6
3 7
4 9
5 0
6 8
7 2
8 5
9 0
10 5
11 2
12 2
13 8
14 8
15 6
16 1

1 8
2 6
3 2
4 2
5 9
6 9
7 9
8 0
9 2
10 3
11 3
12 1
13 9
14 7
15 7
16 3

1 2
2 8
3 3
4 6
5 3
6 9
7 6
8 5
9 3
10 4
11 5
12 8
13 3
14 8
15 3
16 2