1 0
2 0
3 0
4 0

1 15
2 20
3 15
4 15

1 12
2 11
3 18
4 17

1 10
2 15
3 11
4 19

1 10
2 12
3 18
4 15

1 15
2 12
3 19
4 12

1 13
2 11
3 11
4 14

1 15
2 20
3 15
4 15

1 12
2 11
3 18
4 17

1 10
2 15
3 11
4 19

1 10
2 12
3 18
4 15

1 15
2 12
3 19
4 12

1 13
2 11
3 11
4 14

1 15
2 20
3 15
4 15

1 12
2 11
3 18
4 17

1 10
2 15
3 11
4 19

1 10
2 12
3 18
4 15

1 15
2 12
3 19
4 12

1 13
2 11
3 11
4 14

1 15
2 20
3 15
4 15

1 12
2 11
3 18
4 17

1 10
2 15
3 11
4 19

1 10
2 12
3 18
4 15

1 15
2 12
3 19
4 12

1 13
2 11
3 11
4 14

1 15
2 20
3 15
4 15

1 12
2 11
3 18
4 17

1 10
2 15
3 11
4 19

1 10
2 12
3 18
4 15

1 15
2 12
3 19
4 12

1 13
2 11
3 11
4 14

1 15
2 20
3 15
4 15

1 12
2 11
3 18
4 17

1 10
2 15
3 11
4 19

1 10
2 12
3 18
4 15

1 15
2 12
3 19
4 12

1 13
2 11
3 11
4 14

1 15
2 20
3 15
4 15

1 12
2 11
3 18
4 17

1 10
2 15
3 11
4 19

1 10
2 12
3 18
4 15

1 15
2 12
3 19
4 12

1 13
2 11
3 11
4 14

1 15
2 20
3 15
4 15

1 12
2 11
3 18
4 17

1 10
2 15
3 11
4 19

1 10
2 12
3 18
4 15

1 15
2 12
3 19
4 12

1 13
2 11
3 11
4 14

1 15
2 20
3 15
4 15

1 12
2 11
3 18
4 17

1 10
2 15
3 11
4 19

1 10
2 12
3 18
4 15

1 15
2 12
3 19
4 12

1 13
2 11
3 11
4 14

1 15
2 20
3 15
4 15

1 12
2 11
3 18
4 17

1 10
2 15
3 11
4 19

1 10
2 12
3 18
4 15

1 15
2 12
3 19
4 12

1 13
2 11
3 11
4 14

1 15
2 20
3 15
4 15

1 12
2 11
3 18
4 17

1 10
2 15
3 11
4 19

1 10
2 12
3 18
4 15

1 15
2 12
3 19
4 12

1 13
2 11
3 11
4 14

1 15
2 20
3 15
4 15

1 12
2 11
3 18
4 17

1 10
2 15
3 11
4 19

1 10
2 12
3 18
4 15

1 15
2 12
3 19
4 12

1 13
2 11
3 11
4 14

1 15
2 20
3 15
4 15

1 12
2 11
3 18
4 17

1 10
2 15
3 11
4 19

1 10
2 12
3 18
4 15

1 15
2 12
3 19
4 12

1 13
2 11
3 11
4 14

1 15
2 20
3 15
4 15

1 12
2 11
3 18
4 17

1 10
2 15
3 11
4 19

1 10
2 12
3 18
4 15

1 15
2 12
3 19
4 12

1 13
2 11
3 11
4 14

1 15
2 20
3 15
4 15

1 12
2 11
3 18
4 17

1 10
2 15
3 11
4 19

1 10
2 12
3 18
4 15

1 15
2 12
3 19
4 12

1 13
2 11
3 11
4 14