1 0
2 0
3 0
4 0
5 0
6 0
7 0
8 0
9 0
10 0
11 0
12 0
13 0
14 0
15 0
16 0

1 10
2 11
3 11
4 18
5 12
6 10
7 10
8 11
9 10
10 14
11 17
12 15
13 11
14 19
15 14
16 12

1 11
2 10
3 10
4 14
5 10
6 12
7 16
8 16
9 18
10 10
11 14
12 12
13 14
14 16
15 16
16 12

1 10
2 11
3 11
4 18
5 12
6 10
7 10
8 11
9 10
10 14
11 17
12 15
13 11
14 19
15 14
16 12

1 11
2 10
3 10
4 14
5 10
6 12
7 16
8 16
9 18
10 10
11 14
12 12
13 14
14 16
15 16
16 12

1 10
2 11
3 11
4 18
5 12
6 10
7 10
8 11
9 10
10 14
11 17
12 15
13 11
14 19
15 14
16 12

1 11
2 10
3 10
4 14
5 10
6 12
7 16
8 16
9 18
10 10
11 14
12 12
13 14
14 16
15 16
16 12

1 10
2 11
3 11
4 18
5 12
6 10
7 10
8 11
9 10
10 14
11 17
12 15
13 11
14 19
15 14
16 12

1 11
2 10
3 10
4 14
5 10
6 12
7 16
8 16
9 18
10 10
11 14
12 12
13 14
14 16
15 16
16 12

1 10
2 11
3 11
4 18
5 12
6 10
7 10
8 11
9 10
10 14
11 17
12 15
13 11
14 19
15 14
16 12

1 11
2 10
3 10
4 14
5 10
6 12
7 16
8 16
9 18
10 10
11 14
12 12
13 14
14 16
15 16
16 12

1 10
2 11
3 11
4 18
5 12
6 10
7 10
8 11
9 10
10 14
11 17
12 15
13 11
14 19
15 14
16 12

1 11
2 10
3 10
4 14
5 10
6 12
7 16
8 16
9 18
10 10
11 14
12 12
13 14
14 16
15 16
16 12

1 10
2 11
3 11
4 18
5 12
6 10
7 10
8 11
9 10
10 14
11 17
12 15
13 11
14 19
15 14
16 12

1 11
2 10
3 10
4 14
5 10
6 12
7 16
8 16
9 18
10 10
11 14
12 12
13 14
14 16
15 16
16 12

1 10
2 11
3 11
4 18
5 12
6 10
7 10
8 11
9 10
10 14
11 17
12 15
13 11
14 19
15 14
16 12

1 11
2 10
3 10
4 14
5 10
6 12
7 16
8 16
9 18
10 10
11 14
12 12
13 14
14 16
15 16
16 12

1 10
2 11
3 11
4 18
5 12
6 10
7 10
8 11
9 10
10 14
11 17
12 15
13 11
14 19
15 14
16 12

1 11
2 10
3 10
4 14
5 10
6 12
7 16
8 16
9 18
10 10
11 14
12 12
13 14
14 16
15 16
16 12

1 10
2 11
3 11
4 18
5 12
6 10
7 10
8 11
9 10
10 14
11 17
12 15
13 11
14 19
15 14
16 12

1 11
2 10
3 10
4 14
5 10
6 12
7 16
8 16
9 18
10 10
11 14
12 12
13 14
14 16
15 16
16 12

1 10
2 11
3 11
4 18
5 12
6 10
7 10
8 11
9 10
10 14
11 17
12 15
13 11
14 19
15 14
16 12

1 11
2 10
3 10
4 14
5 10
6 12
7 16
8 16
9 18
10 10
11 14
12 12
13 14
14 16
15 16
16 12

1 10
2 11
3 11
4 18
5 12
6 10
7 10
8 11
9 10
10 14
11 17
12 15
13 11
14 19
15 14
16 12

1 11
2 10
3 10
4 14
5 10
6 12
7 16
8 16
9 18
10 10
11 14
12 12
13 14
14 16
15 16
16 12

1 10
2 11
3 11
4 18
5 12
6 10
7 10
8 11
9 10
10 14
11 17
12 15
13 11
14 19
15 14
16 12

1 11
2 10
3 10
4 14
5 10
6 12
7 16
8 16
9 18
10 10
11 14
12 12
13 14
14 16
15 16
16 12

1 10
2 11
3 11
4 18
5 12
6 10
7 10
8 11
9 10
10 14
11 17
12 15
13 11
14 19
15 14
16 12

1 11
2 10
3 10
4 14
5 10
6 12
7 16
8 16
9 18
10 10
11 14
12 12
13 14
14 16
15 16
16 12

1 10
2 11
3 11
4 18
5 12
6 10
7 10
8 11
9 10
10 14
11 17
12 15
13 11
14 19
15 14
16 12

1 11
2 10
3 10
4 14
5 10
6 12
7 16
8 16
9 18
10 10
11 14
12 12
13 14
14 16
15 16
16 12

1 10
2 11
3 11
4 18
5 12
6 10
7 10
8 11
9 10
10 14
11 17
12 15
13 11
14 19
15 14
16 12

1 11
2 10
3 10
4 14
5 10
6 12
7 16
8 16
9 18
10 10
11 14
12 12
13 14
14 16
15 16
16 12

1 10
2 11
3 11
4 18
5 12
6 10
7 10
8 11
9 10
10 14
11 17
12 15
13 11
14 19
15 14
16 12

1 11
2 10
3 10
4 14
5 10
6 12
7 16
8 16
9 18
10 10
11 14
12 12
13 14
14 16
15 16
16 12

1 10
2 11
3 11
4 18
5 12
6 10
7 10
8 11
9 10
10 14
11 17
12 15
13 11
14 19
15 14
16 12

1 11
2 10
3 10
4 14
5 10
6 12
7 16
8 16
9 18
10 10
11 14
12 12
13 14
14 16
15 16
16 12

1 10
2 11
3 11
4 18
5 12
6 10
7 10
8 11
9 10
10 14
11 17
12 15
13 11
14 19
15 14
16 12

1 11
2 10
3 10
4 14
5 10
6 12
7 16
8 16
9 18
10 10
11 14
12 12
13 14
14 16
15 16
16 12

1 10
2 11
3 11
4 18
5 12
6 10
7 10
8 11
9 10
10 14
11 17
12 15
13 11
14 19
15 14
16 12

1 11
2 10
3 10
4 14
5 10
6 12
7 16
8 16
9 18
10 10
11 14
12 12
13 14
14 16
15 16
16 12