1 0
2 0
3 0
4 0

1 16
2 15
3 16
4 13

1 12
2 17
3 20
4 13

1 16
2 15
3 16
4 13

1 12
2 17
3 20
4 13

1 16
2 15
3 16
4 13

1 12
2 17
3 20
4 13

1 16
2 15
3 16
4 13

1 12
2 17
3 20
4 13

1 16
2 15
3 16
4 13

1 12
2 17
3 20
4 13

1 16
2 15
3 16
4 13

1 12
2 17
3 20
4 13

1 16
2 15
3 16
4 13

1 12
2 17
3 20
4 13

1 16
2 15
3 16
4 13

1 12
2 17
3 20
4 13

1 16
2 15
3 16
4 13

1 12
2 17
3 20
4 13

1 16
2 15
3 16
4 13

1 12
2 17
3 20
4 13

1 16
2 15
3 16
4 13

1 12
2 17
3 20
4 13

1 16
2 15
3 16
4 13

1 12
2 17
3 20
4 13

1 16
2 15
3 16
4 13

1 12
2 17
3 20
4 13

1 16
2 15
3 16
4 13

1 12
2 17
3 20
4 13

1 16
2 15
3 16
4 13

1 12
2 17
3 20
4 13

1 16
2 15
3 16
4 13

1 12
2 17
3 20
4 13

1 16
2 15
3 16
4 13

1 12
2 17
3 20
4 13

1 16
2 15
3 16
4 13

1 12
2 17
3 20
4 13

1 16
2 15
3 16
4 13

1 12
2 17
3 20
4 13

1 16
2 15
3 16
4 13

1 12
2 17
3 20
4 13