1 0
2 0
3 0
4 0
5 0
6 0
7 0
8 0
9 0
10 0
11 0
12 0
13 0
14 0
15 0
16 0

1 18
2 19
3 15
4 14
5 12
6 12
7 19
8 12
9 17
10 10
11 18
12 10
13 17
14 18
15 19
16 11

1 19
2 14
3 20
4 10
5 19
6 20
7 17
8 18
9 20
10 19
11 11
12 18
13 18
14 11
15 11
16 11

1 11
2 14
3 14
4 18
5 16
6 14
7 19
8 17
9 18
10 20
11 15
12 17
13 12
14 20
15 17
16 10

1 11
2 17
3 20
4 13
5 10
6 20
7 14
8 11
9 15
10 13
11 15
12 11
13 14
14 14
15 16
16 11

1 18
2 19
3 15
4 14
5 12
6 12
7 19
8 12
9 17
10 10
11 18
12 10
13 17
14 18
15 19
16 11

1 19
2 14
3 20
4 10
5 19
6 20
7 17
8 18
9 20
10 19
11 11
12 18
13 18
14 11
15 11
16 11

1 11
2 14
3 14
4 18
5 16
6 14
7 19
8 17
9 18
10 20
11 15
12 17
13 12
14 20
15 17
16 10

1 11
2 17
3 20
4 13
5 10
6 20
7 14
8 11
9 15
10 13
11 15
12 11
13 14
14 14
15 16
16 11

1 18
2 19
3 15
4 14
5 12
6 12
7 19
8 12
9 17
10 10
11 18
12 10
13 17
14 18
15 19
16 11

1 19
2 14
3 20
4 10
5 19
6 20
7 17
8 18
9 20
10 19
11 11
12 18
13 18
14 11
15 11
16 11

1 11
2 14
3 14
4 18
5 16
6 14
7 19
8 17
9 18
10 20
11 15
12 17
13 12
14 20
15 17
16 10

1 11
2 17
3 20
4 13
5 10
6 20
7 14
8 11
9 15
10 13
11 15
12 11
13 14
14 14
15 16
16 11

1 18
2 19
3 15
4 14
5 12
6 12
7 19
8 12
9 17
10 10
11 18
12 10
13 17
14 18
15 19
16 11

1 19
2 14
3 20
4 10
5 19
6 20
7 17
8 18
9 20
10 19
11 11
12 18
13 18
14 11
15 11
16 11

1 11
2 14
3 14
4 18
5 16
6 14
7 19
8 17
9 18
10 20
11 15
12 17
13 12
14 20
15 17
16 10

1 11
2 17
3 20
4 13
5 10
6 20
7 14
8 11
9 15
10 13
11 15
12 11
13 14
14 14
15 16
16 11

1 18
2 19
3 15
4 14
5 12
6 12
7 19
8 12
9 17
10 10
11 18
12 10
13 17
14 18
15 19
16 11

1 19
2 14
3 20
4 10
5 19
6 20
7 17
8 18
9 20
10 19
11 11
12 18
13 18
14 11
15 11
16 11

1 11
2 14
3 14
4 18
5 16
6 14
7 19
8 17
9 18
10 20
11 15
12 17
13 12
14 20
15 17
16 10

1 11
2 17
3 20
4 13
5 10
6 20
7 14
8 11
9 15
10 13
11 15
12 11
13 14
14 14
15 16
16 11

1 18
2 19
3 15
4 14
5 12
6 12
7 19
8 12
9 17
10 10
11 18
12 10
13 17
14 18
15 19
16 11

1 19
2 14
3 20
4 10
5 19
6 20
7 17
8 18
9 20
10 19
11 11
12 18
13 18
14 11
15 11
16 11

1 11
2 14
3 14
4 18
5 16
6 14
7 19
8 17
9 18
10 20
11 15
12 17
13 12
14 20
15 17
16 10

1 11
2 17
3 20
4 13
5 10
6 20
7 14
8 11
9 15
10 13
11 15
12 11
13 14
14 14
15 16
16 11

1 18
2 19
3 15
4 14
5 12
6 12
7 19
8 12
9 17
10 10
11 18
12 10
13 17
14 18
15 19
16 11

1 19
2 14
3 20
4 10
5 19
6 20
7 17
8 18
9 20
10 19
11 11
12 18
13 18
14 11
15 11
16 11

1 11
2 14
3 14
4 18
5 16
6 14
7 19
8 17
9 18
10 20
11 15
12 17
13 12
14 20
15 17
16 10

1 11
2 17
3 20
4 13
5 10
6 20
7 14
8 11
9 15
10 13
11 15
12 11
13 14
14 14
15 16
16 11

1 18
2 19
3 15
4 14
5 12
6 12
7 19
8 12
9 17
10 10
11 18
12 10
13 17
14 18
15 19
16 11

1 19
2 14
3 20
4 10
5 19
6 20
7 17
8 18
9 20
10 19
11 11
12 18
13 18
14 11
15 11
16 11

1 11
2 14
3 14
4 18
5 16
6 14
7 19
8 17
9 18
10 20
11 15
12 17
13 12
14 20
15 17
16 10

1 11
2 17
3 20
4 13
5 10
6 20
7 14
8 11
9 15
10 13
11 15
12 11
13 14
14 14
15 16
16 11

1 18
2 19
3 15
4 14
5 12
6 12
7 19
8 12
9 17
10 10
11 18
12 10
13 17
14 18
15 19
16 11

1 19
2 14
3 20
4 10
5 19
6 20
7 17
8 18
9 20
10 19
11 11
12 18
13 18
14 11
15 11
16 11

1 11
2 14
3 14
4 18
5 16
6 14
7 19
8 17
9 18
10 20
11 15
12 17
13 12
14 20
15 17
16 10

1 11
2 17
3 20
4 13
5 10
6 20
7 14
8 11
9 15
10 13
11 15
12 11
13 14
14 14
15 16
16 11

1 18
2 19
3 15
4 14
5 12
6 12
7 19
8 12
9 17
10 10
11 18
12 10
13 17
14 18
15 19
16 11

1 19
2 14
3 20
4 10
5 19
6 20
7 17
8 18
9 20
10 19
11 11
12 18
13 18
14 11
15 11
16 11

1 11
2 14
3 14
4 18
5 16
6 14
7 19
8 17
9 18
10 20
11 15
12 17
13 12
14 20
15 17
16 10

1 11
2 17
3 20
4 13
5 10
6 20
7 14
8 11
9 15
10 13
11 15
12 11
13 14
14 14
15 16
16 11