1 0
2 0
3 0
4 0
5 0
6 0
7 0
8 0

1 20
2 18
3 16
4 15
5 11
6 10
7 16
8 17

1 13
2 17
3 16
4 16
5 10
6 12
7 17
8 10

1 18
2 20
3 14
4 18
5 10
6 12
7 14
8 12

1 20
2 10
3 20
4 15
5 18
6 15
7 16
8 17

1 20
2 18
3 16
4 15
5 11
6 10
7 16
8 17

1 13
2 17
3 16
4 16
5 10
6 12
7 17
8 10

1 18
2 20
3 14
4 18
5 10
6 12
7 14
8 12

1 20
2 10
3 20
4 15
5 18
6 15
7 16
8 17

1 20
2 18
3 16
4 15
5 11
6 10
7 16
8 17

1 13
2 17
3 16
4 16
5 10
6 12
7 17
8 10

1 18
2 20
3 14
4 18
5 10
6 12
7 14
8 12

1 20
2 10
3 20
4 15
5 18
6 15
7 16
8 17

1 20
2 18
3 16
4 15
5 11
6 10
7 16
8 17

1 13
2 17
3 16
4 16
5 10
6 12
7 17
8 10

1 18
2 20
3 14
4 18
5 10
6 12
7 14
8 12

1 20
2 10
3 20
4 15
5 18
6 15
7 16
8 17

1 20
2 18
3 16
4 15
5 11
6 10
7 16
8 17

1 13
2 17
3 16
4 16
5 10
6 12
7 17
8 10

1 18
2 20
3 14
4 18
5 10
6 12
7 14
8 12

1 20
2 10
3 20
4 15
5 18
6 15
7 16
8 17

1 20
2 18
3 16
4 15
5 11
6 10
7 16
8 17

1 13
2 17
3 16
4 16
5 10
6 12
7 17
8 10

1 18
2 20
3 14
4 18
5 10
6 12
7 14
8 12

1 20
2 10
3 20
4 15
5 18
6 15
7 16
8 17

1 20
2 18
3 16
4 15
5 11
6 10
7 16
8 17

1 13
2 17
3 16
4 16
5 10
6 12
7 17
8 10

1 18
2 20
3 14
4 18
5 10
6 12
7 14
8 12

1 20
2 10
3 20
4 15
5 18
6 15
7 16
8 17

1 20
2 18
3 16
4 15
5 11
6 10
7 16
8 17

1 13
2 17
3 16
4 16
5 10
6 12
7 17
8 10

1 18
2 20
3 14
4 18
5 10
6 12
7 14
8 12

1 20
2 10
3 20
4 15
5 18
6 15
7 16
8 17

1 20
2 18
3 16
4 15
5 11
6 10
7 16
8 17

1 13
2 17
3 16
4 16
5 10
6 12
7 17
8 10

1 18
2 20
3 14
4 18
5 10
6 12
7 14
8 12

1 20
2 10
3 20
4 15
5 18
6 15
7 16
8 17

1 20
2 18
3 16
4 15
5 11
6 10
7 16
8 17

1 13
2 17
3 16
4 16
5 10
6 12
7 17
8 10

1 18
2 20
3 14
4 18
5 10
6 12
7 14
8 12

1 20
2 10
3 20
4 15
5 18
6 15
7 16
8 17

1 20
2 18
3 16
4 15
5 11
6 10
7 16
8 17

1 13
2 17
3 16
4 16
5 10
6 12
7 17
8 10

1 18
2 20
3 14
4 18
5 10
6 12
7 14
8 12

1 20
2 10
3 20
4 15
5 18
6 15
7 16
8 17

1 20
2 18
3 16
4 15
5 11
6 10
7 16
8 17

1 13
2 17
3 16
4 16
5 10
6 12
7 17
8 10

1 18
2 20
3 14
4 18
5 10
6 12
7 14
8 12

1 20
2 10
3 20
4 15
5 18
6 15
7 16
8 17

1 20
2 18
3 16
4 15
5 11
6 10
7 16
8 17

1 13
2 17
3 16
4 16
5 10
6 12
7 17
8 10

1 18
2 20
3 14
4 18
5 10
6 12
7 14
8 12

1 20
2 10
3 20
4 15
5 18
6 15
7 16
8 17

1 20
2 18
3 16
4 15
5 11
6 10
7 16
8 17

1 13
2 17
3 16
4 16
5 10
6 12
7 17
8 10

1 18
2 20
3 14
4 18
5 10
6 12
7 14
8 12

1 20
2 10
3 20
4 15
5 18
6 15
7 16
8 17

1 20
2 18
3 16
4 15
5 11
6 10
7 16
8 17

1 13
2 17
3 16
4 16
5 10
6 12
7 17
8 10

1 18
2 20
3 14
4 18
5 10
6 12
7 14
8 12

1 20
2 10
3 20
4 15
5 18
6 15
7 16
8 17

1 20
2 18
3 16
4 15
5 11
6 10
7 16
8 17

1 13
2 17
3 16
4 16
5 10
6 12
7 17
8 10

1 18
2 20
3 14
4 18
5 10
6 12
7 14
8 12

1 20
2 10
3 20
4 15
5 18
6 15
7 16
8 17

1 20
2 18
3 16
4 15
5 11
6 10
7 16
8 17

1 13
2 17
3 16
4 16
5 10
6 12
7 17
8 10

1 18
2 20
3 14
4 18
5 10
6 12
7 14
8 12

1 20
2 10
3 20
4 15
5 18
6 15
7 16
8 17

1 20
2 18
3 16
4 15
5 11
6 10
7 16
8 17

1 13
2 17
3 16
4 16
5 10
6 12
7 17
8 10

1 18
2 20
3 14
4 18
5 10
6 12
7 14
8 12

1 20
2 10
3 20
4 15
5 18
6 15
7 16
8 17

1 20
2 18
3 16
4 15
5 11
6 10
7 16
8 17

1 13
2 17
3 16
4 16
5 10
6 12
7 17
8 10

1 18
2 20
3 14
4 18
5 10
6 12
7 14
8 12

1 20
2 10
3 20
4 15
5 18
6 15
7 16
8 17

1 20
2 18
3 16
4 15
5 11
6 10
7 16
8 17

1 13
2 17
3 16
4 16
5 10
6 12
7 17
8 10

1 18
2 20
3 14
4 18
5 10
6 12
7 14
8 12

1 20
2 10
3 20
4 15
5 18
6 15
7 16
8 17