1 0
2 0
3 0
4 0

1 7
2 1
3 2
4 9

1 9
2 3
3 2
4 0

1 0
2 9
3 1
4 3

1 2
2 3
3 1
4 2

1 7
2 1
3 2
4 9

1 9
2 3
3 2
4 0

1 0
2 9
3 1
4 3

1 2
2 3
3 1
4 2

1 7
2 1
3 2
4 9

1 9
2 3
3 2
4 0

1 0
2 9
3 1
4 3

1 2
2 3
3 1
4 2

1 7
2 1
3 2
4 9

1 9
2 3
3 2
4 0

1 0
2 9
3 1
4 3

1 2
2 3
3 1
4 2

1 7
2 1
3 2
4 9

1 9
2 3
3 2
4 0

1 0
2 9
3 1
4 3

1 2
2 3
3 1
4 2

1 7
2 1
3 2
4 9

1 9
2 3
3 2
4 0

1 0
2 9
3 1
4 3

1 2
2 3
3 1
4 2

1 7
2 1
3 2
4 9

1 9
2 3
3 2
4 0

1 0
2 9
3 1
4 3

1 2
2 3
3 1
4 2

1 7
2 1
3 2
4 9

1 9
2 3
3 2
4 0

1 0
2 9
3 1
4 3

1 2
2 3
3 1
4 2

1 7
2 1
3 2
4 9

1 9
2 3
3 2
4 0

1 0
2 9
3 1
4 3

1 2
2 3
3 1
4 2

1 7
2 1
3 2
4 9

1 9
2 3
3 2
4 0

1 0
2 9
3 1
4 3

1 2
2 3
3 1
4 2

1 7
2 1
3 2
4 9

1 9
2 3
3 2
4 0

1 0
2 9
3 1
4 3

1 2
2 3
3 1
4 2

1 7
2 1
3 2
4 9

1 9
2 3
3 2
4 0

1 0
2 9
3 1
4 3

1 2
2 3
3 1
4 2

1 7
2 1
3 2
4 9

1 9
2 3
3 2
4 0

1 0
2 9
3 1
4 3

1 2
2 3
3 1
4 2

1 7
2 1
3 2
4 9

1 9
2 3
3 2
4 0

1 0
2 9
3 1
4 3

1 2
2 3
3 1
4 2

1 7
2 1
3 2
4 9

1 9
2 3
3 2
4 0

1 0
2 9
3 1
4 3

1 2
2 3
3 1
4 2