1 0
2 0
3 0
4 0
5 0
6 0
7 0
8 0
9 0
10 0
11 0
12 0
13 0
14 0
15 0
16 0

1 17
2 17
3 17
4 10
5 10
6 14
7 18
8 13
9 14
10 20
11 14
12 15
13 14
14 16
15 13
16 19

1 19
2 14
3 17
4 11
5 19
6 13
7 20
8 16
9 18
10 11
11 14
12 16
13 18
14 19
15 14
16 18

1 10
2 11
3 20
4 13
5 15
6 14
7 12
8 18
9 20
10 13
11 16
12 11
13 18
14 10
15 19
16 20

1 15
2 14
3 10
4 17
5 17
6 10
7 12
8 17
9 13
10 17
11 15
12 19
13 15
14 17
15 17
16 12

1 17
2 17
3 17
4 10
5 10
6 14
7 18
8 13
9 14
10 20
11 14
12 15
13 14
14 16
15 13
16 19

1 19
2 14
3 17
4 11
5 19
6 13
7 20
8 16
9 18
10 11
11 14
12 16
13 18
14 19
15 14
16 18

1 10
2 11
3 20
4 13
5 15
6 14
7 12
8 18
9 20
10 13
11 16
12 11
13 18
14 10
15 19
16 20

1 15
2 14
3 10
4 17
5 17
6 10
7 12
8 17
9 13
10 17
11 15
12 19
13 15
14 17
15 17
16 12

1 17
2 17
3 17
4 10
5 10
6 14
7 18
8 13
9 14
10 20
11 14
12 15
13 14
14 16
15 13
16 19

1 19
2 14
3 17
4 11
5 19
6 13
7 20
8 16
9 18
10 11
11 14
12 16
13 18
14 19
15 14
16 18

1 10
2 11
3 20
4 13
5 15
6 14
7 12
8 18
9 20
10 13
11 16
12 11
13 18
14 10
15 19
16 20

1 15
2 14
3 10
4 17
5 17
6 10
7 12
8 17
9 13
10 17
11 15
12 19
13 15
14 17
15 17
16 12

1 17
2 17
3 17
4 10
5 10
6 14
7 18
8 13
9 14
10 20
11 14
12 15
13 14
14 16
15 13
16 19

1 19
2 14
3 17
4 11
5 19
6 13
7 20
8 16
9 18
10 11
11 14
12 16
13 18
14 19
15 14
16 18

1 10
2 11
3 20
4 13
5 15
6 14
7 12
8 18
9 20
10 13
11 16
12 11
13 18
14 10
15 19
16 20

1 15
2 14
3 10
4 17
5 17
6 10
7 12
8 17
9 13
10 17
11 15
12 19
13 15
14 17
15 17
16 12

1 17
2 17
3 17
4 10
5 10
6 14
7 18
8 13
9 14
10 20
11 14
12 15
13 14
14 16
15 13
16 19

1 19
2 14
3 17
4 11
5 19
6 13
7 20
8 16
9 18
10 11
11 14
12 16
13 18
14 19
15 14
16 18

1 10
2 11
3 20
4 13
5 15
6 14
7 12
8 18
9 20
10 13
11 16
12 11
13 18
14 10
15 19
16 20

1 15
2 14
3 10
4 17
5 17
6 10
7 12
8 17
9 13
10 17
11 15
12 19
13 15
14 17
15 17
16 12

1 17
2 17
3 17
4 10
5 10
6 14
7 18
8 13
9 14
10 20
11 14
12 15
13 14
14 16
15 13
16 19

1 19
2 14
3 17
4 11
5 19
6 13
7 20
8 16
9 18
10 11
11 14
12 16
13 18
14 19
15 14
16 18

1 10
2 11
3 20
4 13
5 15
6 14
7 12
8 18
9 20
10 13
11 16
12 11
13 18
14 10
15 19
16 20

1 15
2 14
3 10
4 17
5 17
6 10
7 12
8 17
9 13
10 17
11 15
12 19
13 15
14 17
15 17
16 12

1 17
2 17
3 17
4 10
5 10
6 14
7 18
8 13
9 14
10 20
11 14
12 15
13 14
14 16
15 13
16 19

1 19
2 14
3 17
4 11
5 19
6 13
7 20
8 16
9 18
10 11
11 14
12 16
13 18
14 19
15 14
16 18

1 10
2 11
3 20
4 13
5 15
6 14
7 12
8 18
9 20
10 13
11 16
12 11
13 18
14 10
15 19
16 20

1 15
2 14
3 10
4 17
5 17
6 10
7 12
8 17
9 13
10 17
11 15
12 19
13 15
14 17
15 17
16 12

1 17
2 17
3 17
4 10
5 10
6 14
7 18
8 13
9 14
10 20
11 14
12 15
13 14
14 16
15 13
16 19

1 19
2 14
3 17
4 11
5 19
6 13
7 20
8 16
9 18
10 11
11 14
12 16
13 18
14 19
15 14
16 18

1 10
2 11
3 20
4 13
5 15
6 14
7 12
8 18
9 20
10 13
11 16
12 11
13 18
14 10
15 19
16 20

1 15
2 14
3 10
4 17
5 17
6 10
7 12
8 17
9 13
10 17
11 15
12 19
13 15
14 17
15 17
16 12

1 17
2 17
3 17
4 10
5 10
6 14
7 18
8 13
9 14
10 20
11 14
12 15
13 14
14 16
15 13
16 19

1 19
2 14
3 17
4 11
5 19
6 13
7 20
8 16
9 18
10 11
11 14
12 16
13 18
14 19
15 14
16 18

1 10
2 11
3 20
4 13
5 15
6 14
7 12
8 18
9 20
10 13
11 16
12 11
13 18
14 10
15 19
16 20

1 15
2 14
3 10
4 17
5 17
6 10
7 12
8 17
9 13
10 17
11 15
12 19
13 15
14 17
15 17
16 12

1 17
2 17
3 17
4 10
5 10
6 14
7 18
8 13
9 14
10 20
11 14
12 15
13 14
14 16
15 13
16 19

1 19
2 14
3 17
4 11
5 19
6 13
7 20
8 16
9 18
10 11
11 14
12 16
13 18
14 19
15 14
16 18

1 10
2 11
3 20
4 13
5 15
6 14
7 12
8 18
9 20
10 13
11 16
12 11
13 18
14 10
15 19
16 20

1 15
2 14
3 10
4 17
5 17
6 10
7 12
8 17
9 13
10 17
11 15
12 19
13 15
14 17
15 17
16 12