1 0
2 0
3 0
4 0

1 9
2 0
3 4
4 1

1 3
2 7
3 4
4 1

1 9
2 0
3 4
4 1

1 3
2 7
3 4
4 1

1 9
2 0
3 4
4 1

1 3
2 7
3 4
4 1

1 9
2 0
3 4
4 1

1 3
2 7
3 4
4 1

1 9
2 0
3 4
4 1

1 3
2 7
3 4
4 1

1 9
2 0
3 4
4 1

1 3
2 7
3 4
4 1

1 9
2 0
3 4
4 1

1 3
2 7
3 4
4 1

1 9
2 0
3 4
4 1

1 3
2 7
3 4
4 1

1 9
2 0
3 4
4 1

1 3
2 7
3 4
4 1

1 9
2 0
3 4
4 1

1 3
2 7
3 4
4 1

1 9
2 0
3 4
4 1

1 3
2 7
3 4
4 1

1 9
2 0
3 4
4 1

1 3
2 7
3 4
4 1

1 9
2 0
3 4
4 1

1 3
2 7
3 4
4 1

1 9
2 0
3 4
4 1

1 3
2 7
3 4
4 1

1 9
2 0
3 4
4 1

1 3
2 7
3 4
4 1

1 9
2 0
3 4
4 1

1 3
2 7
3 4
4 1

1 9
2 0
3 4
4 1

1 3
2 7
3 4
4 1

1 9
2 0
3 4
4 1

1 3
2 7
3 4
4 1

1 9
2 0
3 4
4 1

1 3
2 7
3 4
4 1

1 9
2 0
3 4
4 1

1 3
2 7
3 4
4 1