1 0
2 0
3 0
4 0
5 0
6 0
7 0
8 0
9 0
10 0
11 0
12 0
13 0
14 0
15 0
16 0

1 1
2 6
3 0
4 7
5 6
6 8
7 5
8 6
9 3
10 4
11 3
12 2
13 8
14 5
15 1
16 7

1 1
2 4
3 2
4 3
5 4
6 5
7 8
8 9
9 0
10 2
11 3
12 9
13 1
14 6
15 6
16 5

1 7
2 8
3 5
4 5
5 9
6 7
7 0
8 1
9 1
10 8
11 0
12 9
13 3
14 6
15 8
16 2

1 0
2 8
3 1
4 1
5 8
6 3
7 5
8 9
9 1
10 7
11 1
12 1
13 8
14 9
15 5
16 2

1 4
2 6
3 0
4 2
5 2
6 2
7 9
8 1
9 3
10 2
11 4
12 4
13 0
14 2
15 0
16 0

1 4
2 8
3 6
4 7
5 2
6 2
7 0
8 9
9 1
10 8
11 1
12 3
13 0
14 7
15 7
16 0

1 1
2 6
3 0
4 7
5 6
6 8
7 5
8 6
9 3
10 4
11 3
12 2
13 8
14 5
15 1
16 7

1 1
2 4
3 2
4 3
5 4
6 5
7 8
8 9
9 0
10 2
11 3
12 9
13 1
14 6
15 6
16 5

1 7
2 8
3 5
4 5
5 9
6 7
7 0
8 1
9 1
10 8
11 0
12 9
13 3
14 6
15 8
16 2

1 0
2 8
3 1
4 1
5 8
6 3
7 5
8 9
9 1
10 7
11 1
12 1
13 8
14 9
15 5
16 2

1 4
2 6
3 0
4 2
5 2
6 2
7 9
8 1
9 3
10 2
11 4
12 4
13 0
14 2
15 0
16 0

1 4
2 8
3 6
4 7
5 2
6 2
7 0
8 9
9 1
10 8
11 1
12 3
13 0
14 7
15 7
16 0

1 1
2 6
3 0
4 7
5 6
6 8
7 5
8 6
9 3
10 4
11 3
12 2
13 8
14 5
15 1
16 7

1 1
2 4
3 2
4 3
5 4
6 5
7 8
8 9
9 0
10 2
11 3
12 9
13 1
14 6
15 6
16 5

1 7
2 8
3 5
4 5
5 9
6 7
7 0
8 1
9 1
10 8
11 0
12 9
13 3
14 6
15 8
16 2

1 0
2 8
3 1
4 1
5 8
6 3
7 5
8 9
9 1
10 7
11 1
12 1
13 8
14 9
15 5
16 2

1 4
2 6
3 0
4 2
5 2
6 2
7 9
8 1
9 3
10 2
11 4
12 4
13 0
14 2
15 0
16 0

1 4
2 8
3 6
4 7
5 2
6 2
7 0
8 9
9 1
10 8
11 1
12 3
13 0
14 7
15 7
16 0

1 1
2 6
3 0
4 7
5 6
6 8
7 5
8 6
9 3
10 4
11 3
12 2
13 8
14 5
15 1
16 7

1 1
2 4
3 2
4 3
5 4
6 5
7 8
8 9
9 0
10 2
11 3
12 9
13 1
14 6
15 6
16 5

1 7
2 8
3 5
4 5
5 9
6 7
7 0
8 1
9 1
10 8
11 0
12 9
13 3
14 6
15 8
16 2

1 0
2 8
3 1
4 1
5 8
6 3
7 5
8 9
9 1
10 7
11 1
12 1
13 8
14 9
15 5
16 2

1 4
2 6
3 0
4 2
5 2
6 2
7 9
8 1
9 3
10 2
11 4
12 4
13 0
14 2
15 0
16 0

1 4
2 8
3 6
4 7
5 2
6 2
7 0
8 9
9 1
10 8
11 1
12 3
13 0
14 7
15 7
16 0

1 1
2 6
3 0
4 7
5 6
6 8
7 5
8 6
9 3
10 4
11 3
12 2
13 8
14 5
15 1
16 7

1 1
2 4
3 2
4 3
5 4
6 5
7 8
8 9
9 0
10 2
11 3
12 9
13 1
14 6
15 6
16 5

1 7
2 8
3 5
4 5
5 9
6 7
7 0
8 1
9 1
10 8
11 0
12 9
13 3
14 6
15 8
16 2

1 0
2 8
3 1
4 1
5 8
6 3
7 5
8 9
9 1
10 7
11 1
12 1
13 8
14 9
15 5
16 2

1 4
2 6
3 0
4 2
5 2
6 2
7 9
8 1
9 3
10 2
11 4
12 4
13 0
14 2
15 0
16 0

1 4
2 8
3 6
4 7
5 2
6 2
7 0
8 9
9 1
10 8
11 1
12 3
13 0
14 7
15 7
16 0

1 1
2 6
3 0
4 7
5 6
6 8
7 5
8 6
9 3
10 4
11 3
12 2
13 8
14 5
15 1
16 7

1 1
2 4
3 2
4 3
5 4
6 5
7 8
8 9
9 0
10 2
11 3
12 9
13 1
14 6
15 6
16 5

1 7
2 8
3 5
4 5
5 9
6 7
7 0
8 1
9 1
10 8
11 0
12 9
13 3
14 6
15 8
16 2

1 0
2 8
3 1
4 1
5 8
6 3
7 5
8 9
9 1
10 7
11 1
12 1
13 8
14 9
15 5
16 2

1 4
2 6
3 0
4 2
5 2
6 2
7 9
8 1
9 3
10 2
11 4
12 4
13 0
14 2
15 0
16 0

1 4
2 8
3 6
4 7
5 2
6 2
7 0
8 9
9 1
10 8
11 1
12 3
13 0
14 7
15 7
16 0

1 1
2 6
3 0
4 7
5 6
6 8
7 5
8 6
9 3
10 4
11 3
12 2
13 8
14 5
15 1
16 7

1 1
2 4
3 2
4 3
5 4
6 5
7 8
8 9
9 0
10 2
11 3
12 9
13 1
14 6
15 6
16 5

1 7
2 8
3 5
4 5
5 9
6 7
7 0
8 1
9 1
10 8
11 0
12 9
13 3
14 6
15 8
16 2

1 0
2 8
3 1
4 1
5 8
6 3
7 5
8 9
9 1
10 7
11 1
12 1
13 8
14 9
15 5
16 2

1 4
2 6
3 0
4 2
5 2
6 2
7 9
8 1
9 3
10 2
11 4
12 4
13 0
14 2
15 0
16 0

1 4
2 8
3 6
4 7
5 2
6 2
7 0
8 9
9 1
10 8
11 1
12 3
13 0
14 7
15 7
16 0

1 1
2 6
3 0
4 7
5 6
6 8
7 5
8 6
9 3
10 4
11 3
12 2
13 8
14 5
15 1
16 7

1 1
2 4
3 2
4 3
5 4
6 5
7 8
8 9
9 0
10 2
11 3
12 9
13 1
14 6
15 6
16 5

1 7
2 8
3 5
4 5
5 9
6 7
7 0
8 1
9 1
10 8
11 0
12 9
13 3
14 6
15 8
16 2

1 0
2 8
3 1
4 1
5 8
6 3
7 5
8 9
9 1
10 7
11 1
12 1
13 8
14 9
15 5
16 2

1 4
2 6
3 0
4 2
5 2
6 2
7 9
8 1
9 3
10 2
11 4
12 4
13 0
14 2
15 0
16 0

1 4
2 8
3 6
4 7
5 2
6 2
7 0
8 9
9 1
10 8
11 1
12 3
13 0
14 7
15 7
16 0

1 1
2 6
3 0
4 7
5 6
6 8
7 5
8 6
9 3
10 4
11 3
12 2
13 8
14 5
15 1
16 7

1 1
2 4
3 2
4 3
5 4
6 5
7 8
8 9
9 0
10 2
11 3
12 9
13 1
14 6
15 6
16 5

1 7
2 8
3 5
4 5
5 9
6 7
7 0
8 1
9 1
10 8
11 0
12 9
13 3
14 6
15 8
16 2

1 0
2 8
3 1
4 1
5 8
6 3
7 5
8 9
9 1
10 7
11 1
12 1
13 8
14 9
15 5
16 2

1 4
2 6
3 0
4 2
5 2
6 2
7 9
8 1
9 3
10 2
11 4
12 4
13 0
14 2
15 0
16 0

1 4
2 8
3 6
4 7
5 2
6 2
7 0
8 9
9 1
10 8
11 1
12 3
13 0
14 7
15 7
16 0

1 1
2 6
3 0
4 7
5 6
6 8
7 5
8 6
9 3
10 4
11 3
12 2
13 8
14 5
15 1
16 7

1 1
2 4
3 2
4 3
5 4
6 5
7 8
8 9
9 0
10 2
11 3
12 9
13 1
14 6
15 6
16 5

1 7
2 8
3 5
4 5
5 9
6 7
7 0
8 1
9 1
10 8
11 0
12 9
13 3
14 6
15 8
16 2

1 0
2 8
3 1
4 1
5 8
6 3
7 5
8 9
9 1
10 7
11 1
12 1
13 8
14 9
15 5
16 2

1 4
2 6
3 0
4 2
5 2
6 2
7 9
8 1
9 3
10 2
11 4
12 4
13 0
14 2
15 0
16 0

1 4
2 8
3 6
4 7
5 2
6 2
7 0
8 9
9 1
10 8
11 1
12 3
13 0
14 7
15 7
16 0

1 1
2 6
3 0
4 7
5 6
6 8
7 5
8 6
9 3
10 4
11 3
12 2
13 8
14 5
15 1
16 7

1 1
2 4
3 2
4 3
5 4
6 5
7 8
8 9
9 0
10 2
11 3
12 9
13 1
14 6
15 6
16 5

1 7
2 8
3 5
4 5
5 9
6 7
7 0
8 1
9 1
10 8
11 0
12 9
13 3
14 6
15 8
16 2

1 0
2 8
3 1
4 1
5 8
6 3
7 5
8 9
9 1
10 7
11 1
12 1
13 8
14 9
15 5
16 2

1 4
2 6
3 0
4 2
5 2
6 2
7 9
8 1
9 3
10 2
11 4
12 4
13 0
14 2
15 0
16 0

1 4
2 8
3 6
4 7
5 2
6 2
7 0
8 9
9 1
10 8
11 1
12 3
13 0
14 7
15 7
16 0

1 1
2 6
3 0
4 7
5 6
6 8
7 5
8 6
9 3
10 4
11 3
12 2
13 8
14 5
15 1
16 7

1 1
2 4
3 2
4 3
5 4
6 5
7 8
8 9
9 0
10 2
11 3
12 9
13 1
14 6
15 6
16 5

1 7
2 8
3 5
4 5
5 9
6 7
7 0
8 1
9 1
10 8
11 0
12 9
13 3
14 6
15 8
16 2

1 0
2 8
3 1
4 1
5 8
6 3
7 5
8 9
9 1
10 7
11 1
12 1
13 8
14 9
15 5
16 2

1 4
2 6
3 0
4 2
5 2
6 2
7 9
8 1
9 3
10 2
11 4
12 4
13 0
14 2
15 0
16 0

1 4
2 8
3 6
4 7
5 2
6 2
7 0
8 9
9 1
10 8
11 1
12 3
13 0
14 7
15 7
16 0

1 1
2 6
3 0
4 7
5 6
6 8
7 5
8 6
9 3
10 4
11 3
12 2
13 8
14 5
15 1
16 7

1 1
2 4
3 2
4 3
5 4
6 5
7 8
8 9
9 0
10 2
11 3
12 9
13 1
14 6
15 6
16 5

1 7
2 8
3 5
4 5
5 9
6 7
7 0
8 1
9 1
10 8
11 0
12 9
13 3
14 6
15 8
16 2

1 0
2 8
3 1
4 1
5 8
6 3
7 5
8 9
9 1
10 7
11 1
12 1
13 8
14 9
15 5
16 2

1 4
2 6
3 0
4 2
5 2
6 2
7 9
8 1
9 3
10 2
11 4
12 4
13 0
14 2
15 0
16 0

1 4
2 8
3 6
4 7
5 2
6 2
7 0
8 9
9 1
10 8
11 1
12 3
13 0
14 7
15 7
16 0

1 1
2 6
3 0
4 7
5 6
6 8
7 5
8 6
9 3
10 4
11 3
12 2
13 8
14 5
15 1
16 7

1 1
2 4
3 2
4 3
5 4
6 5
7 8
8 9
9 0
10 2
11 3
12 9
13 1
14 6
15 6
16 5

1 7
2 8
3 5
4 5
5 9
6 7
7 0
8 1
9 1
10 8
11 0
12 9
13 3
14 6
15 8
16 2

1 0
2 8
3 1
4 1
5 8
6 3
7 5
8 9
9 1
10 7
11 1
12 1
13 8
14 9
15 5
16 2

1 4
2 6
3 0
4 2
5 2
6 2
7 9
8 1
9 3
10 2
11 4
12 4
13 0
14 2
15 0
16 0

1 4
2 8
3 6
4 7
5 2
6 2
7 0
8 9
9 1
10 8
11 1
12 3
13 0
14 7
15 7
16 0

1 1
2 6
3 0
4 7
5 6
6 8
7 5
8 6
9 3
10 4
11 3
12 2
13 8
14 5
15 1
16 7

1 1
2 4
3 2
4 3
5 4
6 5
7 8
8 9
9 0
10 2
11 3
12 9
13 1
14 6
15 6
16 5

1 7
2 8
3 5
4 5
5 9
6 7
7 0
8 1
9 1
10 8
11 0
12 9
13 3
14 6
15 8
16 2

1 0
2 8
3 1
4 1
5 8
6 3
7 5
8 9
9 1
10 7
11 1
12 1
13 8
14 9
15 5
16 2

1 4
2 6
3 0
4 2
5 2
6 2
7 9
8 1
9 3
10 2
11 4
12 4
13 0
14 2
15 0
16 0

1 4
2 8
3 6
4 7
5 2
6 2
7 0
8 9
9 1
10 8
11 1
12 3
13 0
14 7
15 7
16 0

1 1
2 6
3 0
4 7
5 6
6 8
7 5
8 6
9 3
10 4
11 3
12 2
13 8
14 5
15 1
16 7

1 1
2 4
3 2
4 3
5 4
6 5
7 8
8 9
9 0
10 2
11 3
12 9
13 1
14 6
15 6
16 5

1 7
2 8
3 5
4 5
5 9
6 7
7 0
8 1
9 1
10 8
11 0
12 9
13 3
14 6
15 8
16 2

1 0
2 8
3 1
4 1
5 8
6 3
7 5
8 9
9 1
10 7
11 1
12 1
13 8
14 9
15 5
16 2

1 4
2 6
3 0
4 2
5 2
6 2
7 9
8 1
9 3
10 2
11 4
12 4
13 0
14 2
15 0
16 0

1 4
2 8
3 6
4 7
5 2
6 2
7 0
8 9
9 1
10 8
11 1
12 3
13 0
14 7
15 7
16 0

1 1
2 6
3 0
4 7
5 6
6 8
7 5
8 6
9 3
10 4
11 3
12 2
13 8
14 5
15 1
16 7

1 1
2 4
3 2
4 3
5 4
6 5
7 8
8 9
9 0
10 2
11 3
12 9
13 1
14 6
15 6
16 5

1 7
2 8
3 5
4 5
5 9
6 7
7 0
8 1
9 1
10 8
11 0
12 9
13 3
14 6
15 8
16 2

1 0
2 8
3 1
4 1
5 8
6 3
7 5
8 9
9 1
10 7
11 1
12 1
13 8
14 9
15 5
16 2

1 4
2 6
3 0
4 2
5 2
6 2
7 9
8 1
9 3
10 2
11 4
12 4
13 0
14 2
15 0
16 0

1 4
2 8
3 6
4 7
5 2
6 2
7 0
8 9
9 1
10 8
11 1
12 3
13 0
14 7
15 7
16 0

1 1
2 6
3 0
4 7
5 6
6 8
7 5
8 6
9 3
10 4
11 3
12 2
13 8
14 5
15 1
16 7

1 1
2 4
3 2
4 3
5 4
6 5
7 8
8 9
9 0
10 2
11 3
12 9
13 1
14 6
15 6
16 5

1 7
2 8
3 5
4 5
5 9
6 7
7 0
8 1
9 1
10 8
11 0
12 9
13 3
14 6
15 8
16 2

1 0
2 8
3 1
4 1
5 8
6 3
7 5
8 9
9 1
10 7
11 1
12 1
13 8
14 9
15 5
16 2

1 4
2 6
3 0
4 2
5 2
6 2
7 9
8 1
9 3
10 2
11 4
12 4
13 0
14 2
15 0
16 0

1 4
2 8
3 6
4 7
5 2
6 2
7 0
8 9
9 1
10 8
11 1
12 3
13 0
14 7
15 7
16 0

1 1
2 6
3 0
4 7
5 6
6 8
7 5
8 6
9 3
10 4
11 3
12 2
13 8
14 5
15 1
16 7

1 1
2 4
3 2
4 3
5 4
6 5
7 8
8 9
9 0
10 2
11 3
12 9
13 1
14 6
15 6
16 5

1 7
2 8
3 5
4 5
5 9
6 7
7 0
8 1
9 1
10 8
11 0
12 9
13 3
14 6
15 8
16 2

1 0
2 8
3 1
4 1
5 8
6 3
7 5
8 9
9 1
10 7
11 1
12 1
13 8
14 9
15 5
16 2

1 4
2 6
3 0
4 2
5 2
6 2
7 9
8 1
9 3
10 2
11 4
12 4
13 0
14 2
15 0
16 0

1 4
2 8
3 6
4 7
5 2
6 2
7 0
8 9
9 1
10 8
11 1
12 3
13 0
14 7
15 7
16 0

1 1
2 6
3 0
4 7
5 6
6 8
7 5
8 6
9 3
10 4
11 3
12 2
13 8
14 5
15 1
16 7

1 1
2 4
3 2
4 3
5 4
6 5
7 8
8 9
9 0
10 2
11 3
12 9
13 1
14 6
15 6
16 5

1 7
2 8
3 5
4 5
5 9
6 7
7 0
8 1
9 1
10 8
11 0
12 9
13 3
14 6
15 8
16 2

1 0
2 8
3 1
4 1
5 8
6 3
7 5
8 9
9 1
10 7
11 1
12 1
13 8
14 9
15 5
16 2

1 4
2 6
3 0
4 2
5 2
6 2
7 9
8 1
9 3
10 2
11 4
12 4
13 0
14 2
15 0
16 0

1 4
2 8
3 6
4 7
5 2
6 2
7 0
8 9
9 1
10 8
11 1
12 3
13 0
14 7
15 7
16 0