1 0
2 0
3 0
4 0

1 11
2 17
3 13
4 14

1 17
2 17
3 12
4 20

1 10
2 14
3 19
4 20

1 13
2 14
3 13
4 17

1 11
2 17
3 13
4 14

1 17
2 17
3 12
4 20

1 10
2 14
3 19
4 20

1 13
2 14
3 13
4 17

1 11
2 17
3 13
4 14

1 17
2 17
3 12
4 20

1 10
2 14
3 19
4 20

1 13
2 14
3 13
4 17

1 11
2 17
3 13
4 14

1 17
2 17
3 12
4 20

1 10
2 14
3 19
4 20

1 13
2 14
3 13
4 17

1 11
2 17
3 13
4 14

1 17
2 17
3 12
4 20

1 10
2 14
3 19
4 20

1 13
2 14
3 13
4 17

1 11
2 17
3 13
4 14

1 17
2 17
3 12
4 20

1 10
2 14
3 19
4 20

1 13
2 14
3 13
4 17

1 11
2 17
3 13
4 14

1 17
2 17
3 12
4 20

1 10
2 14
3 19
4 20

1 13
2 14
3 13
4 17

1 11
2 17
3 13
4 14

1 17
2 17
3 12
4 20

1 10
2 14
3 19
4 20

1 13
2 14
3 13
4 17

1 11
2 17
3 13
4 14

1 17
2 17
3 12
4 20

1 10
2 14
3 19
4 20

1 13
2 14
3 13
4 17

1 11
2 17
3 13
4 14

1 17
2 17
3 12
4 20

1 10
2 14
3 19
4 20

1 13
2 14
3 13
4 17

1 11
2 17
3 13
4 14

1 17
2 17
3 12
4 20

1 10
2 14
3 19
4 20

1 13
2 14
3 13
4 17

1 11
2 17
3 13
4 14

1 17
2 17
3 12
4 20

1 10
2 14
3 19
4 20

1 13
2 14
3 13
4 17

1 11
2 17
3 13
4 14

1 17
2 17
3 12
4 20

1 10
2 14
3 19
4 20

1 13
2 14
3 13
4 17

1 11
2 17
3 13
4 14

1 17
2 17
3 12
4 20

1 10
2 14
3 19
4 20

1 13
2 14
3 13
4 17

1 11
2 17
3 13
4 14

1 17
2 17
3 12
4 20

1 10
2 14
3 19
4 20

1 13
2 14
3 13
4 17

1 11
2 17
3 13
4 14

1 17
2 17
3 12
4 20

1 10
2 14
3 19
4 20

1 13
2 14
3 13
4 17

1 11
2 17
3 13
4 14

1 17
2 17
3 12
4 20

1 10
2 14
3 19
4 20

1 13
2 14
3 13
4 17

1 11
2 17
3 13
4 14

1 17
2 17
3 12
4 20

1 10
2 14
3 19
4 20

1 13
2 14
3 13
4 17

1 11
2 17
3 13
4 14

1 17
2 17
3 12
4 20

1 10
2 14
3 19
4 20

1 13
2 14
3 13
4 17

1 11
2 17
3 13
4 14

1 17
2 17
3 12
4 20

1 10
2 14
3 19
4 20

1 13
2 14
3 13
4 17