1 0
2 0
3 0
4 0

1 2
2 5
3 8
4 9

1 3
2 6
3 5
4 4

1 8
2 9
3 3
4 0

1 5
2 6
3 0
4 1

1 3
2 3
3 2
4 9

1 0
2 7
3 1
4 6

1 2
2 5
3 8
4 9

1 3
2 6
3 5
4 4

1 8
2 9
3 3
4 0

1 5
2 6
3 0
4 1

1 3
2 3
3 2
4 9

1 0
2 7
3 1
4 6

1 2
2 5
3 8
4 9

1 3
2 6
3 5
4 4

1 8
2 9
3 3
4 0

1 5
2 6
3 0
4 1

1 3
2 3
3 2
4 9

1 0
2 7
3 1
4 6

1 2
2 5
3 8
4 9

1 3
2 6
3 5
4 4

1 8
2 9
3 3
4 0

1 5
2 6
3 0
4 1

1 3
2 3
3 2
4 9

1 0
2 7
3 1
4 6

1 2
2 5
3 8
4 9

1 3
2 6
3 5
4 4

1 8
2 9
3 3
4 0

1 5
2 6
3 0
4 1

1 3
2 3
3 2
4 9

1 0
2 7
3 1
4 6

1 2
2 5
3 8
4 9

1 3
2 6
3 5
4 4

1 8
2 9
3 3
4 0

1 5
2 6
3 0
4 1

1 3
2 3
3 2
4 9

1 0
2 7
3 1
4 6

1 2
2 5
3 8
4 9

1 3
2 6
3 5
4 4

1 8
2 9
3 3
4 0

1 5
2 6
3 0
4 1

1 3
2 3
3 2
4 9

1 0
2 7
3 1
4 6

1 2
2 5
3 8
4 9

1 3
2 6
3 5
4 4

1 8
2 9
3 3
4 0

1 5
2 6
3 0
4 1

1 3
2 3
3 2
4 9

1 0
2 7
3 1
4 6

1 2
2 5
3 8
4 9

1 3
2 6
3 5
4 4

1 8
2 9
3 3
4 0

1 5
2 6
3 0
4 1

1 3
2 3
3 2
4 9

1 0
2 7
3 1
4 6

1 2
2 5
3 8
4 9

1 3
2 6
3 5
4 4

1 8
2 9
3 3
4 0

1 5
2 6
3 0
4 1

1 3
2 3
3 2
4 9

1 0
2 7
3 1
4 6

1 2
2 5
3 8
4 9

1 3
2 6
3 5
4 4

1 8
2 9
3 3
4 0

1 5
2 6
3 0
4 1

1 3
2 3
3 2
4 9

1 0
2 7
3 1
4 6

1 2
2 5
3 8
4 9

1 3
2 6
3 5
4 4

1 8
2 9
3 3
4 0

1 5
2 6
3 0
4 1

1 3
2 3
3 2
4 9

1 0
2 7
3 1
4 6

1 2
2 5
3 8
4 9

1 3
2 6
3 5
4 4

1 8
2 9
3 3
4 0

1 5
2 6
3 0
4 1

1 3
2 3
3 2
4 9

1 0
2 7
3 1
4 6

1 2
2 5
3 8
4 9

1 3
2 6
3 5
4 4

1 8
2 9
3 3
4 0

1 5
2 6
3 0
4 1

1 3
2 3
3 2
4 9

1 0
2 7
3 1
4 6

1 2
2 5
3 8
4 9

1 3
2 6
3 5
4 4

1 8
2 9
3 3
4 0

1 5
2 6
3 0
4 1

1 3
2 3
3 2
4 9

1 0
2 7
3 1
4 6