1 0
2 0
3 0
4 0
5 0
6 0
7 0
8 0

1 20
2 13
3 10
4 16
5 16
6 18
7 16
8 18

1 12
2 20
3 16
4 16
5 14
6 10
7 16
8 13

1 12
2 20
3 14
4 12
5 12
6 20
7 10
8 16

1 13
2 15
3 13
4 14
5 16
6 10
7 13
8 17

1 20
2 13
3 10
4 16
5 16
6 18
7 16
8 18

1 12
2 20
3 16
4 16
5 14
6 10
7 16
8 13

1 12
2 20
3 14
4 12
5 12
6 20
7 10
8 16

1 13
2 15
3 13
4 14
5 16
6 10
7 13
8 17

1 20
2 13
3 10
4 16
5 16
6 18
7 16
8 18

1 12
2 20
3 16
4 16
5 14
6 10
7 16
8 13

1 12
2 20
3 14
4 12
5 12
6 20
7 10
8 16

1 13
2 15
3 13
4 14
5 16
6 10
7 13
8 17

1 20
2 13
3 10
4 16
5 16
6 18
7 16
8 18

1 12
2 20
3 16
4 16
5 14
6 10
7 16
8 13

1 12
2 20
3 14
4 12
5 12
6 20
7 10
8 16

1 13
2 15
3 13
4 14
5 16
6 10
7 13
8 17

1 20
2 13
3 10
4 16
5 16
6 18
7 16
8 18

1 12
2 20
3 16
4 16
5 14
6 10
7 16
8 13

1 12
2 20
3 14
4 12
5 12
6 20
7 10
8 16

1 13
2 15
3 13
4 14
5 16
6 10
7 13
8 17

1 20
2 13
3 10
4 16
5 16
6 18
7 16
8 18

1 12
2 20
3 16
4 16
5 14
6 10
7 16
8 13

1 12
2 20
3 14
4 12
5 12
6 20
7 10
8 16

1 13
2 15
3 13
4 14
5 16
6 10
7 13
8 17

1 20
2 13
3 10
4 16
5 16
6 18
7 16
8 18

1 12
2 20
3 16
4 16
5 14
6 10
7 16
8 13

1 12
2 20
3 14
4 12
5 12
6 20
7 10
8 16

1 13
2 15
3 13
4 14
5 16
6 10
7 13
8 17

1 20
2 13
3 10
4 16
5 16
6 18
7 16
8 18

1 12
2 20
3 16
4 16
5 14
6 10
7 16
8 13

1 12
2 20
3 14
4 12
5 12
6 20
7 10
8 16

1 13
2 15
3 13
4 14
5 16
6 10
7 13
8 17

1 20
2 13
3 10
4 16
5 16
6 18
7 16
8 18

1 12
2 20
3 16
4 16
5 14
6 10
7 16
8 13

1 12
2 20
3 14
4 12
5 12
6 20
7 10
8 16

1 13
2 15
3 13
4 14
5 16
6 10
7 13
8 17

1 20
2 13
3 10
4 16
5 16
6 18
7 16
8 18

1 12
2 20
3 16
4 16
5 14
6 10
7 16
8 13

1 12
2 20
3 14
4 12
5 12
6 20
7 10
8 16

1 13
2 15
3 13
4 14
5 16
6 10
7 13
8 17

1 20
2 13
3 10
4 16
5 16
6 18
7 16
8 18

1 12
2 20
3 16
4 16
5 14
6 10
7 16
8 13

1 12
2 20
3 14
4 12
5 12
6 20
7 10
8 16

1 13
2 15
3 13
4 14
5 16
6 10
7 13
8 17

1 20
2 13
3 10
4 16
5 16
6 18
7 16
8 18

1 12
2 20
3 16
4 16
5 14
6 10
7 16
8 13

1 12
2 20
3 14
4 12
5 12
6 20
7 10
8 16

1 13
2 15
3 13
4 14
5 16
6 10
7 13
8 17

1 20
2 13
3 10
4 16
5 16
6 18
7 16
8 18

1 12
2 20
3 16
4 16
5 14
6 10
7 16
8 13

1 12
2 20
3 14
4 12
5 12
6 20
7 10
8 16

1 13
2 15
3 13
4 14
5 16
6 10
7 13
8 17

1 20
2 13
3 10
4 16
5 16
6 18
7 16
8 18

1 12
2 20
3 16
4 16
5 14
6 10
7 16
8 13

1 12
2 20
3 14
4 12
5 12
6 20
7 10
8 16

1 13
2 15
3 13
4 14
5 16
6 10
7 13
8 17

1 20
2 13
3 10
4 16
5 16
6 18
7 16
8 18

1 12
2 20
3 16
4 16
5 14
6 10
7 16
8 13

1 12
2 20
3 14
4 12
5 12
6 20
7 10
8 16

1 13
2 15
3 13
4 14
5 16
6 10
7 13
8 17

1 20
2 13
3 10
4 16
5 16
6 18
7 16
8 18

1 12
2 20
3 16
4 16
5 14
6 10
7 16
8 13

1 12
2 20
3 14
4 12
5 12
6 20
7 10
8 16

1 13
2 15
3 13
4 14
5 16
6 10
7 13
8 17

1 20
2 13
3 10
4 16
5 16
6 18
7 16
8 18

1 12
2 20
3 16
4 16
5 14
6 10
7 16
8 13

1 12
2 20
3 14
4 12
5 12
6 20
7 10
8 16

1 13
2 15
3 13
4 14
5 16
6 10
7 13
8 17

1 20
2 13
3 10
4 16
5 16
6 18
7 16
8 18

1 12
2 20
3 16
4 16
5 14
6 10
7 16
8 13

1 12
2 20
3 14
4 12
5 12
6 20
7 10
8 16

1 13
2 15
3 13
4 14
5 16
6 10
7 13
8 17

1 20
2 13
3 10
4 16
5 16
6 18
7 16
8 18

1 12
2 20
3 16
4 16
5 14
6 10
7 16
8 13

1 12
2 20
3 14
4 12
5 12
6 20
7 10
8 16

1 13
2 15
3 13
4 14
5 16
6 10
7 13
8 17

1 20
2 13
3 10
4 16
5 16
6 18
7 16
8 18

1 12
2 20
3 16
4 16
5 14
6 10
7 16
8 13

1 12
2 20
3 14
4 12
5 12
6 20
7 10
8 16

1 13
2 15
3 13
4 14
5 16
6 10
7 13
8 17