1 0
2 0
3 0
4 0
5 0
6 0
7 0
8 0
9 0
10 0
11 0
12 0
13 0
14 0
15 0
16 0

1 1
2 3
3 0
4 2
5 6
6 3
7 2
8 6
9 5
10 0
11 9
12 1
13 8
14 8
15 2
16 6

1 4
2 6
3 2
4 1
5 2
6 7
7 3
8 3
9 3
10 1
11 0
12 1
13 0
14 0
15 1
16 2

1 1
2 3
3 0
4 2
5 6
6 3
7 2
8 6
9 5
10 0
11 9
12 1
13 8
14 8
15 2
16 6

1 4
2 6
3 2
4 1
5 2
6 7
7 3
8 3
9 3
10 1
11 0
12 1
13 0
14 0
15 1
16 2

1 1
2 3
3 0
4 2
5 6
6 3
7 2
8 6
9 5
10 0
11 9
12 1
13 8
14 8
15 2
16 6

1 4
2 6
3 2
4 1
5 2
6 7
7 3
8 3
9 3
10 1
11 0
12 1
13 0
14 0
15 1
16 2

1 1
2 3
3 0
4 2
5 6
6 3
7 2
8 6
9 5
10 0
11 9
12 1
13 8
14 8
15 2
16 6

1 4
2 6
3 2
4 1
5 2
6 7
7 3
8 3
9 3
10 1
11 0
12 1
13 0
14 0
15 1
16 2

1 1
2 3
3 0
4 2
5 6
6 3
7 2
8 6
9 5
10 0
11 9
12 1
13 8
14 8
15 2
16 6

1 4
2 6
3 2
4 1
5 2
6 7
7 3
8 3
9 3
10 1
11 0
12 1
13 0
14 0
15 1
16 2

1 1
2 3
3 0
4 2
5 6
6 3
7 2
8 6
9 5
10 0
11 9
12 1
13 8
14 8
15 2
16 6

1 4
2 6
3 2
4 1
5 2
6 7
7 3
8 3
9 3
10 1
11 0
12 1
13 0
14 0
15 1
16 2

1 1
2 3
3 0
4 2
5 6
6 3
7 2
8 6
9 5
10 0
11 9
12 1
13 8
14 8
15 2
16 6

1 4
2 6
3 2
4 1
5 2
6 7
7 3
8 3
9 3
10 1
11 0
12 1
13 0
14 0
15 1
16 2

1 1
2 3
3 0
4 2
5 6
6 3
7 2
8 6
9 5
10 0
11 9
12 1
13 8
14 8
15 2
16 6

1 4
2 6
3 2
4 1
5 2
6 7
7 3
8 3
9 3
10 1
11 0
12 1
13 0
14 0
15 1
16 2

1 1
2 3
3 0
4 2
5 6
6 3
7 2
8 6
9 5
10 0
11 9
12 1
13 8
14 8
15 2
16 6

1 4
2 6
3 2
4 1
5 2
6 7
7 3
8 3
9 3
10 1
11 0
12 1
13 0
14 0
15 1
16 2

1 1
2 3
3 0
4 2
5 6
6 3
7 2
8 6
9 5
10 0
11 9
12 1
13 8
14 8
15 2
16 6

1 4
2 6
3 2
4 1
5 2
6 7
7 3
8 3
9 3
10 1
11 0
12 1
13 0
14 0
15 1
16 2