1 0
2 0
3 0
4 0

1 8
2 5
3 0
4 3

1 5
2 1
3 6
4 8

1 1
2 4
3 4
4 6

1 9
2 5
3 6
4 4

1 8
2 6
3 3
4 3

1 9
2 7
3 5
4 2

1 8
2 5
3 0
4 3

1 5
2 1
3 6
4 8

1 1
2 4
3 4
4 6

1 9
2 5
3 6
4 4

1 8
2 6
3 3
4 3

1 9
2 7
3 5
4 2

1 8
2 5
3 0
4 3

1 5
2 1
3 6
4 8

1 1
2 4
3 4
4 6

1 9
2 5
3 6
4 4

1 8
2 6
3 3
4 3

1 9
2 7
3 5
4 2

1 8
2 5
3 0
4 3

1 5
2 1
3 6
4 8

1 1
2 4
3 4
4 6

1 9
2 5
3 6
4 4

1 8
2 6
3 3
4 3

1 9
2 7
3 5
4 2

1 8
2 5
3 0
4 3

1 5
2 1
3 6
4 8

1 1
2 4
3 4
4 6

1 9
2 5
3 6
4 4

1 8
2 6
3 3
4 3

1 9
2 7
3 5
4 2

1 8
2 5
3 0
4 3

1 5
2 1
3 6
4 8

1 1
2 4
3 4
4 6

1 9
2 5
3 6
4 4

1 8
2 6
3 3
4 3

1 9
2 7
3 5
4 2

1 8
2 5
3 0
4 3

1 5
2 1
3 6
4 8

1 1
2 4
3 4
4 6

1 9
2 5
3 6
4 4

1 8
2 6
3 3
4 3

1 9
2 7
3 5
4 2

1 8
2 5
3 0
4 3

1 5
2 1
3 6
4 8

1 1
2 4
3 4
4 6

1 9
2 5
3 6
4 4

1 8
2 6
3 3
4 3

1 9
2 7
3 5
4 2

1 8
2 5
3 0
4 3

1 5
2 1
3 6
4 8

1 1
2 4
3 4
4 6

1 9
2 5
3 6
4 4

1 8
2 6
3 3
4 3

1 9
2 7
3 5
4 2

1 8
2 5
3 0
4 3

1 5
2 1
3 6
4 8

1 1
2 4
3 4
4 6

1 9
2 5
3 6
4 4

1 8
2 6
3 3
4 3

1 9
2 7
3 5
4 2

1 8
2 5
3 0
4 3

1 5
2 1
3 6
4 8

1 1
2 4
3 4
4 6

1 9
2 5
3 6
4 4

1 8
2 6
3 3
4 3

1 9
2 7
3 5
4 2

1 8
2 5
3 0
4 3

1 5
2 1
3 6
4 8

1 1
2 4
3 4
4 6

1 9
2 5
3 6
4 4

1 8
2 6
3 3
4 3

1 9
2 7
3 5
4 2

1 8
2 5
3 0
4 3

1 5
2 1
3 6
4 8

1 1
2 4
3 4
4 6

1 9
2 5
3 6
4 4

1 8
2 6
3 3
4 3

1 9
2 7
3 5
4 2

1 8
2 5
3 0
4 3

1 5
2 1
3 6
4 8

1 1
2 4
3 4
4 6

1 9
2 5
3 6
4 4

1 8
2 6
3 3
4 3

1 9
2 7
3 5
4 2

1 8
2 5
3 0
4 3

1 5
2 1
3 6
4 8

1 1
2 4
3 4
4 6

1 9
2 5
3 6
4 4

1 8
2 6
3 3
4 3

1 9
2 7
3 5
4 2

1 8
2 5
3 0
4 3

1 5
2 1
3 6
4 8

1 1
2 4
3 4
4 6

1 9
2 5
3 6
4 4

1 8
2 6
3 3
4 3

1 9
2 7
3 5
4 2

1 8
2 5
3 0
4 3

1 5
2 1
3 6
4 8

1 1
2 4
3 4
4 6

1 9
2 5
3 6
4 4

1 8
2 6
3 3
4 3

1 9
2 7
3 5
4 2

1 8
2 5
3 0
4 3

1 5
2 1
3 6
4 8

1 1
2 4
3 4
4 6

1 9
2 5
3 6
4 4

1 8
2 6
3 3
4 3

1 9
2 7
3 5
4 2

1 8
2 5
3 0
4 3

1 5
2 1
3 6
4 8

1 1
2 4
3 4
4 6

1 9
2 5
3 6
4 4

1 8
2 6
3 3
4 3

1 9
2 7
3 5
4 2

1 8
2 5
3 0
4 3

1 5
2 1
3 6
4 8

1 1
2 4
3 4
4 6

1 9
2 5
3 6
4 4

1 8
2 6
3 3
4 3

1 9
2 7
3 5
4 2