1 0
2 0
3 0
4 0
5 0
6 0
7 0
8 0
9 0
10 0
11 0
12 0
13 0
14 0
15 0
16 0

1 13
2 11
3 10
4 20
5 14
6 17
7 14
8 10
9 12
10 14
11 18
12 12
13 12
14 12
15 16
16 16

1 12
2 20
3 19
4 15
5 17
6 19
7 18
8 10
9 20
10 10
11 14
12 15
13 17
14 13
15 16
16 10

1 13
2 11
3 10
4 20
5 14
6 17
7 14
8 10
9 12
10 14
11 18
12 12
13 12
14 12
15 16
16 16

1 12
2 20
3 19
4 15
5 17
6 19
7 18
8 10
9 20
10 10
11 14
12 15
13 17
14 13
15 16
16 10

1 13
2 11
3 10
4 20
5 14
6 17
7 14
8 10
9 12
10 14
11 18
12 12
13 12
14 12
15 16
16 16

1 12
2 20
3 19
4 15
5 17
6 19
7 18
8 10
9 20
10 10
11 14
12 15
13 17
14 13
15 16
16 10

1 13
2 11
3 10
4 20
5 14
6 17
7 14
8 10
9 12
10 14
11 18
12 12
13 12
14 12
15 16
16 16

1 12
2 20
3 19
4 15
5 17
6 19
7 18
8 10
9 20
10 10
11 14
12 15
13 17
14 13
15 16
16 10

1 13
2 11
3 10
4 20
5 14
6 17
7 14
8 10
9 12
10 14
11 18
12 12
13 12
14 12
15 16
16 16

1 12
2 20
3 19
4 15
5 17
6 19
7 18
8 10
9 20
10 10
11 14
12 15
13 17
14 13
15 16
16 10

1 13
2 11
3 10
4 20
5 14
6 17
7 14
8 10
9 12
10 14
11 18
12 12
13 12
14 12
15 16
16 16

1 12
2 20
3 19
4 15
5 17
6 19
7 18
8 10
9 20
10 10
11 14
12 15
13 17
14 13
15 16
16 10

1 13
2 11
3 10
4 20
5 14
6 17
7 14
8 10
9 12
10 14
11 18
12 12
13 12
14 12
15 16
16 16

1 12
2 20
3 19
4 15
5 17
6 19
7 18
8 10
9 20
10 10
11 14
12 15
13 17
14 13
15 16
16 10

1 13
2 11
3 10
4 20
5 14
6 17
7 14
8 10
9 12
10 14
11 18
12 12
13 12
14 12
15 16
16 16

1 12
2 20
3 19
4 15
5 17
6 19
7 18
8 10
9 20
10 10
11 14
12 15
13 17
14 13
15 16
16 10

1 13
2 11
3 10
4 20
5 14
6 17
7 14
8 10
9 12
10 14
11 18
12 12
13 12
14 12
15 16
16 16

1 12
2 20
3 19
4 15
5 17
6 19
7 18
8 10
9 20
10 10
11 14
12 15
13 17
14 13
15 16
16 10

1 13
2 11
3 10
4 20
5 14
6 17
7 14
8 10
9 12
10 14
11 18
12 12
13 12
14 12
15 16
16 16

1 12
2 20
3 19
4 15
5 17
6 19
7 18
8 10
9 20
10 10
11 14
12 15
13 17
14 13
15 16
16 10

1 13
2 11
3 10
4 20
5 14
6 17
7 14
8 10
9 12
10 14
11 18
12 12
13 12
14 12
15 16
16 16

1 12
2 20
3 19
4 15
5 17
6 19
7 18
8 10
9 20
10 10
11 14
12 15
13 17
14 13
15 16
16 10

1 13
2 11
3 10
4 20
5 14
6 17
7 14
8 10
9 12
10 14
11 18
12 12
13 12
14 12
15 16
16 16

1 12
2 20
3 19
4 15
5 17
6 19
7 18
8 10
9 20
10 10
11 14
12 15
13 17
14 13
15 16
16 10

1 13
2 11
3 10
4 20
5 14
6 17
7 14
8 10
9 12
10 14
11 18
12 12
13 12
14 12
15 16
16 16

1 12
2 20
3 19
4 15
5 17
6 19
7 18
8 10
9 20
10 10
11 14
12 15
13 17
14 13
15 16
16 10

1 13
2 11
3 10
4 20
5 14
6 17
7 14
8 10
9 12
10 14
11 18
12 12
13 12
14 12
15 16
16 16

1 12
2 20
3 19
4 15
5 17
6 19
7 18
8 10
9 20
10 10
11 14
12 15
13 17
14 13
15 16
16 10

1 13
2 11
3 10
4 20
5 14
6 17
7 14
8 10
9 12
10 14
11 18
12 12
13 12
14 12
15 16
16 16

1 12
2 20
3 19
4 15
5 17
6 19
7 18
8 10
9 20
10 10
11 14
12 15
13 17
14 13
15 16
16 10