1 0
2 0
3 0
4 0
5 0
6 0
7 0
8 0

1 18
2 19
3 12
4 11
5 19
6 13
7 15
8 12

1 11
2 16
3 11
4 12
5 17
6 16
7 19
8 16

1 19
2 16
3 16
4 19
5 15
6 13
7 17
8 10

1 10
2 15
3 14
4 20
5 11
6 16
7 15
8 11

1 18
2 19
3 12
4 11
5 19
6 13
7 15
8 12

1 11
2 16
3 11
4 12
5 17
6 16
7 19
8 16

1 19
2 16
3 16
4 19
5 15
6 13
7 17
8 10

1 10
2 15
3 14
4 20
5 11
6 16
7 15
8 11

1 18
2 19
3 12
4 11
5 19
6 13
7 15
8 12

1 11
2 16
3 11
4 12
5 17
6 16
7 19
8 16

1 19
2 16
3 16
4 19
5 15
6 13
7 17
8 10

1 10
2 15
3 14
4 20
5 11
6 16
7 15
8 11

1 18
2 19
3 12
4 11
5 19
6 13
7 15
8 12

1 11
2 16
3 11
4 12
5 17
6 16
7 19
8 16

1 19
2 16
3 16
4 19
5 15
6 13
7 17
8 10

1 10
2 15
3 14
4 20
5 11
6 16
7 15
8 11

1 18
2 19
3 12
4 11
5 19
6 13
7 15
8 12

1 11
2 16
3 11
4 12
5 17
6 16
7 19
8 16

1 19
2 16
3 16
4 19
5 15
6 13
7 17
8 10

1 10
2 15
3 14
4 20
5 11
6 16
7 15
8 11

1 18
2 19
3 12
4 11
5 19
6 13
7 15
8 12

1 11
2 16
3 11
4 12
5 17
6 16
7 19
8 16

1 19
2 16
3 16
4 19
5 15
6 13
7 17
8 10

1 10
2 15
3 14
4 20
5 11
6 16
7 15
8 11

1 18
2 19
3 12
4 11
5 19
6 13
7 15
8 12

1 11
2 16
3 11
4 12
5 17
6 16
7 19
8 16

1 19
2 16
3 16
4 19
5 15
6 13
7 17
8 10

1 10
2 15
3 14
4 20
5 11
6 16
7 15
8 11

1 18
2 19
3 12
4 11
5 19
6 13
7 15
8 12

1 11
2 16
3 11
4 12
5 17
6 16
7 19
8 16

1 19
2 16
3 16
4 19
5 15
6 13
7 17
8 10

1 10
2 15
3 14
4 20
5 11
6 16
7 15
8 11

1 18
2 19
3 12
4 11
5 19
6 13
7 15
8 12

1 11
2 16
3 11
4 12
5 17
6 16
7 19
8 16

1 19
2 16
3 16
4 19
5 15
6 13
7 17
8 10

1 10
2 15
3 14
4 20
5 11
6 16
7 15
8 11

1 18
2 19
3 12
4 11
5 19
6 13
7 15
8 12

1 11
2 16
3 11
4 12
5 17
6 16
7 19
8 16

1 19
2 16
3 16
4 19
5 15
6 13
7 17
8 10

1 10
2 15
3 14
4 20
5 11
6 16
7 15
8 11