1 0
2 0
3 0
4 0
5 0
6 0
7 0
8 0
9 0
10 0
11 0
12 0
13 0
14 0
15 0
16 0

1 15
2 10
3 17
4 19
5 13
6 15
7 12
8 17
9 13
10 17
11 17
12 11
13 18
14 16
15 10
16 14

1 16
2 11
3 17
4 17
5 12
6 13
7 16
8 15
9 20
10 15
11 16
12 14
13 18
14 12
15 19
16 19

1 15
2 10
3 17
4 19
5 13
6 15
7 12
8 17
9 13
10 17
11 17
12 11
13 18
14 16
15 10
16 14

1 16
2 11
3 17
4 17
5 12
6 13
7 16
8 15
9 20
10 15
11 16
12 14
13 18
14 12
15 19
16 19

1 15
2 10
3 17
4 19
5 13
6 15
7 12
8 17
9 13
10 17
11 17
12 11
13 18
14 16
15 10
16 14

1 16
2 11
3 17
4 17
5 12
6 13
7 16
8 15
9 20
10 15
11 16
12 14
13 18
14 12
15 19
16 19

1 15
2 10
3 17
4 19
5 13
6 15
7 12
8 17
9 13
10 17
11 17
12 11
13 18
14 16
15 10
16 14

1 16
2 11
3 17
4 17
5 12
6 13
7 16
8 15
9 20
10 15
11 16
12 14
13 18
14 12
15 19
16 19

1 15
2 10
3 17
4 19
5 13
6 15
7 12
8 17
9 13
10 17
11 17
12 11
13 18
14 16
15 10
16 14

1 16
2 11
3 17
4 17
5 12
6 13
7 16
8 15
9 20
10 15
11 16
12 14
13 18
14 12
15 19
16 19

1 15
2 10
3 17
4 19
5 13
6 15
7 12
8 17
9 13
10 17
11 17
12 11
13 18
14 16
15 10
16 14

1 16
2 11
3 17
4 17
5 12
6 13
7 16
8 15
9 20
10 15
11 16
12 14
13 18
14 12
15 19
16 19

1 15
2 10
3 17
4 19
5 13
6 15
7 12
8 17
9 13
10 17
11 17
12 11
13 18
14 16
15 10
16 14

1 16
2 11
3 17
4 17
5 12
6 13
7 16
8 15
9 20
10 15
11 16
12 14
13 18
14 12
15 19
16 19

1 15
2 10
3 17
4 19
5 13
6 15
7 12
8 17
9 13
10 17
11 17
12 11
13 18
14 16
15 10
16 14

1 16
2 11
3 17
4 17
5 12
6 13
7 16
8 15
9 20
10 15
11 16
12 14
13 18
14 12
15 19
16 19

1 15
2 10
3 17
4 19
5 13
6 15
7 12
8 17
9 13
10 17
11 17
12 11
13 18
14 16
15 10
16 14

1 16
2 11
3 17
4 17
5 12
6 13
7 16
8 15
9 20
10 15
11 16
12 14
13 18
14 12
15 19
16 19

1 15
2 10
3 17
4 19
5 13
6 15
7 12
8 17
9 13
10 17
11 17
12 11
13 18
14 16
15 10
16 14

1 16
2 11
3 17
4 17
5 12
6 13
7 16
8 15
9 20
10 15
11 16
12 14
13 18
14 12
15 19
16 19

1 15
2 10
3 17
4 19
5 13
6 15
7 12
8 17
9 13
10 17
11 17
12 11
13 18
14 16
15 10
16 14

1 16
2 11
3 17
4 17
5 12
6 13
7 16
8 15
9 20
10 15
11 16
12 14
13 18
14 12
15 19
16 19

1 15
2 10
3 17
4 19
5 13
6 15
7 12
8 17
9 13
10 17
11 17
12 11
13 18
14 16
15 10
16 14

1 16
2 11
3 17
4 17
5 12
6 13
7 16
8 15
9 20
10 15
11 16
12 14
13 18
14 12
15 19
16 19

1 15
2 10
3 17
4 19
5 13
6 15
7 12
8 17
9 13
10 17
11 17
12 11
13 18
14 16
15 10
16 14

1 16
2 11
3 17
4 17
5 12
6 13
7 16
8 15
9 20
10 15
11 16
12 14
13 18
14 12
15 19
16 19

1 15
2 10
3 17
4 19
5 13
6 15
7 12
8 17
9 13
10 17
11 17
12 11
13 18
14 16
15 10
16 14

1 16
2 11
3 17
4 17
5 12
6 13
7 16
8 15
9 20
10 15
11 16
12 14
13 18
14 12
15 19
16 19

1 15
2 10
3 17
4 19
5 13
6 15
7 12
8 17
9 13
10 17
11 17
12 11
13 18
14 16
15 10
16 14

1 16
2 11
3 17
4 17
5 12
6 13
7 16
8 15
9 20
10 15
11 16
12 14
13 18
14 12
15 19
16 19