1 0
2 0
3 0
4 0

1 4
2 8
3 6
4 9

1 9
2 2
3 1
4 1

1 9
2 3
3 9
4 0

1 3
2 4
3 1
4 0

1 2
2 5
3 9
4 2

1 6
2 5
3 2
4 2

1 4
2 8
3 6
4 9

1 9
2 2
3 1
4 1

1 9
2 3
3 9
4 0

1 3
2 4
3 1
4 0

1 2
2 5
3 9
4 2

1 6
2 5
3 2
4 2

1 4
2 8
3 6
4 9

1 9
2 2
3 1
4 1

1 9
2 3
3 9
4 0

1 3
2 4
3 1
4 0

1 2
2 5
3 9
4 2

1 6
2 5
3 2
4 2

1 4
2 8
3 6
4 9

1 9
2 2
3 1
4 1

1 9
2 3
3 9
4 0

1 3
2 4
3 1
4 0

1 2
2 5
3 9
4 2

1 6
2 5
3 2
4 2

1 4
2 8
3 6
4 9

1 9
2 2
3 1
4 1

1 9
2 3
3 9
4 0

1 3
2 4
3 1
4 0

1 2
2 5
3 9
4 2

1 6
2 5
3 2
4 2

1 4
2 8
3 6
4 9

1 9
2 2
3 1
4 1

1 9
2 3
3 9
4 0

1 3
2 4
3 1
4 0

1 2
2 5
3 9
4 2

1 6
2 5
3 2
4 2

1 4
2 8
3 6
4 9

1 9
2 2
3 1
4 1

1 9
2 3
3 9
4 0

1 3
2 4
3 1
4 0

1 2
2 5
3 9
4 2

1 6
2 5
3 2
4 2

1 4
2 8
3 6
4 9

1 9
2 2
3 1
4 1

1 9
2 3
3 9
4 0

1 3
2 4
3 1
4 0

1 2
2 5
3 9
4 2

1 6
2 5
3 2
4 2

1 4
2 8
3 6
4 9

1 9
2 2
3 1
4 1

1 9
2 3
3 9
4 0

1 3
2 4
3 1
4 0

1 2
2 5
3 9
4 2

1 6
2 5
3 2
4 2

1 4
2 8
3 6
4 9

1 9
2 2
3 1
4 1

1 9
2 3
3 9
4 0

1 3
2 4
3 1
4 0

1 2
2 5
3 9
4 2

1 6
2 5
3 2
4 2

1 4
2 8
3 6
4 9

1 9
2 2
3 1
4 1

1 9
2 3
3 9
4 0

1 3
2 4
3 1
4 0

1 2
2 5
3 9
4 2

1 6
2 5
3 2
4 2

1 4
2 8
3 6
4 9

1 9
2 2
3 1
4 1

1 9
2 3
3 9
4 0

1 3
2 4
3 1
4 0

1 2
2 5
3 9
4 2

1 6
2 5
3 2
4 2

1 4
2 8
3 6
4 9

1 9
2 2
3 1
4 1

1 9
2 3
3 9
4 0

1 3
2 4
3 1
4 0

1 2
2 5
3 9
4 2

1 6
2 5
3 2
4 2

1 4
2 8
3 6
4 9

1 9
2 2
3 1
4 1

1 9
2 3
3 9
4 0

1 3
2 4
3 1
4 0

1 2
2 5
3 9
4 2

1 6
2 5
3 2
4 2

1 4
2 8
3 6
4 9

1 9
2 2
3 1
4 1

1 9
2 3
3 9
4 0

1 3
2 4
3 1
4 0

1 2
2 5
3 9
4 2

1 6
2 5
3 2
4 2

1 4
2 8
3 6
4 9

1 9
2 2
3 1
4 1

1 9
2 3
3 9
4 0

1 3
2 4
3 1
4 0

1 2
2 5
3 9
4 2

1 6
2 5
3 2
4 2

1 4
2 8
3 6
4 9

1 9
2 2
3 1
4 1

1 9
2 3
3 9
4 0

1 3
2 4
3 1
4 0

1 2
2 5
3 9
4 2

1 6
2 5
3 2
4 2

1 4
2 8
3 6
4 9

1 9
2 2
3 1
4 1

1 9
2 3
3 9
4 0

1 3
2 4
3 1
4 0

1 2
2 5
3 9
4 2

1 6
2 5
3 2
4 2

1 4
2 8
3 6
4 9

1 9
2 2
3 1
4 1

1 9
2 3
3 9
4 0

1 3
2 4
3 1
4 0

1 2
2 5
3 9
4 2

1 6
2 5
3 2
4 2

1 4
2 8
3 6
4 9

1 9
2 2
3 1
4 1

1 9
2 3
3 9
4 0

1 3
2 4
3 1
4 0

1 2
2 5
3 9
4 2

1 6
2 5
3 2
4 2