1 0
2 0
3 0
4 0
5 0
6 0
7 0
8 0

1 16
2 15
3 12
4 11
5 19
6 20
7 17
8 13

1 10
2 20
3 19
4 12
5 11
6 19
7 13
8 18

1 20
2 16
3 10
4 10
5 14
6 19
7 20
8 10

1 16
2 12
3 20
4 10
5 19
6 20
7 18
8 10

1 12
2 18
3 14
4 11
5 20
6 15
7 10
8 10

1 18
2 15
3 17
4 13
5 18
6 19
7 12
8 16

1 16
2 15
3 12
4 11
5 19
6 20
7 17
8 13

1 10
2 20
3 19
4 12
5 11
6 19
7 13
8 18

1 20
2 16
3 10
4 10
5 14
6 19
7 20
8 10

1 16
2 12
3 20
4 10
5 19
6 20
7 18
8 10

1 12
2 18
3 14
4 11
5 20
6 15
7 10
8 10

1 18
2 15
3 17
4 13
5 18
6 19
7 12
8 16

1 16
2 15
3 12
4 11
5 19
6 20
7 17
8 13

1 10
2 20
3 19
4 12
5 11
6 19
7 13
8 18

1 20
2 16
3 10
4 10
5 14
6 19
7 20
8 10

1 16
2 12
3 20
4 10
5 19
6 20
7 18
8 10

1 12
2 18
3 14
4 11
5 20
6 15
7 10
8 10

1 18
2 15
3 17
4 13
5 18
6 19
7 12
8 16

1 16
2 15
3 12
4 11
5 19
6 20
7 17
8 13

1 10
2 20
3 19
4 12
5 11
6 19
7 13
8 18

1 20
2 16
3 10
4 10
5 14
6 19
7 20
8 10

1 16
2 12
3 20
4 10
5 19
6 20
7 18
8 10

1 12
2 18
3 14
4 11
5 20
6 15
7 10
8 10

1 18
2 15
3 17
4 13
5 18
6 19
7 12
8 16

1 16
2 15
3 12
4 11
5 19
6 20
7 17
8 13

1 10
2 20
3 19
4 12
5 11
6 19
7 13
8 18

1 20
2 16
3 10
4 10
5 14
6 19
7 20
8 10

1 16
2 12
3 20
4 10
5 19
6 20
7 18
8 10

1 12
2 18
3 14
4 11
5 20
6 15
7 10
8 10

1 18
2 15
3 17
4 13
5 18
6 19
7 12
8 16

1 16
2 15
3 12
4 11
5 19
6 20
7 17
8 13

1 10
2 20
3 19
4 12
5 11
6 19
7 13
8 18

1 20
2 16
3 10
4 10
5 14
6 19
7 20
8 10

1 16
2 12
3 20
4 10
5 19
6 20
7 18
8 10

1 12
2 18
3 14
4 11
5 20
6 15
7 10
8 10

1 18
2 15
3 17
4 13
5 18
6 19
7 12
8 16

1 16
2 15
3 12
4 11
5 19
6 20
7 17
8 13

1 10
2 20
3 19
4 12
5 11
6 19
7 13
8 18

1 20
2 16
3 10
4 10
5 14
6 19
7 20
8 10

1 16
2 12
3 20
4 10
5 19
6 20
7 18
8 10

1 12
2 18
3 14
4 11
5 20
6 15
7 10
8 10

1 18
2 15
3 17
4 13
5 18
6 19
7 12
8 16

1 16
2 15
3 12
4 11
5 19
6 20
7 17
8 13

1 10
2 20
3 19
4 12
5 11
6 19
7 13
8 18

1 20
2 16
3 10
4 10
5 14
6 19
7 20
8 10

1 16
2 12
3 20
4 10
5 19
6 20
7 18
8 10

1 12
2 18
3 14
4 11
5 20
6 15
7 10
8 10

1 18
2 15
3 17
4 13
5 18
6 19
7 12
8 16

1 16
2 15
3 12
4 11
5 19
6 20
7 17
8 13

1 10
2 20
3 19
4 12
5 11
6 19
7 13
8 18

1 20
2 16
3 10
4 10
5 14
6 19
7 20
8 10

1 16
2 12
3 20
4 10
5 19
6 20
7 18
8 10

1 12
2 18
3 14
4 11
5 20
6 15
7 10
8 10

1 18
2 15
3 17
4 13
5 18
6 19
7 12
8 16

1 16
2 15
3 12
4 11
5 19
6 20
7 17
8 13

1 10
2 20
3 19
4 12
5 11
6 19
7 13
8 18

1 20
2 16
3 10
4 10
5 14
6 19
7 20
8 10

1 16
2 12
3 20
4 10
5 19
6 20
7 18
8 10

1 12
2 18
3 14
4 11
5 20
6 15
7 10
8 10

1 18
2 15
3 17
4 13
5 18
6 19
7 12
8 16

1 16
2 15
3 12
4 11
5 19
6 20
7 17
8 13

1 10
2 20
3 19
4 12
5 11
6 19
7 13
8 18

1 20
2 16
3 10
4 10
5 14
6 19
7 20
8 10

1 16
2 12
3 20
4 10
5 19
6 20
7 18
8 10

1 12
2 18
3 14
4 11
5 20
6 15
7 10
8 10

1 18
2 15
3 17
4 13
5 18
6 19
7 12
8 16

1 16
2 15
3 12
4 11
5 19
6 20
7 17
8 13

1 10
2 20
3 19
4 12
5 11
6 19
7 13
8 18

1 20
2 16
3 10
4 10
5 14
6 19
7 20
8 10

1 16
2 12
3 20
4 10
5 19
6 20
7 18
8 10

1 12
2 18
3 14
4 11
5 20
6 15
7 10
8 10

1 18
2 15
3 17
4 13
5 18
6 19
7 12
8 16

1 16
2 15
3 12
4 11
5 19
6 20
7 17
8 13

1 10
2 20
3 19
4 12
5 11
6 19
7 13
8 18

1 20
2 16
3 10
4 10
5 14
6 19
7 20
8 10

1 16
2 12
3 20
4 10
5 19
6 20
7 18
8 10

1 12
2 18
3 14
4 11
5 20
6 15
7 10
8 10

1 18
2 15
3 17
4 13
5 18
6 19
7 12
8 16

1 16
2 15
3 12
4 11
5 19
6 20
7 17
8 13

1 10
2 20
3 19
4 12
5 11
6 19
7 13
8 18

1 20
2 16
3 10
4 10
5 14
6 19
7 20
8 10

1 16
2 12
3 20
4 10
5 19
6 20
7 18
8 10

1 12
2 18
3 14
4 11
5 20
6 15
7 10
8 10

1 18
2 15
3 17
4 13
5 18
6 19
7 12
8 16

1 16
2 15
3 12
4 11
5 19
6 20
7 17
8 13

1 10
2 20
3 19
4 12
5 11
6 19
7 13
8 18

1 20
2 16
3 10
4 10
5 14
6 19
7 20
8 10

1 16
2 12
3 20
4 10
5 19
6 20
7 18
8 10

1 12
2 18
3 14
4 11
5 20
6 15
7 10
8 10

1 18
2 15
3 17
4 13
5 18
6 19
7 12
8 16

1 16
2 15
3 12
4 11
5 19
6 20
7 17
8 13

1 10
2 20
3 19
4 12
5 11
6 19
7 13
8 18

1 20
2 16
3 10
4 10
5 14
6 19
7 20
8 10

1 16
2 12
3 20
4 10
5 19
6 20
7 18
8 10

1 12
2 18
3 14
4 11
5 20
6 15
7 10
8 10

1 18
2 15
3 17
4 13
5 18
6 19
7 12
8 16

1 16
2 15
3 12
4 11
5 19
6 20
7 17
8 13

1 10
2 20
3 19
4 12
5 11
6 19
7 13
8 18

1 20
2 16
3 10
4 10
5 14
6 19
7 20
8 10

1 16
2 12
3 20
4 10
5 19
6 20
7 18
8 10

1 12
2 18
3 14
4 11
5 20
6 15
7 10
8 10

1 18
2 15
3 17
4 13
5 18
6 19
7 12
8 16

1 16
2 15
3 12
4 11
5 19
6 20
7 17
8 13

1 10
2 20
3 19
4 12
5 11
6 19
7 13
8 18

1 20
2 16
3 10
4 10
5 14
6 19
7 20
8 10

1 16
2 12
3 20
4 10
5 19
6 20
7 18
8 10

1 12
2 18
3 14
4 11
5 20
6 15
7 10
8 10

1 18
2 15
3 17
4 13
5 18
6 19
7 12
8 16

1 16
2 15
3 12
4 11
5 19
6 20
7 17
8 13

1 10
2 20
3 19
4 12
5 11
6 19
7 13
8 18

1 20
2 16
3 10
4 10
5 14
6 19
7 20
8 10

1 16
2 12
3 20
4 10
5 19
6 20
7 18
8 10

1 12
2 18
3 14
4 11
5 20
6 15
7 10
8 10

1 18
2 15
3 17
4 13
5 18
6 19
7 12
8 16

1 16
2 15
3 12
4 11
5 19
6 20
7 17
8 13

1 10
2 20
3 19
4 12
5 11
6 19
7 13
8 18

1 20
2 16
3 10
4 10
5 14
6 19
7 20
8 10

1 16
2 12
3 20
4 10
5 19
6 20
7 18
8 10

1 12
2 18
3 14
4 11
5 20
6 15
7 10
8 10

1 18
2 15
3 17
4 13
5 18
6 19
7 12
8 16