1 0
2 0
3 0
4 0

1 0
2 4
3 5
4 6

1 3
2 8
3 2
4 1

1 5
2 9
3 3
4 6

1 9
2 5
3 7
4 6

1 1
2 3
3 0
4 1

1 1
2 9
3 6
4 3

1 0
2 4
3 5
4 6

1 3
2 8
3 2
4 1

1 5
2 9
3 3
4 6

1 9
2 5
3 7
4 6

1 1
2 3
3 0
4 1

1 1
2 9
3 6
4 3

1 0
2 4
3 5
4 6

1 3
2 8
3 2
4 1

1 5
2 9
3 3
4 6

1 9
2 5
3 7
4 6

1 1
2 3
3 0
4 1

1 1
2 9
3 6
4 3

1 0
2 4
3 5
4 6

1 3
2 8
3 2
4 1

1 5
2 9
3 3
4 6

1 9
2 5
3 7
4 6

1 1
2 3
3 0
4 1

1 1
2 9
3 6
4 3

1 0
2 4
3 5
4 6

1 3
2 8
3 2
4 1

1 5
2 9
3 3
4 6

1 9
2 5
3 7
4 6

1 1
2 3
3 0
4 1

1 1
2 9
3 6
4 3

1 0
2 4
3 5
4 6

1 3
2 8
3 2
4 1

1 5
2 9
3 3
4 6

1 9
2 5
3 7
4 6

1 1
2 3
3 0
4 1

1 1
2 9
3 6
4 3

1 0
2 4
3 5
4 6

1 3
2 8
3 2
4 1

1 5
2 9
3 3
4 6

1 9
2 5
3 7
4 6

1 1
2 3
3 0
4 1

1 1
2 9
3 6
4 3

1 0
2 4
3 5
4 6

1 3
2 8
3 2
4 1

1 5
2 9
3 3
4 6

1 9
2 5
3 7
4 6

1 1
2 3
3 0
4 1

1 1
2 9
3 6
4 3

1 0
2 4
3 5
4 6

1 3
2 8
3 2
4 1

1 5
2 9
3 3
4 6

1 9
2 5
3 7
4 6

1 1
2 3
3 0
4 1

1 1
2 9
3 6
4 3

1 0
2 4
3 5
4 6

1 3
2 8
3 2
4 1

1 5
2 9
3 3
4 6

1 9
2 5
3 7
4 6

1 1
2 3
3 0
4 1

1 1
2 9
3 6
4 3

1 0
2 4
3 5
4 6

1 3
2 8
3 2
4 1

1 5
2 9
3 3
4 6

1 9
2 5
3 7
4 6

1 1
2 3
3 0
4 1

1 1
2 9
3 6
4 3

1 0
2 4
3 5
4 6

1 3
2 8
3 2
4 1

1 5
2 9
3 3
4 6

1 9
2 5
3 7
4 6

1 1
2 3
3 0
4 1

1 1
2 9
3 6
4 3

1 0
2 4
3 5
4 6

1 3
2 8
3 2
4 1

1 5
2 9
3 3
4 6

1 9
2 5
3 7
4 6

1 1
2 3
3 0
4 1

1 1
2 9
3 6
4 3

1 0
2 4
3 5
4 6

1 3
2 8
3 2
4 1

1 5
2 9
3 3
4 6

1 9
2 5
3 7
4 6

1 1
2 3
3 0
4 1

1 1
2 9
3 6
4 3

1 0
2 4
3 5
4 6

1 3
2 8
3 2
4 1

1 5
2 9
3 3
4 6

1 9
2 5
3 7
4 6

1 1
2 3
3 0
4 1

1 1
2 9
3 6
4 3