1 0
2 0
3 0
4 0
5 0
6 0
7 0
8 0
9 0
10 0
11 0
12 0
13 0
14 0
15 0
16 0

1 1
2 7
3 0
4 6
5 4
6 9
7 3
8 4
9 8
10 4
11 2
12 6
13 0
14 9
15 6
16 7

1 6
2 1
3 7
4 8
5 6
6 0
7 6
8 4
9 3
10 0
11 4
12 4
13 7
14 9
15 3
16 8

1 1
2 7
3 0
4 6
5 4
6 9
7 3
8 4
9 8
10 4
11 2
12 6
13 0
14 9
15 6
16 7

1 6
2 1
3 7
4 8
5 6
6 0
7 6
8 4
9 3
10 0
11 4
12 4
13 7
14 9
15 3
16 8

1 1
2 7
3 0
4 6
5 4
6 9
7 3
8 4
9 8
10 4
11 2
12 6
13 0
14 9
15 6
16 7

1 6
2 1
3 7
4 8
5 6
6 0
7 6
8 4
9 3
10 0
11 4
12 4
13 7
14 9
15 3
16 8

1 1
2 7
3 0
4 6
5 4
6 9
7 3
8 4
9 8
10 4
11 2
12 6
13 0
14 9
15 6
16 7

1 6
2 1
3 7
4 8
5 6
6 0
7 6
8 4
9 3
10 0
11 4
12 4
13 7
14 9
15 3
16 8

1 1
2 7
3 0
4 6
5 4
6 9
7 3
8 4
9 8
10 4
11 2
12 6
13 0
14 9
15 6
16 7

1 6
2 1
3 7
4 8
5 6
6 0
7 6
8 4
9 3
10 0
11 4
12 4
13 7
14 9
15 3
16 8

1 1
2 7
3 0
4 6
5 4
6 9
7 3
8 4
9 8
10 4
11 2
12 6
13 0
14 9
15 6
16 7

1 6
2 1
3 7
4 8
5 6
6 0
7 6
8 4
9 3
10 0
11 4
12 4
13 7
14 9
15 3
16 8

1 1
2 7
3 0
4 6
5 4
6 9
7 3
8 4
9 8
10 4
11 2
12 6
13 0
14 9
15 6
16 7

1 6
2 1
3 7
4 8
5 6
6 0
7 6
8 4
9 3
10 0
11 4
12 4
13 7
14 9
15 3
16 8

1 1
2 7
3 0
4 6
5 4
6 9
7 3
8 4
9 8
10 4
11 2
12 6
13 0
14 9
15 6
16 7

1 6
2 1
3 7
4 8
5 6
6 0
7 6
8 4
9 3
10 0
11 4
12 4
13 7
14 9
15 3
16 8

1 1
2 7
3 0
4 6
5 4
6 9
7 3
8 4
9 8
10 4
11 2
12 6
13 0
14 9
15 6
16 7

1 6
2 1
3 7
4 8
5 6
6 0
7 6
8 4
9 3
10 0
11 4
12 4
13 7
14 9
15 3
16 8

1 1
2 7
3 0
4 6
5 4
6 9
7 3
8 4
9 8
10 4
11 2
12 6
13 0
14 9
15 6
16 7

1 6
2 1
3 7
4 8
5 6
6 0
7 6
8 4
9 3
10 0
11 4
12 4
13 7
14 9
15 3
16 8