1 0
2 0
3 0
4 0

1 11
2 10
3 15
4 12

1 17
2 20
3 13
4 15

1 19
2 12
3 10
4 14

1 14
2 14
3 17
4 20

1 17
2 20
3 11
4 16

1 20
2 19
3 16
4 16

1 11
2 10
3 15
4 12

1 17
2 20
3 13
4 15

1 19
2 12
3 10
4 14

1 14
2 14
3 17
4 20

1 17
2 20
3 11
4 16

1 20
2 19
3 16
4 16

1 11
2 10
3 15
4 12

1 17
2 20
3 13
4 15

1 19
2 12
3 10
4 14

1 14
2 14
3 17
4 20

1 17
2 20
3 11
4 16

1 20
2 19
3 16
4 16

1 11
2 10
3 15
4 12

1 17
2 20
3 13
4 15

1 19
2 12
3 10
4 14

1 14
2 14
3 17
4 20

1 17
2 20
3 11
4 16

1 20
2 19
3 16
4 16

1 11
2 10
3 15
4 12

1 17
2 20
3 13
4 15

1 19
2 12
3 10
4 14

1 14
2 14
3 17
4 20

1 17
2 20
3 11
4 16

1 20
2 19
3 16
4 16

1 11
2 10
3 15
4 12

1 17
2 20
3 13
4 15

1 19
2 12
3 10
4 14

1 14
2 14
3 17
4 20

1 17
2 20
3 11
4 16

1 20
2 19
3 16
4 16

1 11
2 10
3 15
4 12

1 17
2 20
3 13
4 15

1 19
2 12
3 10
4 14

1 14
2 14
3 17
4 20

1 17
2 20
3 11
4 16

1 20
2 19
3 16
4 16

1 11
2 10
3 15
4 12

1 17
2 20
3 13
4 15

1 19
2 12
3 10
4 14

1 14
2 14
3 17
4 20

1 17
2 20
3 11
4 16

1 20
2 19
3 16
4 16

1 11
2 10
3 15
4 12

1 17
2 20
3 13
4 15

1 19
2 12
3 10
4 14

1 14
2 14
3 17
4 20

1 17
2 20
3 11
4 16

1 20
2 19
3 16
4 16

1 11
2 10
3 15
4 12

1 17
2 20
3 13
4 15

1 19
2 12
3 10
4 14

1 14
2 14
3 17
4 20

1 17
2 20
3 11
4 16

1 20
2 19
3 16
4 16

1 11
2 10
3 15
4 12

1 17
2 20
3 13
4 15

1 19
2 12
3 10
4 14

1 14
2 14
3 17
4 20

1 17
2 20
3 11
4 16

1 20
2 19
3 16
4 16

1 11
2 10
3 15
4 12

1 17
2 20
3 13
4 15

1 19
2 12
3 10
4 14

1 14
2 14
3 17
4 20

1 17
2 20
3 11
4 16

1 20
2 19
3 16
4 16

1 11
2 10
3 15
4 12

1 17
2 20
3 13
4 15

1 19
2 12
3 10
4 14

1 14
2 14
3 17
4 20

1 17
2 20
3 11
4 16

1 20
2 19
3 16
4 16

1 11
2 10
3 15
4 12

1 17
2 20
3 13
4 15

1 19
2 12
3 10
4 14

1 14
2 14
3 17
4 20

1 17
2 20
3 11
4 16

1 20
2 19
3 16
4 16

1 11
2 10
3 15
4 12

1 17
2 20
3 13
4 15

1 19
2 12
3 10
4 14

1 14
2 14
3 17
4 20

1 17
2 20
3 11
4 16

1 20
2 19
3 16
4 16

1 11
2 10
3 15
4 12

1 17
2 20
3 13
4 15

1 19
2 12
3 10
4 14

1 14
2 14
3 17
4 20

1 17
2 20
3 11
4 16

1 20
2 19
3 16
4 16

1 11
2 10
3 15
4 12

1 17
2 20
3 13
4 15

1 19
2 12
3 10
4 14

1 14
2 14
3 17
4 20

1 17
2 20
3 11
4 16

1 20
2 19
3 16
4 16

1 11
2 10
3 15
4 12

1 17
2 20
3 13
4 15

1 19
2 12
3 10
4 14

1 14
2 14
3 17
4 20

1 17
2 20
3 11
4 16

1 20
2 19
3 16
4 16

1 11
2 10
3 15
4 12

1 17
2 20
3 13
4 15

1 19
2 12
3 10
4 14

1 14
2 14
3 17
4 20

1 17
2 20
3 11
4 16

1 20
2 19
3 16
4 16

1 11
2 10
3 15
4 12

1 17
2 20
3 13
4 15

1 19
2 12
3 10
4 14

1 14
2 14
3 17
4 20

1 17
2 20
3 11
4 16

1 20
2 19
3 16
4 16