1 0
2 0
3 0
4 0
5 0
6 0
7 0
8 0
9 0
10 0
11 0
12 0
13 0
14 0
15 0
16 0

1 1
2 6
3 6
4 1
5 0
6 1
7 7
8 0
9 0
10 6
11 9
12 7
13 3
14 5
15 3
16 6

1 4
2 7
3 2
4 7
5 4
6 8
7 3
8 8
9 6
10 9
11 4
12 4
13 2
14 7
15 7
16 6

1 1
2 6
3 6
4 1
5 0
6 1
7 7
8 0
9 0
10 6
11 9
12 7
13 3
14 5
15 3
16 6

1 4
2 7
3 2
4 7
5 4
6 8
7 3
8 8
9 6
10 9
11 4
12 4
13 2
14 7
15 7
16 6

1 1
2 6
3 6
4 1
5 0
6 1
7 7
8 0
9 0
10 6
11 9
12 7
13 3
14 5
15 3
16 6

1 4
2 7
3 2
4 7
5 4
6 8
7 3
8 8
9 6
10 9
11 4
12 4
13 2
14 7
15 7
16 6

1 1
2 6
3 6
4 1
5 0
6 1
7 7
8 0
9 0
10 6
11 9
12 7
13 3
14 5
15 3
16 6

1 4
2 7
3 2
4 7
5 4
6 8
7 3
8 8
9 6
10 9
11 4
12 4
13 2
14 7
15 7
16 6

1 1
2 6
3 6
4 1
5 0
6 1
7 7
8 0
9 0
10 6
11 9
12 7
13 3
14 5
15 3
16 6

1 4
2 7
3 2
4 7
5 4
6 8
7 3
8 8
9 6
10 9
11 4
12 4
13 2
14 7
15 7
16 6

1 1
2 6
3 6
4 1
5 0
6 1
7 7
8 0
9 0
10 6
11 9
12 7
13 3
14 5
15 3
16 6

1 4
2 7
3 2
4 7
5 4
6 8
7 3
8 8
9 6
10 9
11 4
12 4
13 2
14 7
15 7
16 6

1 1
2 6
3 6
4 1
5 0
6 1
7 7
8 0
9 0
10 6
11 9
12 7
13 3
14 5
15 3
16 6

1 4
2 7
3 2
4 7
5 4
6 8
7 3
8 8
9 6
10 9
11 4
12 4
13 2
14 7
15 7
16 6

1 1
2 6
3 6
4 1
5 0
6 1
7 7
8 0
9 0
10 6
11 9
12 7
13 3
14 5
15 3
16 6

1 4
2 7
3 2
4 7
5 4
6 8
7 3
8 8
9 6
10 9
11 4
12 4
13 2
14 7
15 7
16 6

1 1
2 6
3 6
4 1
5 0
6 1
7 7
8 0
9 0
10 6
11 9
12 7
13 3
14 5
15 3
16 6

1 4
2 7
3 2
4 7
5 4
6 8
7 3
8 8
9 6
10 9
11 4
12 4
13 2
14 7
15 7
16 6

1 1
2 6
3 6
4 1
5 0
6 1
7 7
8 0
9 0
10 6
11 9
12 7
13 3
14 5
15 3
16 6

1 4
2 7
3 2
4 7
5 4
6 8
7 3
8 8
9 6
10 9
11 4
12 4
13 2
14 7
15 7
16 6

1 1
2 6
3 6
4 1
5 0
6 1
7 7
8 0
9 0
10 6
11 9
12 7
13 3
14 5
15 3
16 6

1 4
2 7
3 2
4 7
5 4
6 8
7 3
8 8
9 6
10 9
11 4
12 4
13 2
14 7
15 7
16 6

1 1
2 6
3 6
4 1
5 0
6 1
7 7
8 0
9 0
10 6
11 9
12 7
13 3
14 5
15 3
16 6

1 4
2 7
3 2
4 7
5 4
6 8
7 3
8 8
9 6
10 9
11 4
12 4
13 2
14 7
15 7
16 6

1 1
2 6
3 6
4 1
5 0
6 1
7 7
8 0
9 0
10 6
11 9
12 7
13 3
14 5
15 3
16 6

1 4
2 7
3 2
4 7
5 4
6 8
7 3
8 8
9 6
10 9
11 4
12 4
13 2
14 7
15 7
16 6

1 1
2 6
3 6
4 1
5 0
6 1
7 7
8 0
9 0
10 6
11 9
12 7
13 3
14 5
15 3
16 6

1 4
2 7
3 2
4 7
5 4
6 8
7 3
8 8
9 6
10 9
11 4
12 4
13 2
14 7
15 7
16 6

1 1
2 6
3 6
4 1
5 0
6 1
7 7
8 0
9 0
10 6
11 9
12 7
13 3
14 5
15 3
16 6

1 4
2 7
3 2
4 7
5 4
6 8
7 3
8 8
9 6
10 9
11 4
12 4
13 2
14 7
15 7
16 6