1 0
2 0
3 0
4 0
5 0
6 0
7 0
8 0

1 18
2 20
3 13
4 17
5 18
6 17
7 14
8 13

1 11
2 17
3 17
4 15
5 10
6 11
7 18
8 14

1 15
2 13
3 14
4 12
5 16
6 14
7 20
8 10

1 15
2 14
3 18
4 18
5 12
6 14
7 16
8 18

1 18
2 18
3 13
4 20
5 10
6 16
7 16
8 14

1 19
2 15
3 20
4 13
5 13
6 16
7 18
8 14

1 18
2 20
3 13
4 17
5 18
6 17
7 14
8 13

1 11
2 17
3 17
4 15
5 10
6 11
7 18
8 14

1 15
2 13
3 14
4 12
5 16
6 14
7 20
8 10

1 15
2 14
3 18
4 18
5 12
6 14
7 16
8 18

1 18
2 18
3 13
4 20
5 10
6 16
7 16
8 14

1 19
2 15
3 20
4 13
5 13
6 16
7 18
8 14

1 18
2 20
3 13
4 17
5 18
6 17
7 14
8 13

1 11
2 17
3 17
4 15
5 10
6 11
7 18
8 14

1 15
2 13
3 14
4 12
5 16
6 14
7 20
8 10

1 15
2 14
3 18
4 18
5 12
6 14
7 16
8 18

1 18
2 18
3 13
4 20
5 10
6 16
7 16
8 14

1 19
2 15
3 20
4 13
5 13
6 16
7 18
8 14

1 18
2 20
3 13
4 17
5 18
6 17
7 14
8 13

1 11
2 17
3 17
4 15
5 10
6 11
7 18
8 14

1 15
2 13
3 14
4 12
5 16
6 14
7 20
8 10

1 15
2 14
3 18
4 18
5 12
6 14
7 16
8 18

1 18
2 18
3 13
4 20
5 10
6 16
7 16
8 14

1 19
2 15
3 20
4 13
5 13
6 16
7 18
8 14

1 18
2 20
3 13
4 17
5 18
6 17
7 14
8 13

1 11
2 17
3 17
4 15
5 10
6 11
7 18
8 14

1 15
2 13
3 14
4 12
5 16
6 14
7 20
8 10

1 15
2 14
3 18
4 18
5 12
6 14
7 16
8 18

1 18
2 18
3 13
4 20
5 10
6 16
7 16
8 14

1 19
2 15
3 20
4 13
5 13
6 16
7 18
8 14

1 18
2 20
3 13
4 17
5 18
6 17
7 14
8 13

1 11
2 17
3 17
4 15
5 10
6 11
7 18
8 14

1 15
2 13
3 14
4 12
5 16
6 14
7 20
8 10

1 15
2 14
3 18
4 18
5 12
6 14
7 16
8 18

1 18
2 18
3 13
4 20
5 10
6 16
7 16
8 14

1 19
2 15
3 20
4 13
5 13
6 16
7 18
8 14

1 18
2 20
3 13
4 17
5 18
6 17
7 14
8 13

1 11
2 17
3 17
4 15
5 10
6 11
7 18
8 14

1 15
2 13
3 14
4 12
5 16
6 14
7 20
8 10

1 15
2 14
3 18
4 18
5 12
6 14
7 16
8 18

1 18
2 18
3 13
4 20
5 10
6 16
7 16
8 14

1 19
2 15
3 20
4 13
5 13
6 16
7 18
8 14

1 18
2 20
3 13
4 17
5 18
6 17
7 14
8 13

1 11
2 17
3 17
4 15
5 10
6 11
7 18
8 14

1 15
2 13
3 14
4 12
5 16
6 14
7 20
8 10

1 15
2 14
3 18
4 18
5 12
6 14
7 16
8 18

1 18
2 18
3 13
4 20
5 10
6 16
7 16
8 14

1 19
2 15
3 20
4 13
5 13
6 16
7 18
8 14

1 18
2 20
3 13
4 17
5 18
6 17
7 14
8 13

1 11
2 17
3 17
4 15
5 10
6 11
7 18
8 14

1 15
2 13
3 14
4 12
5 16
6 14
7 20
8 10

1 15
2 14
3 18
4 18
5 12
6 14
7 16
8 18

1 18
2 18
3 13
4 20
5 10
6 16
7 16
8 14

1 19
2 15
3 20
4 13
5 13
6 16
7 18
8 14

1 18
2 20
3 13
4 17
5 18
6 17
7 14
8 13

1 11
2 17
3 17
4 15
5 10
6 11
7 18
8 14

1 15
2 13
3 14
4 12
5 16
6 14
7 20
8 10

1 15
2 14
3 18
4 18
5 12
6 14
7 16
8 18

1 18
2 18
3 13
4 20
5 10
6 16
7 16
8 14

1 19
2 15
3 20
4 13
5 13
6 16
7 18
8 14

1 18
2 20
3 13
4 17
5 18
6 17
7 14
8 13

1 11
2 17
3 17
4 15
5 10
6 11
7 18
8 14

1 15
2 13
3 14
4 12
5 16
6 14
7 20
8 10

1 15
2 14
3 18
4 18
5 12
6 14
7 16
8 18

1 18
2 18
3 13
4 20
5 10
6 16
7 16
8 14

1 19
2 15
3 20
4 13
5 13
6 16
7 18
8 14

1 18
2 20
3 13
4 17
5 18
6 17
7 14
8 13

1 11
2 17
3 17
4 15
5 10
6 11
7 18
8 14

1 15
2 13
3 14
4 12
5 16
6 14
7 20
8 10

1 15
2 14
3 18
4 18
5 12
6 14
7 16
8 18

1 18
2 18
3 13
4 20
5 10
6 16
7 16
8 14

1 19
2 15
3 20
4 13
5 13
6 16
7 18
8 14

1 18
2 20
3 13
4 17
5 18
6 17
7 14
8 13

1 11
2 17
3 17
4 15
5 10
6 11
7 18
8 14

1 15
2 13
3 14
4 12
5 16
6 14
7 20
8 10

1 15
2 14
3 18
4 18
5 12
6 14
7 16
8 18

1 18
2 18
3 13
4 20
5 10
6 16
7 16
8 14

1 19
2 15
3 20
4 13
5 13
6 16
7 18
8 14

1 18
2 20
3 13
4 17
5 18
6 17
7 14
8 13

1 11
2 17
3 17
4 15
5 10
6 11
7 18
8 14

1 15
2 13
3 14
4 12
5 16
6 14
7 20
8 10

1 15
2 14
3 18
4 18
5 12
6 14
7 16
8 18

1 18
2 18
3 13
4 20
5 10
6 16
7 16
8 14

1 19
2 15
3 20
4 13
5 13
6 16
7 18
8 14

1 18
2 20
3 13
4 17
5 18
6 17
7 14
8 13

1 11
2 17
3 17
4 15
5 10
6 11
7 18
8 14

1 15
2 13
3 14
4 12
5 16
6 14
7 20
8 10

1 15
2 14
3 18
4 18
5 12
6 14
7 16
8 18

1 18
2 18
3 13
4 20
5 10
6 16
7 16
8 14

1 19
2 15
3 20
4 13
5 13
6 16
7 18
8 14

1 18
2 20
3 13
4 17
5 18
6 17
7 14
8 13

1 11
2 17
3 17
4 15
5 10
6 11
7 18
8 14

1 15
2 13
3 14
4 12
5 16
6 14
7 20
8 10

1 15
2 14
3 18
4 18
5 12
6 14
7 16
8 18

1 18
2 18
3 13
4 20
5 10
6 16
7 16
8 14

1 19
2 15
3 20
4 13
5 13
6 16
7 18
8 14

1 18
2 20
3 13
4 17
5 18
6 17
7 14
8 13

1 11
2 17
3 17
4 15
5 10
6 11
7 18
8 14

1 15
2 13
3 14
4 12
5 16
6 14
7 20
8 10

1 15
2 14
3 18
4 18
5 12
6 14
7 16
8 18

1 18
2 18
3 13
4 20
5 10
6 16
7 16
8 14

1 19
2 15
3 20
4 13
5 13
6 16
7 18
8 14

1 18
2 20
3 13
4 17
5 18
6 17
7 14
8 13

1 11
2 17
3 17
4 15
5 10
6 11
7 18
8 14

1 15
2 13
3 14
4 12
5 16
6 14
7 20
8 10

1 15
2 14
3 18
4 18
5 12
6 14
7 16
8 18

1 18
2 18
3 13
4 20
5 10
6 16
7 16
8 14

1 19
2 15
3 20
4 13
5 13
6 16
7 18
8 14

1 18
2 20
3 13
4 17
5 18
6 17
7 14
8 13

1 11
2 17
3 17
4 15
5 10
6 11
7 18
8 14

1 15
2 13
3 14
4 12
5 16
6 14
7 20
8 10

1 15
2 14
3 18
4 18
5 12
6 14
7 16
8 18

1 18
2 18
3 13
4 20
5 10
6 16
7 16
8 14

1 19
2 15
3 20
4 13
5 13
6 16
7 18
8 14

1 18
2 20
3 13
4 17
5 18
6 17
7 14
8 13

1 11
2 17
3 17
4 15
5 10
6 11
7 18
8 14

1 15
2 13
3 14
4 12
5 16
6 14
7 20
8 10

1 15
2 14
3 18
4 18
5 12
6 14
7 16
8 18

1 18
2 18
3 13
4 20
5 10
6 16
7 16
8 14

1 19
2 15
3 20
4 13
5 13
6 16
7 18
8 14