1 0
2 0
3 0
4 0
5 0
6 0
7 0
8 0

1 5
2 2
3 0
4 3
5 9
6 0
7 2
8 7

1 9
2 9
3 0
4 7
5 3
6 6
7 2
8 3

1 6
2 6
3 2
4 4
5 9
6 5
7 3
8 1

1 7
2 1
3 0
4 4
5 7
6 2
7 1
8 0

1 5
2 2
3 0
4 3
5 9
6 0
7 2
8 7

1 9
2 9
3 0
4 7
5 3
6 6
7 2
8 3

1 6
2 6
3 2
4 4
5 9
6 5
7 3
8 1

1 7
2 1
3 0
4 4
5 7
6 2
7 1
8 0

1 5
2 2
3 0
4 3
5 9
6 0
7 2
8 7

1 9
2 9
3 0
4 7
5 3
6 6
7 2
8 3

1 6
2 6
3 2
4 4
5 9
6 5
7 3
8 1

1 7
2 1
3 0
4 4
5 7
6 2
7 1
8 0

1 5
2 2
3 0
4 3
5 9
6 0
7 2
8 7

1 9
2 9
3 0
4 7
5 3
6 6
7 2
8 3

1 6
2 6
3 2
4 4
5 9
6 5
7 3
8 1

1 7
2 1
3 0
4 4
5 7
6 2
7 1
8 0

1 5
2 2
3 0
4 3
5 9
6 0
7 2
8 7

1 9
2 9
3 0
4 7
5 3
6 6
7 2
8 3

1 6
2 6
3 2
4 4
5 9
6 5
7 3
8 1

1 7
2 1
3 0
4 4
5 7
6 2
7 1
8 0

1 5
2 2
3 0
4 3
5 9
6 0
7 2
8 7

1 9
2 9
3 0
4 7
5 3
6 6
7 2
8 3

1 6
2 6
3 2
4 4
5 9
6 5
7 3
8 1

1 7
2 1
3 0
4 4
5 7
6 2
7 1
8 0

1 5
2 2
3 0
4 3
5 9
6 0
7 2
8 7

1 9
2 9
3 0
4 7
5 3
6 6
7 2
8 3

1 6
2 6
3 2
4 4
5 9
6 5
7 3
8 1

1 7
2 1
3 0
4 4
5 7
6 2
7 1
8 0

1 5
2 2
3 0
4 3
5 9
6 0
7 2
8 7

1 9
2 9
3 0
4 7
5 3
6 6
7 2
8 3

1 6
2 6
3 2
4 4
5 9
6 5
7 3
8 1

1 7
2 1
3 0
4 4
5 7
6 2
7 1
8 0

1 5
2 2
3 0
4 3
5 9
6 0
7 2
8 7

1 9
2 9
3 0
4 7
5 3
6 6
7 2
8 3

1 6
2 6
3 2
4 4
5 9
6 5
7 3
8 1

1 7
2 1
3 0
4 4
5 7
6 2
7 1
8 0

1 5
2 2
3 0
4 3
5 9
6 0
7 2
8 7

1 9
2 9
3 0
4 7
5 3
6 6
7 2
8 3

1 6
2 6
3 2
4 4
5 9
6 5
7 3
8 1

1 7
2 1
3 0
4 4
5 7
6 2
7 1
8 0

1 5
2 2
3 0
4 3
5 9
6 0
7 2
8 7

1 9
2 9
3 0
4 7
5 3
6 6
7 2
8 3

1 6
2 6
3 2
4 4
5 9
6 5
7 3
8 1

1 7
2 1
3 0
4 4
5 7
6 2
7 1
8 0

1 5
2 2
3 0
4 3
5 9
6 0
7 2
8 7

1 9
2 9
3 0
4 7
5 3
6 6
7 2
8 3

1 6
2 6
3 2
4 4
5 9
6 5
7 3
8 1

1 7
2 1
3 0
4 4
5 7
6 2
7 1
8 0

1 5
2 2
3 0
4 3
5 9
6 0
7 2
8 7

1 9
2 9
3 0
4 7
5 3
6 6
7 2
8 3

1 6
2 6
3 2
4 4
5 9
6 5
7 3
8 1

1 7
2 1
3 0
4 4
5 7
6 2
7 1
8 0

1 5
2 2
3 0
4 3
5 9
6 0
7 2
8 7

1 9
2 9
3 0
4 7
5 3
6 6
7 2
8 3

1 6
2 6
3 2
4 4
5 9
6 5
7 3
8 1

1 7
2 1
3 0
4 4
5 7
6 2
7 1
8 0

1 5
2 2
3 0
4 3
5 9
6 0
7 2
8 7

1 9
2 9
3 0
4 7
5 3
6 6
7 2
8 3

1 6
2 6
3 2
4 4
5 9
6 5
7 3
8 1

1 7
2 1
3 0
4 4
5 7
6 2
7 1
8 0