1 0
2 0
3 0
4 0
5 0
6 0
7 0
8 0

1 5
2 1
3 7
4 9
5 4
6 0
7 1
8 0

1 8
2 4
3 8
4 5
5 9
6 3
7 2
8 6

1 8
2 7
3 1
4 9
5 0
6 1
7 0
8 8

1 1
2 1
3 7
4 0
5 0
6 6
7 4
8 3

1 8
2 1
3 4
4 1
5 4
6 6
7 5
8 6

1 4
2 0
3 7
4 0
5 3
6 4
7 7
8 4

1 5
2 1
3 7
4 9
5 4
6 0
7 1
8 0

1 8
2 4
3 8
4 5
5 9
6 3
7 2
8 6

1 8
2 7
3 1
4 9
5 0
6 1
7 0
8 8

1 1
2 1
3 7
4 0
5 0
6 6
7 4
8 3

1 8
2 1
3 4
4 1
5 4
6 6
7 5
8 6

1 4
2 0
3 7
4 0
5 3
6 4
7 7
8 4

1 5
2 1
3 7
4 9
5 4
6 0
7 1
8 0

1 8
2 4
3 8
4 5
5 9
6 3
7 2
8 6

1 8
2 7
3 1
4 9
5 0
6 1
7 0
8 8

1 1
2 1
3 7
4 0
5 0
6 6
7 4
8 3

1 8
2 1
3 4
4 1
5 4
6 6
7 5
8 6

1 4
2 0
3 7
4 0
5 3
6 4
7 7
8 4

1 5
2 1
3 7
4 9
5 4
6 0
7 1
8 0

1 8
2 4
3 8
4 5
5 9
6 3
7 2
8 6

1 8
2 7
3 1
4 9
5 0
6 1
7 0
8 8

1 1
2 1
3 7
4 0
5 0
6 6
7 4
8 3

1 8
2 1
3 4
4 1
5 4
6 6
7 5
8 6

1 4
2 0
3 7
4 0
5 3
6 4
7 7
8 4

1 5
2 1
3 7
4 9
5 4
6 0
7 1
8 0

1 8
2 4
3 8
4 5
5 9
6 3
7 2
8 6

1 8
2 7
3 1
4 9
5 0
6 1
7 0
8 8

1 1
2 1
3 7
4 0
5 0
6 6
7 4
8 3

1 8
2 1
3 4
4 1
5 4
6 6
7 5
8 6

1 4
2 0
3 7
4 0
5 3
6 4
7 7
8 4

1 5
2 1
3 7
4 9
5 4
6 0
7 1
8 0

1 8
2 4
3 8
4 5
5 9
6 3
7 2
8 6

1 8
2 7
3 1
4 9
5 0
6 1
7 0
8 8

1 1
2 1
3 7
4 0
5 0
6 6
7 4
8 3

1 8
2 1
3 4
4 1
5 4
6 6
7 5
8 6

1 4
2 0
3 7
4 0
5 3
6 4
7 7
8 4

1 5
2 1
3 7
4 9
5 4
6 0
7 1
8 0

1 8
2 4
3 8
4 5
5 9
6 3
7 2
8 6

1 8
2 7
3 1
4 9
5 0
6 1
7 0
8 8

1 1
2 1
3 7
4 0
5 0
6 6
7 4
8 3

1 8
2 1
3 4
4 1
5 4
6 6
7 5
8 6

1 4
2 0
3 7
4 0
5 3
6 4
7 7
8 4

1 5
2 1
3 7
4 9
5 4
6 0
7 1
8 0

1 8
2 4
3 8
4 5
5 9
6 3
7 2
8 6

1 8
2 7
3 1
4 9
5 0
6 1
7 0
8 8

1 1
2 1
3 7
4 0
5 0
6 6
7 4
8 3

1 8
2 1
3 4
4 1
5 4
6 6
7 5
8 6

1 4
2 0
3 7
4 0
5 3
6 4
7 7
8 4

1 5
2 1
3 7
4 9
5 4
6 0
7 1
8 0

1 8
2 4
3 8
4 5
5 9
6 3
7 2
8 6

1 8
2 7
3 1
4 9
5 0
6 1
7 0
8 8

1 1
2 1
3 7
4 0
5 0
6 6
7 4
8 3

1 8
2 1
3 4
4 1
5 4
6 6
7 5
8 6

1 4
2 0
3 7
4 0
5 3
6 4
7 7
8 4

1 5
2 1
3 7
4 9
5 4
6 0
7 1
8 0

1 8
2 4
3 8
4 5
5 9
6 3
7 2
8 6

1 8
2 7
3 1
4 9
5 0
6 1
7 0
8 8

1 1
2 1
3 7
4 0
5 0
6 6
7 4
8 3

1 8
2 1
3 4
4 1
5 4
6 6
7 5
8 6

1 4
2 0
3 7
4 0
5 3
6 4
7 7
8 4

1 5
2 1
3 7
4 9
5 4
6 0
7 1
8 0

1 8
2 4
3 8
4 5
5 9
6 3
7 2
8 6

1 8
2 7
3 1
4 9
5 0
6 1
7 0
8 8

1 1
2 1
3 7
4 0
5 0
6 6
7 4
8 3

1 8
2 1
3 4
4 1
5 4
6 6
7 5
8 6

1 4
2 0
3 7
4 0
5 3
6 4
7 7
8 4

1 5
2 1
3 7
4 9
5 4
6 0
7 1
8 0

1 8
2 4
3 8
4 5
5 9
6 3
7 2
8 6

1 8
2 7
3 1
4 9
5 0
6 1
7 0
8 8

1 1
2 1
3 7
4 0
5 0
6 6
7 4
8 3

1 8
2 1
3 4
4 1
5 4
6 6
7 5
8 6

1 4
2 0
3 7
4 0
5 3
6 4
7 7
8 4

1 5
2 1
3 7
4 9
5 4
6 0
7 1
8 0

1 8
2 4
3 8
4 5
5 9
6 3
7 2
8 6

1 8
2 7
3 1
4 9
5 0
6 1
7 0
8 8

1 1
2 1
3 7
4 0
5 0
6 6
7 4
8 3

1 8
2 1
3 4
4 1
5 4
6 6
7 5
8 6

1 4
2 0
3 7
4 0
5 3
6 4
7 7
8 4

1 5
2 1
3 7
4 9
5 4
6 0
7 1
8 0

1 8
2 4
3 8
4 5
5 9
6 3
7 2
8 6

1 8
2 7
3 1
4 9
5 0
6 1
7 0
8 8

1 1
2 1
3 7
4 0
5 0
6 6
7 4
8 3

1 8
2 1
3 4
4 1
5 4
6 6
7 5
8 6

1 4
2 0
3 7
4 0
5 3
6 4
7 7
8 4

1 5
2 1
3 7
4 9
5 4
6 0
7 1
8 0

1 8
2 4
3 8
4 5
5 9
6 3
7 2
8 6

1 8
2 7
3 1
4 9
5 0
6 1
7 0
8 8

1 1
2 1
3 7
4 0
5 0
6 6
7 4
8 3

1 8
2 1
3 4
4 1
5 4
6 6
7 5
8 6

1 4
2 0
3 7
4 0
5 3
6 4
7 7
8 4

1 5
2 1
3 7
4 9
5 4
6 0
7 1
8 0

1 8
2 4
3 8
4 5
5 9
6 3
7 2
8 6

1 8
2 7
3 1
4 9
5 0
6 1
7 0
8 8

1 1
2 1
3 7
4 0
5 0
6 6
7 4
8 3

1 8
2 1
3 4
4 1
5 4
6 6
7 5
8 6

1 4
2 0
3 7
4 0
5 3
6 4
7 7
8 4

1 5
2 1
3 7
4 9
5 4
6 0
7 1
8 0

1 8
2 4
3 8
4 5
5 9
6 3
7 2
8 6

1 8
2 7
3 1
4 9
5 0
6 1
7 0
8 8

1 1
2 1
3 7
4 0
5 0
6 6
7 4
8 3

1 8
2 1
3 4
4 1
5 4
6 6
7 5
8 6

1 4
2 0
3 7
4 0
5 3
6 4
7 7
8 4

1 5
2 1
3 7
4 9
5 4
6 0
7 1
8 0

1 8
2 4
3 8
4 5
5 9
6 3
7 2
8 6

1 8
2 7
3 1
4 9
5 0
6 1
7 0
8 8

1 1
2 1
3 7
4 0
5 0
6 6
7 4
8 3

1 8
2 1
3 4
4 1
5 4
6 6
7 5
8 6

1 4
2 0
3 7
4 0
5 3
6 4
7 7
8 4

1 5
2 1
3 7
4 9
5 4
6 0
7 1
8 0

1 8
2 4
3 8
4 5
5 9
6 3
7 2
8 6

1 8
2 7
3 1
4 9
5 0
6 1
7 0
8 8

1 1
2 1
3 7
4 0
5 0
6 6
7 4
8 3

1 8
2 1
3 4
4 1
5 4
6 6
7 5
8 6

1 4
2 0
3 7
4 0
5 3
6 4
7 7
8 4

1 5
2 1
3 7
4 9
5 4
6 0
7 1
8 0

1 8
2 4
3 8
4 5
5 9
6 3
7 2
8 6

1 8
2 7
3 1
4 9
5 0
6 1
7 0
8 8

1 1
2 1
3 7
4 0
5 0
6 6
7 4
8 3

1 8
2 1
3 4
4 1
5 4
6 6
7 5
8 6

1 4
2 0
3 7
4 0
5 3
6 4
7 7
8 4