1 0
2 0
3 0
4 0
5 0
6 0
7 0
8 0

1 19
2 19
3 17
4 16
5 13
6 11
7 12
8 18

1 18
2 19
3 10
4 20
5 17
6 18
7 19
8 12

1 20
2 19
3 16
4 10
5 11
6 18
7 13
8 11

1 14
2 17
3 19
4 17
5 19
6 17
7 13
8 14

1 17
2 12
3 18
4 18
5 11
6 16
7 18
8 18

1 13
2 13
3 14
4 20
5 12
6 10
7 15
8 16

1 19
2 19
3 17
4 16
5 13
6 11
7 12
8 18

1 18
2 19
3 10
4 20
5 17
6 18
7 19
8 12

1 20
2 19
3 16
4 10
5 11
6 18
7 13
8 11

1 14
2 17
3 19
4 17
5 19
6 17
7 13
8 14

1 17
2 12
3 18
4 18
5 11
6 16
7 18
8 18

1 13
2 13
3 14
4 20
5 12
6 10
7 15
8 16

1 19
2 19
3 17
4 16
5 13
6 11
7 12
8 18

1 18
2 19
3 10
4 20
5 17
6 18
7 19
8 12

1 20
2 19
3 16
4 10
5 11
6 18
7 13
8 11

1 14
2 17
3 19
4 17
5 19
6 17
7 13
8 14

1 17
2 12
3 18
4 18
5 11
6 16
7 18
8 18

1 13
2 13
3 14
4 20
5 12
6 10
7 15
8 16

1 19
2 19
3 17
4 16
5 13
6 11
7 12
8 18

1 18
2 19
3 10
4 20
5 17
6 18
7 19
8 12

1 20
2 19
3 16
4 10
5 11
6 18
7 13
8 11

1 14
2 17
3 19
4 17
5 19
6 17
7 13
8 14

1 17
2 12
3 18
4 18
5 11
6 16
7 18
8 18

1 13
2 13
3 14
4 20
5 12
6 10
7 15
8 16

1 19
2 19
3 17
4 16
5 13
6 11
7 12
8 18

1 18
2 19
3 10
4 20
5 17
6 18
7 19
8 12

1 20
2 19
3 16
4 10
5 11
6 18
7 13
8 11

1 14
2 17
3 19
4 17
5 19
6 17
7 13
8 14

1 17
2 12
3 18
4 18
5 11
6 16
7 18
8 18

1 13
2 13
3 14
4 20
5 12
6 10
7 15
8 16

1 19
2 19
3 17
4 16
5 13
6 11
7 12
8 18

1 18
2 19
3 10
4 20
5 17
6 18
7 19
8 12

1 20
2 19
3 16
4 10
5 11
6 18
7 13
8 11

1 14
2 17
3 19
4 17
5 19
6 17
7 13
8 14

1 17
2 12
3 18
4 18
5 11
6 16
7 18
8 18

1 13
2 13
3 14
4 20
5 12
6 10
7 15
8 16

1 19
2 19
3 17
4 16
5 13
6 11
7 12
8 18

1 18
2 19
3 10
4 20
5 17
6 18
7 19
8 12

1 20
2 19
3 16
4 10
5 11
6 18
7 13
8 11

1 14
2 17
3 19
4 17
5 19
6 17
7 13
8 14

1 17
2 12
3 18
4 18
5 11
6 16
7 18
8 18

1 13
2 13
3 14
4 20
5 12
6 10
7 15
8 16

1 19
2 19
3 17
4 16
5 13
6 11
7 12
8 18

1 18
2 19
3 10
4 20
5 17
6 18
7 19
8 12

1 20
2 19
3 16
4 10
5 11
6 18
7 13
8 11

1 14
2 17
3 19
4 17
5 19
6 17
7 13
8 14

1 17
2 12
3 18
4 18
5 11
6 16
7 18
8 18

1 13
2 13
3 14
4 20
5 12
6 10
7 15
8 16

1 19
2 19
3 17
4 16
5 13
6 11
7 12
8 18

1 18
2 19
3 10
4 20
5 17
6 18
7 19
8 12

1 20
2 19
3 16
4 10
5 11
6 18
7 13
8 11

1 14
2 17
3 19
4 17
5 19
6 17
7 13
8 14

1 17
2 12
3 18
4 18
5 11
6 16
7 18
8 18

1 13
2 13
3 14
4 20
5 12
6 10
7 15
8 16

1 19
2 19
3 17
4 16
5 13
6 11
7 12
8 18

1 18
2 19
3 10
4 20
5 17
6 18
7 19
8 12

1 20
2 19
3 16
4 10
5 11
6 18
7 13
8 11

1 14
2 17
3 19
4 17
5 19
6 17
7 13
8 14

1 17
2 12
3 18
4 18
5 11
6 16
7 18
8 18

1 13
2 13
3 14
4 20
5 12
6 10
7 15
8 16