1 0
2 0
3 0
4 0
5 0
6 0
7 0
8 0

1 12
2 18
3 16
4 12
5 17
6 10
7 12
8 13

1 17
2 19
3 19
4 16
5 13
6 20
7 16
8 20

1 12
2 11
3 10
4 16
5 20
6 11
7 10
8 17

1 12
2 18
3 10
4 17
5 20
6 13
7 17
8 16

1 12
2 18
3 16
4 12
5 17
6 10
7 12
8 13

1 17
2 19
3 19
4 16
5 13
6 20
7 16
8 20

1 12
2 11
3 10
4 16
5 20
6 11
7 10
8 17

1 12
2 18
3 10
4 17
5 20
6 13
7 17
8 16

1 12
2 18
3 16
4 12
5 17
6 10
7 12
8 13

1 17
2 19
3 19
4 16
5 13
6 20
7 16
8 20

1 12
2 11
3 10
4 16
5 20
6 11
7 10
8 17

1 12
2 18
3 10
4 17
5 20
6 13
7 17
8 16

1 12
2 18
3 16
4 12
5 17
6 10
7 12
8 13

1 17
2 19
3 19
4 16
5 13
6 20
7 16
8 20

1 12
2 11
3 10
4 16
5 20
6 11
7 10
8 17

1 12
2 18
3 10
4 17
5 20
6 13
7 17
8 16

1 12
2 18
3 16
4 12
5 17
6 10
7 12
8 13

1 17
2 19
3 19
4 16
5 13
6 20
7 16
8 20

1 12
2 11
3 10
4 16
5 20
6 11
7 10
8 17

1 12
2 18
3 10
4 17
5 20
6 13
7 17
8 16

1 12
2 18
3 16
4 12
5 17
6 10
7 12
8 13

1 17
2 19
3 19
4 16
5 13
6 20
7 16
8 20

1 12
2 11
3 10
4 16
5 20
6 11
7 10
8 17

1 12
2 18
3 10
4 17
5 20
6 13
7 17
8 16

1 12
2 18
3 16
4 12
5 17
6 10
7 12
8 13

1 17
2 19
3 19
4 16
5 13
6 20
7 16
8 20

1 12
2 11
3 10
4 16
5 20
6 11
7 10
8 17

1 12
2 18
3 10
4 17
5 20
6 13
7 17
8 16

1 12
2 18
3 16
4 12
5 17
6 10
7 12
8 13

1 17
2 19
3 19
4 16
5 13
6 20
7 16
8 20

1 12
2 11
3 10
4 16
5 20
6 11
7 10
8 17

1 12
2 18
3 10
4 17
5 20
6 13
7 17
8 16

1 12
2 18
3 16
4 12
5 17
6 10
7 12
8 13

1 17
2 19
3 19
4 16
5 13
6 20
7 16
8 20

1 12
2 11
3 10
4 16
5 20
6 11
7 10
8 17

1 12
2 18
3 10
4 17
5 20
6 13
7 17
8 16

1 12
2 18
3 16
4 12
5 17
6 10
7 12
8 13

1 17
2 19
3 19
4 16
5 13
6 20
7 16
8 20

1 12
2 11
3 10
4 16
5 20
6 11
7 10
8 17

1 12
2 18
3 10
4 17
5 20
6 13
7 17
8 16

1 12
2 18
3 16
4 12
5 17
6 10
7 12
8 13

1 17
2 19
3 19
4 16
5 13
6 20
7 16
8 20

1 12
2 11
3 10
4 16
5 20
6 11
7 10
8 17

1 12
2 18
3 10
4 17
5 20
6 13
7 17
8 16

1 12
2 18
3 16
4 12
5 17
6 10
7 12
8 13

1 17
2 19
3 19
4 16
5 13
6 20
7 16
8 20

1 12
2 11
3 10
4 16
5 20
6 11
7 10
8 17

1 12
2 18
3 10
4 17
5 20
6 13
7 17
8 16

1 12
2 18
3 16
4 12
5 17
6 10
7 12
8 13

1 17
2 19
3 19
4 16
5 13
6 20
7 16
8 20

1 12
2 11
3 10
4 16
5 20
6 11
7 10
8 17

1 12
2 18
3 10
4 17
5 20
6 13
7 17
8 16

1 12
2 18
3 16
4 12
5 17
6 10
7 12
8 13

1 17
2 19
3 19
4 16
5 13
6 20
7 16
8 20

1 12
2 11
3 10
4 16
5 20
6 11
7 10
8 17

1 12
2 18
3 10
4 17
5 20
6 13
7 17
8 16

1 12
2 18
3 16
4 12
5 17
6 10
7 12
8 13

1 17
2 19
3 19
4 16
5 13
6 20
7 16
8 20

1 12
2 11
3 10
4 16
5 20
6 11
7 10
8 17

1 12
2 18
3 10
4 17
5 20
6 13
7 17
8 16

1 12
2 18
3 16
4 12
5 17
6 10
7 12
8 13

1 17
2 19
3 19
4 16
5 13
6 20
7 16
8 20

1 12
2 11
3 10
4 16
5 20
6 11
7 10
8 17

1 12
2 18
3 10
4 17
5 20
6 13
7 17
8 16

1 12
2 18
3 16
4 12
5 17
6 10
7 12
8 13

1 17
2 19
3 19
4 16
5 13
6 20
7 16
8 20

1 12
2 11
3 10
4 16
5 20
6 11
7 10
8 17

1 12
2 18
3 10
4 17
5 20
6 13
7 17
8 16

1 12
2 18
3 16
4 12
5 17
6 10
7 12
8 13

1 17
2 19
3 19
4 16
5 13
6 20
7 16
8 20

1 12
2 11
3 10
4 16
5 20
6 11
7 10
8 17

1 12
2 18
3 10
4 17
5 20
6 13
7 17
8 16

1 12
2 18
3 16
4 12
5 17
6 10
7 12
8 13

1 17
2 19
3 19
4 16
5 13
6 20
7 16
8 20

1 12
2 11
3 10
4 16
5 20
6 11
7 10
8 17

1 12
2 18
3 10
4 17
5 20
6 13
7 17
8 16

1 12
2 18
3 16
4 12
5 17
6 10
7 12
8 13

1 17
2 19
3 19
4 16
5 13
6 20
7 16
8 20

1 12
2 11
3 10
4 16
5 20
6 11
7 10
8 17

1 12
2 18
3 10
4 17
5 20
6 13
7 17
8 16