1 0
2 0
3 0
4 0
5 0
6 0
7 0
8 0
9 0
10 0
11 0
12 0
13 0
14 0
15 0
16 0

1 12
2 20
3 12
4 14
5 15
6 19
7 18
8 17
9 10
10 13
11 18
12 14
13 19
14 14
15 10
16 16

1 15
2 14
3 20
4 19
5 18
6 16
7 15
8 11
9 16
10 12
11 17
12 12
13 19
14 14
15 18
16 11

1 19
2 10
3 14
4 12
5 18
6 11
7 14
8 16
9 11
10 13
11 10
12 13
13 10
14 11
15 12
16 11

1 19
2 11
3 20
4 18
5 19
6 10
7 14
8 16
9 17
10 12
11 13
12 16
13 11
14 14
15 14
16 16

1 17
2 14
3 19
4 14
5 20
6 20
7 12
8 13
9 16
10 20
11 10
12 12
13 20
14 15
15 17
16 20

1 11
2 10
3 11
4 17
5 19
6 13
7 11
8 15
9 18
10 16
11 18
12 11
13 18
14 14
15 14
16 14

1 12
2 20
3 12
4 14
5 15
6 19
7 18
8 17
9 10
10 13
11 18
12 14
13 19
14 14
15 10
16 16

1 15
2 14
3 20
4 19
5 18
6 16
7 15
8 11
9 16
10 12
11 17
12 12
13 19
14 14
15 18
16 11

1 19
2 10
3 14
4 12
5 18
6 11
7 14
8 16
9 11
10 13
11 10
12 13
13 10
14 11
15 12
16 11

1 19
2 11
3 20
4 18
5 19
6 10
7 14
8 16
9 17
10 12
11 13
12 16
13 11
14 14
15 14
16 16

1 17
2 14
3 19
4 14
5 20
6 20
7 12
8 13
9 16
10 20
11 10
12 12
13 20
14 15
15 17
16 20

1 11
2 10
3 11
4 17
5 19
6 13
7 11
8 15
9 18
10 16
11 18
12 11
13 18
14 14
15 14
16 14

1 12
2 20
3 12
4 14
5 15
6 19
7 18
8 17
9 10
10 13
11 18
12 14
13 19
14 14
15 10
16 16

1 15
2 14
3 20
4 19
5 18
6 16
7 15
8 11
9 16
10 12
11 17
12 12
13 19
14 14
15 18
16 11

1 19
2 10
3 14
4 12
5 18
6 11
7 14
8 16
9 11
10 13
11 10
12 13
13 10
14 11
15 12
16 11

1 19
2 11
3 20
4 18
5 19
6 10
7 14
8 16
9 17
10 12
11 13
12 16
13 11
14 14
15 14
16 16

1 17
2 14
3 19
4 14
5 20
6 20
7 12
8 13
9 16
10 20
11 10
12 12
13 20
14 15
15 17
16 20

1 11
2 10
3 11
4 17
5 19
6 13
7 11
8 15
9 18
10 16
11 18
12 11
13 18
14 14
15 14
16 14

1 12
2 20
3 12
4 14
5 15
6 19
7 18
8 17
9 10
10 13
11 18
12 14
13 19
14 14
15 10
16 16

1 15
2 14
3 20
4 19
5 18
6 16
7 15
8 11
9 16
10 12
11 17
12 12
13 19
14 14
15 18
16 11

1 19
2 10
3 14
4 12
5 18
6 11
7 14
8 16
9 11
10 13
11 10
12 13
13 10
14 11
15 12
16 11

1 19
2 11
3 20
4 18
5 19
6 10
7 14
8 16
9 17
10 12
11 13
12 16
13 11
14 14
15 14
16 16

1 17
2 14
3 19
4 14
5 20
6 20
7 12
8 13
9 16
10 20
11 10
12 12
13 20
14 15
15 17
16 20

1 11
2 10
3 11
4 17
5 19
6 13
7 11
8 15
9 18
10 16
11 18
12 11
13 18
14 14
15 14
16 14

1 12
2 20
3 12
4 14
5 15
6 19
7 18
8 17
9 10
10 13
11 18
12 14
13 19
14 14
15 10
16 16

1 15
2 14
3 20
4 19
5 18
6 16
7 15
8 11
9 16
10 12
11 17
12 12
13 19
14 14
15 18
16 11

1 19
2 10
3 14
4 12
5 18
6 11
7 14
8 16
9 11
10 13
11 10
12 13
13 10
14 11
15 12
16 11

1 19
2 11
3 20
4 18
5 19
6 10
7 14
8 16
9 17
10 12
11 13
12 16
13 11
14 14
15 14
16 16

1 17
2 14
3 19
4 14
5 20
6 20
7 12
8 13
9 16
10 20
11 10
12 12
13 20
14 15
15 17
16 20

1 11
2 10
3 11
4 17
5 19
6 13
7 11
8 15
9 18
10 16
11 18
12 11
13 18
14 14
15 14
16 14

1 12
2 20
3 12
4 14
5 15
6 19
7 18
8 17
9 10
10 13
11 18
12 14
13 19
14 14
15 10
16 16

1 15
2 14
3 20
4 19
5 18
6 16
7 15
8 11
9 16
10 12
11 17
12 12
13 19
14 14
15 18
16 11

1 19
2 10
3 14
4 12
5 18
6 11
7 14
8 16
9 11
10 13
11 10
12 13
13 10
14 11
15 12
16 11

1 19
2 11
3 20
4 18
5 19
6 10
7 14
8 16
9 17
10 12
11 13
12 16
13 11
14 14
15 14
16 16

1 17
2 14
3 19
4 14
5 20
6 20
7 12
8 13
9 16
10 20
11 10
12 12
13 20
14 15
15 17
16 20

1 11
2 10
3 11
4 17
5 19
6 13
7 11
8 15
9 18
10 16
11 18
12 11
13 18
14 14
15 14
16 14

1 12
2 20
3 12
4 14
5 15
6 19
7 18
8 17
9 10
10 13
11 18
12 14
13 19
14 14
15 10
16 16

1 15
2 14
3 20
4 19
5 18
6 16
7 15
8 11
9 16
10 12
11 17
12 12
13 19
14 14
15 18
16 11

1 19
2 10
3 14
4 12
5 18
6 11
7 14
8 16
9 11
10 13
11 10
12 13
13 10
14 11
15 12
16 11

1 19
2 11
3 20
4 18
5 19
6 10
7 14
8 16
9 17
10 12
11 13
12 16
13 11
14 14
15 14
16 16

1 17
2 14
3 19
4 14
5 20
6 20
7 12
8 13
9 16
10 20
11 10
12 12
13 20
14 15
15 17
16 20

1 11
2 10
3 11
4 17
5 19
6 13
7 11
8 15
9 18
10 16
11 18
12 11
13 18
14 14
15 14
16 14

1 12
2 20
3 12
4 14
5 15
6 19
7 18
8 17
9 10
10 13
11 18
12 14
13 19
14 14
15 10
16 16

1 15
2 14
3 20
4 19
5 18
6 16
7 15
8 11
9 16
10 12
11 17
12 12
13 19
14 14
15 18
16 11

1 19
2 10
3 14
4 12
5 18
6 11
7 14
8 16
9 11
10 13
11 10
12 13
13 10
14 11
15 12
16 11

1 19
2 11
3 20
4 18
5 19
6 10
7 14
8 16
9 17
10 12
11 13
12 16
13 11
14 14
15 14
16 16

1 17
2 14
3 19
4 14
5 20
6 20
7 12
8 13
9 16
10 20
11 10
12 12
13 20
14 15
15 17
16 20

1 11
2 10
3 11
4 17
5 19
6 13
7 11
8 15
9 18
10 16
11 18
12 11
13 18
14 14
15 14
16 14

1 12
2 20
3 12
4 14
5 15
6 19
7 18
8 17
9 10
10 13
11 18
12 14
13 19
14 14
15 10
16 16

1 15
2 14
3 20
4 19
5 18
6 16
7 15
8 11
9 16
10 12
11 17
12 12
13 19
14 14
15 18
16 11

1 19
2 10
3 14
4 12
5 18
6 11
7 14
8 16
9 11
10 13
11 10
12 13
13 10
14 11
15 12
16 11

1 19
2 11
3 20
4 18
5 19
6 10
7 14
8 16
9 17
10 12
11 13
12 16
13 11
14 14
15 14
16 16

1 17
2 14
3 19
4 14
5 20
6 20
7 12
8 13
9 16
10 20
11 10
12 12
13 20
14 15
15 17
16 20

1 11
2 10
3 11
4 17
5 19
6 13
7 11
8 15
9 18
10 16
11 18
12 11
13 18
14 14
15 14
16 14

1 12
2 20
3 12
4 14
5 15
6 19
7 18
8 17
9 10
10 13
11 18
12 14
13 19
14 14
15 10
16 16

1 15
2 14
3 20
4 19
5 18
6 16
7 15
8 11
9 16
10 12
11 17
12 12
13 19
14 14
15 18
16 11

1 19
2 10
3 14
4 12
5 18
6 11
7 14
8 16
9 11
10 13
11 10
12 13
13 10
14 11
15 12
16 11

1 19
2 11
3 20
4 18
5 19
6 10
7 14
8 16
9 17
10 12
11 13
12 16
13 11
14 14
15 14
16 16

1 17
2 14
3 19
4 14
5 20
6 20
7 12
8 13
9 16
10 20
11 10
12 12
13 20
14 15
15 17
16 20

1 11
2 10
3 11
4 17
5 19
6 13
7 11
8 15
9 18
10 16
11 18
12 11
13 18
14 14
15 14
16 14

1 12
2 20
3 12
4 14
5 15
6 19
7 18
8 17
9 10
10 13
11 18
12 14
13 19
14 14
15 10
16 16

1 15
2 14
3 20
4 19
5 18
6 16
7 15
8 11
9 16
10 12
11 17
12 12
13 19
14 14
15 18
16 11

1 19
2 10
3 14
4 12
5 18
6 11
7 14
8 16
9 11
10 13
11 10
12 13
13 10
14 11
15 12
16 11

1 19
2 11
3 20
4 18
5 19
6 10
7 14
8 16
9 17
10 12
11 13
12 16
13 11
14 14
15 14
16 16

1 17
2 14
3 19
4 14
5 20
6 20
7 12
8 13
9 16
10 20
11 10
12 12
13 20
14 15
15 17
16 20

1 11
2 10
3 11
4 17
5 19
6 13
7 11
8 15
9 18
10 16
11 18
12 11
13 18
14 14
15 14
16 14

1 12
2 20
3 12
4 14
5 15
6 19
7 18
8 17
9 10
10 13
11 18
12 14
13 19
14 14
15 10
16 16

1 15
2 14
3 20
4 19
5 18
6 16
7 15
8 11
9 16
10 12
11 17
12 12
13 19
14 14
15 18
16 11

1 19
2 10
3 14
4 12
5 18
6 11
7 14
8 16
9 11
10 13
11 10
12 13
13 10
14 11
15 12
16 11

1 19
2 11
3 20
4 18
5 19
6 10
7 14
8 16
9 17
10 12
11 13
12 16
13 11
14 14
15 14
16 16

1 17
2 14
3 19
4 14
5 20
6 20
7 12
8 13
9 16
10 20
11 10
12 12
13 20
14 15
15 17
16 20

1 11
2 10
3 11
4 17
5 19
6 13
7 11
8 15
9 18
10 16
11 18
12 11
13 18
14 14
15 14
16 14

1 12
2 20
3 12
4 14
5 15
6 19
7 18
8 17
9 10
10 13
11 18
12 14
13 19
14 14
15 10
16 16

1 15
2 14
3 20
4 19
5 18
6 16
7 15
8 11
9 16
10 12
11 17
12 12
13 19
14 14
15 18
16 11

1 19
2 10
3 14
4 12
5 18
6 11
7 14
8 16
9 11
10 13
11 10
12 13
13 10
14 11
15 12
16 11

1 19
2 11
3 20
4 18
5 19
6 10
7 14
8 16
9 17
10 12
11 13
12 16
13 11
14 14
15 14
16 16

1 17
2 14
3 19
4 14
5 20
6 20
7 12
8 13
9 16
10 20
11 10
12 12
13 20
14 15
15 17
16 20

1 11
2 10
3 11
4 17
5 19
6 13
7 11
8 15
9 18
10 16
11 18
12 11
13 18
14 14
15 14
16 14

1 12
2 20
3 12
4 14
5 15
6 19
7 18
8 17
9 10
10 13
11 18
12 14
13 19
14 14
15 10
16 16

1 15
2 14
3 20
4 19
5 18
6 16
7 15
8 11
9 16
10 12
11 17
12 12
13 19
14 14
15 18
16 11

1 19
2 10
3 14
4 12
5 18
6 11
7 14
8 16
9 11
10 13
11 10
12 13
13 10
14 11
15 12
16 11

1 19
2 11
3 20
4 18
5 19
6 10
7 14
8 16
9 17
10 12
11 13
12 16
13 11
14 14
15 14
16 16

1 17
2 14
3 19
4 14
5 20
6 20
7 12
8 13
9 16
10 20
11 10
12 12
13 20
14 15
15 17
16 20

1 11
2 10
3 11
4 17
5 19
6 13
7 11
8 15
9 18
10 16
11 18
12 11
13 18
14 14
15 14
16 14

1 12
2 20
3 12
4 14
5 15
6 19
7 18
8 17
9 10
10 13
11 18
12 14
13 19
14 14
15 10
16 16

1 15
2 14
3 20
4 19
5 18
6 16
7 15
8 11
9 16
10 12
11 17
12 12
13 19
14 14
15 18
16 11

1 19
2 10
3 14
4 12
5 18
6 11
7 14
8 16
9 11
10 13
11 10
12 13
13 10
14 11
15 12
16 11

1 19
2 11
3 20
4 18
5 19
6 10
7 14
8 16
9 17
10 12
11 13
12 16
13 11
14 14
15 14
16 16

1 17
2 14
3 19
4 14
5 20
6 20
7 12
8 13
9 16
10 20
11 10
12 12
13 20
14 15
15 17
16 20

1 11
2 10
3 11
4 17
5 19
6 13
7 11
8 15
9 18
10 16
11 18
12 11
13 18
14 14
15 14
16 14