1 0
2 0
3 0
4 0
5 0
6 0
7 0
8 0
9 0
10 0
11 0
12 0
13 0
14 0
15 0
16 0

1 18
2 18
3 19
4 19
5 15
6 17
7 20
8 10
9 20
10 17
11 14
12 17
13 16
14 14
15 19
16 15

1 14
2 15
3 12
4 11
5 18
6 18
7 14
8 18
9 19
10 15
11 11
12 18
13 18
14 11
15 17
16 15

1 18
2 18
3 19
4 19
5 15
6 17
7 20
8 10
9 20
10 17
11 14
12 17
13 16
14 14
15 19
16 15

1 14
2 15
3 12
4 11
5 18
6 18
7 14
8 18
9 19
10 15
11 11
12 18
13 18
14 11
15 17
16 15

1 18
2 18
3 19
4 19
5 15
6 17
7 20
8 10
9 20
10 17
11 14
12 17
13 16
14 14
15 19
16 15

1 14
2 15
3 12
4 11
5 18
6 18
7 14
8 18
9 19
10 15
11 11
12 18
13 18
14 11
15 17
16 15

1 18
2 18
3 19
4 19
5 15
6 17
7 20
8 10
9 20
10 17
11 14
12 17
13 16
14 14
15 19
16 15

1 14
2 15
3 12
4 11
5 18
6 18
7 14
8 18
9 19
10 15
11 11
12 18
13 18
14 11
15 17
16 15

1 18
2 18
3 19
4 19
5 15
6 17
7 20
8 10
9 20
10 17
11 14
12 17
13 16
14 14
15 19
16 15

1 14
2 15
3 12
4 11
5 18
6 18
7 14
8 18
9 19
10 15
11 11
12 18
13 18
14 11
15 17
16 15

1 18
2 18
3 19
4 19
5 15
6 17
7 20
8 10
9 20
10 17
11 14
12 17
13 16
14 14
15 19
16 15

1 14
2 15
3 12
4 11
5 18
6 18
7 14
8 18
9 19
10 15
11 11
12 18
13 18
14 11
15 17
16 15

1 18
2 18
3 19
4 19
5 15
6 17
7 20
8 10
9 20
10 17
11 14
12 17
13 16
14 14
15 19
16 15

1 14
2 15
3 12
4 11
5 18
6 18
7 14
8 18
9 19
10 15
11 11
12 18
13 18
14 11
15 17
16 15

1 18
2 18
3 19
4 19
5 15
6 17
7 20
8 10
9 20
10 17
11 14
12 17
13 16
14 14
15 19
16 15

1 14
2 15
3 12
4 11
5 18
6 18
7 14
8 18
9 19
10 15
11 11
12 18
13 18
14 11
15 17
16 15

1 18
2 18
3 19
4 19
5 15
6 17
7 20
8 10
9 20
10 17
11 14
12 17
13 16
14 14
15 19
16 15

1 14
2 15
3 12
4 11
5 18
6 18
7 14
8 18
9 19
10 15
11 11
12 18
13 18
14 11
15 17
16 15

1 18
2 18
3 19
4 19
5 15
6 17
7 20
8 10
9 20
10 17
11 14
12 17
13 16
14 14
15 19
16 15

1 14
2 15
3 12
4 11
5 18
6 18
7 14
8 18
9 19
10 15
11 11
12 18
13 18
14 11
15 17
16 15

1 18
2 18
3 19
4 19
5 15
6 17
7 20
8 10
9 20
10 17
11 14
12 17
13 16
14 14
15 19
16 15

1 14
2 15
3 12
4 11
5 18
6 18
7 14
8 18
9 19
10 15
11 11
12 18
13 18
14 11
15 17
16 15

1 18
2 18
3 19
4 19
5 15
6 17
7 20
8 10
9 20
10 17
11 14
12 17
13 16
14 14
15 19
16 15

1 14
2 15
3 12
4 11
5 18
6 18
7 14
8 18
9 19
10 15
11 11
12 18
13 18
14 11
15 17
16 15

1 18
2 18
3 19
4 19
5 15
6 17
7 20
8 10
9 20
10 17
11 14
12 17
13 16
14 14
15 19
16 15

1 14
2 15
3 12
4 11
5 18
6 18
7 14
8 18
9 19
10 15
11 11
12 18
13 18
14 11
15 17
16 15

1 18
2 18
3 19
4 19
5 15
6 17
7 20
8 10
9 20
10 17
11 14
12 17
13 16
14 14
15 19
16 15

1 14
2 15
3 12
4 11
5 18
6 18
7 14
8 18
9 19
10 15
11 11
12 18
13 18
14 11
15 17
16 15

1 18
2 18
3 19
4 19
5 15
6 17
7 20
8 10
9 20
10 17
11 14
12 17
13 16
14 14
15 19
16 15

1 14
2 15
3 12
4 11
5 18
6 18
7 14
8 18
9 19
10 15
11 11
12 18
13 18
14 11
15 17
16 15