1 0
2 0
3 0
4 0
5 0
6 0
7 0
8 0
9 0
10 0
11 0
12 0
13 0
14 0
15 0
16 0

1 3
2 5
3 3
4 2
5 2
6 3
7 0
8 2
9 4
10 1
11 5
12 2
13 5
14 5
15 5
16 1

1 9
2 6
3 5
4 7
5 0
6 3
7 9
8 6
9 3
10 2
11 6
12 8
13 5
14 1
15 3
16 9

1 9
2 1
3 7
4 8
5 3
6 3
7 0
8 2
9 8
10 3
11 8
12 9
13 8
14 0
15 1
16 5

1 4
2 8
3 1
4 1
5 3
6 9
7 4
8 9
9 0
10 4
11 4
12 9
13 1
14 4
15 0
16 1

1 3
2 5
3 3
4 2
5 2
6 3
7 0
8 2
9 4
10 1
11 5
12 2
13 5
14 5
15 5
16 1

1 9
2 6
3 5
4 7
5 0
6 3
7 9
8 6
9 3
10 2
11 6
12 8
13 5
14 1
15 3
16 9

1 9
2 1
3 7
4 8
5 3
6 3
7 0
8 2
9 8
10 3
11 8
12 9
13 8
14 0
15 1
16 5

1 4
2 8
3 1
4 1
5 3
6 9
7 4
8 9
9 0
10 4
11 4
12 9
13 1
14 4
15 0
16 1

1 3
2 5
3 3
4 2
5 2
6 3
7 0
8 2
9 4
10 1
11 5
12 2
13 5
14 5
15 5
16 1

1 9
2 6
3 5
4 7
5 0
6 3
7 9
8 6
9 3
10 2
11 6
12 8
13 5
14 1
15 3
16 9

1 9
2 1
3 7
4 8
5 3
6 3
7 0
8 2
9 8
10 3
11 8
12 9
13 8
14 0
15 1
16 5

1 4
2 8
3 1
4 1
5 3
6 9
7 4
8 9
9 0
10 4
11 4
12 9
13 1
14 4
15 0
16 1

1 3
2 5
3 3
4 2
5 2
6 3
7 0
8 2
9 4
10 1
11 5
12 2
13 5
14 5
15 5
16 1

1 9
2 6
3 5
4 7
5 0
6 3
7 9
8 6
9 3
10 2
11 6
12 8
13 5
14 1
15 3
16 9

1 9
2 1
3 7
4 8
5 3
6 3
7 0
8 2
9 8
10 3
11 8
12 9
13 8
14 0
15 1
16 5

1 4
2 8
3 1
4 1
5 3
6 9
7 4
8 9
9 0
10 4
11 4
12 9
13 1
14 4
15 0
16 1

1 3
2 5
3 3
4 2
5 2
6 3
7 0
8 2
9 4
10 1
11 5
12 2
13 5
14 5
15 5
16 1

1 9
2 6
3 5
4 7
5 0
6 3
7 9
8 6
9 3
10 2
11 6
12 8
13 5
14 1
15 3
16 9

1 9
2 1
3 7
4 8
5 3
6 3
7 0
8 2
9 8
10 3
11 8
12 9
13 8
14 0
15 1
16 5

1 4
2 8
3 1
4 1
5 3
6 9
7 4
8 9
9 0
10 4
11 4
12 9
13 1
14 4
15 0
16 1

1 3
2 5
3 3
4 2
5 2
6 3
7 0
8 2
9 4
10 1
11 5
12 2
13 5
14 5
15 5
16 1

1 9
2 6
3 5
4 7
5 0
6 3
7 9
8 6
9 3
10 2
11 6
12 8
13 5
14 1
15 3
16 9

1 9
2 1
3 7
4 8
5 3
6 3
7 0
8 2
9 8
10 3
11 8
12 9
13 8
14 0
15 1
16 5

1 4
2 8
3 1
4 1
5 3
6 9
7 4
8 9
9 0
10 4
11 4
12 9
13 1
14 4
15 0
16 1

1 3
2 5
3 3
4 2
5 2
6 3
7 0
8 2
9 4
10 1
11 5
12 2
13 5
14 5
15 5
16 1

1 9
2 6
3 5
4 7
5 0
6 3
7 9
8 6
9 3
10 2
11 6
12 8
13 5
14 1
15 3
16 9

1 9
2 1
3 7
4 8
5 3
6 3
7 0
8 2
9 8
10 3
11 8
12 9
13 8
14 0
15 1
16 5

1 4
2 8
3 1
4 1
5 3
6 9
7 4
8 9
9 0
10 4
11 4
12 9
13 1
14 4
15 0
16 1

1 3
2 5
3 3
4 2
5 2
6 3
7 0
8 2
9 4
10 1
11 5
12 2
13 5
14 5
15 5
16 1

1 9
2 6
3 5
4 7
5 0
6 3
7 9
8 6
9 3
10 2
11 6
12 8
13 5
14 1
15 3
16 9

1 9
2 1
3 7
4 8
5 3
6 3
7 0
8 2
9 8
10 3
11 8
12 9
13 8
14 0
15 1
16 5

1 4
2 8
3 1
4 1
5 3
6 9
7 4
8 9
9 0
10 4
11 4
12 9
13 1
14 4
15 0
16 1

1 3
2 5
3 3
4 2
5 2
6 3
7 0
8 2
9 4
10 1
11 5
12 2
13 5
14 5
15 5
16 1

1 9
2 6
3 5
4 7
5 0
6 3
7 9
8 6
9 3
10 2
11 6
12 8
13 5
14 1
15 3
16 9

1 9
2 1
3 7
4 8
5 3
6 3
7 0
8 2
9 8
10 3
11 8
12 9
13 8
14 0
15 1
16 5

1 4
2 8
3 1
4 1
5 3
6 9
7 4
8 9
9 0
10 4
11 4
12 9
13 1
14 4
15 0
16 1

1 3
2 5
3 3
4 2
5 2
6 3
7 0
8 2
9 4
10 1
11 5
12 2
13 5
14 5
15 5
16 1

1 9
2 6
3 5
4 7
5 0
6 3
7 9
8 6
9 3
10 2
11 6
12 8
13 5
14 1
15 3
16 9

1 9
2 1
3 7
4 8
5 3
6 3
7 0
8 2
9 8
10 3
11 8
12 9
13 8
14 0
15 1
16 5

1 4
2 8
3 1
4 1
5 3
6 9
7 4
8 9
9 0
10 4
11 4
12 9
13 1
14 4
15 0
16 1

1 3
2 5
3 3
4 2
5 2
6 3
7 0
8 2
9 4
10 1
11 5
12 2
13 5
14 5
15 5
16 1

1 9
2 6
3 5
4 7
5 0
6 3
7 9
8 6
9 3
10 2
11 6
12 8
13 5
14 1
15 3
16 9

1 9
2 1
3 7
4 8
5 3
6 3
7 0
8 2
9 8
10 3
11 8
12 9
13 8
14 0
15 1
16 5

1 4
2 8
3 1
4 1
5 3
6 9
7 4
8 9
9 0
10 4
11 4
12 9
13 1
14 4
15 0
16 1

1 3
2 5
3 3
4 2
5 2
6 3
7 0
8 2
9 4
10 1
11 5
12 2
13 5
14 5
15 5
16 1

1 9
2 6
3 5
4 7
5 0
6 3
7 9
8 6
9 3
10 2
11 6
12 8
13 5
14 1
15 3
16 9

1 9
2 1
3 7
4 8
5 3
6 3
7 0
8 2
9 8
10 3
11 8
12 9
13 8
14 0
15 1
16 5

1 4
2 8
3 1
4 1
5 3
6 9
7 4
8 9
9 0
10 4
11 4
12 9
13 1
14 4
15 0
16 1

1 3
2 5
3 3
4 2
5 2
6 3
7 0
8 2
9 4
10 1
11 5
12 2
13 5
14 5
15 5
16 1

1 9
2 6
3 5
4 7
5 0
6 3
7 9
8 6
9 3
10 2
11 6
12 8
13 5
14 1
15 3
16 9

1 9
2 1
3 7
4 8
5 3
6 3
7 0
8 2
9 8
10 3
11 8
12 9
13 8
14 0
15 1
16 5

1 4
2 8
3 1
4 1
5 3
6 9
7 4
8 9
9 0
10 4
11 4
12 9
13 1
14 4
15 0
16 1

1 3
2 5
3 3
4 2
5 2
6 3
7 0
8 2
9 4
10 1
11 5
12 2
13 5
14 5
15 5
16 1

1 9
2 6
3 5
4 7
5 0
6 3
7 9
8 6
9 3
10 2
11 6
12 8
13 5
14 1
15 3
16 9

1 9
2 1
3 7
4 8
5 3
6 3
7 0
8 2
9 8
10 3
11 8
12 9
13 8
14 0
15 1
16 5

1 4
2 8
3 1
4 1
5 3
6 9
7 4
8 9
9 0
10 4
11 4
12 9
13 1
14 4
15 0
16 1

1 3
2 5
3 3
4 2
5 2
6 3
7 0
8 2
9 4
10 1
11 5
12 2
13 5
14 5
15 5
16 1

1 9
2 6
3 5
4 7
5 0
6 3
7 9
8 6
9 3
10 2
11 6
12 8
13 5
14 1
15 3
16 9

1 9
2 1
3 7
4 8
5 3
6 3
7 0
8 2
9 8
10 3
11 8
12 9
13 8
14 0
15 1
16 5

1 4
2 8
3 1
4 1
5 3
6 9
7 4
8 9
9 0
10 4
11 4
12 9
13 1
14 4
15 0
16 1