1 0
2 0
3 0
4 0

1 0
2 5
3 1
4 8

1 9
2 4
3 6
4 7

1 8
2 5
3 6
4 0

1 9
2 3
3 9
4 8

1 4
2 2
3 7
4 8

1 0
2 6
3 7
4 6

1 0
2 5
3 1
4 8

1 9
2 4
3 6
4 7

1 8
2 5
3 6
4 0

1 9
2 3
3 9
4 8

1 4
2 2
3 7
4 8

1 0
2 6
3 7
4 6

1 0
2 5
3 1
4 8

1 9
2 4
3 6
4 7

1 8
2 5
3 6
4 0

1 9
2 3
3 9
4 8

1 4
2 2
3 7
4 8

1 0
2 6
3 7
4 6

1 0
2 5
3 1
4 8

1 9
2 4
3 6
4 7

1 8
2 5
3 6
4 0

1 9
2 3
3 9
4 8

1 4
2 2
3 7
4 8

1 0
2 6
3 7
4 6

1 0
2 5
3 1
4 8

1 9
2 4
3 6
4 7

1 8
2 5
3 6
4 0

1 9
2 3
3 9
4 8

1 4
2 2
3 7
4 8

1 0
2 6
3 7
4 6

1 0
2 5
3 1
4 8

1 9
2 4
3 6
4 7

1 8
2 5
3 6
4 0

1 9
2 3
3 9
4 8

1 4
2 2
3 7
4 8

1 0
2 6
3 7
4 6

1 0
2 5
3 1
4 8

1 9
2 4
3 6
4 7

1 8
2 5
3 6
4 0

1 9
2 3
3 9
4 8

1 4
2 2
3 7
4 8

1 0
2 6
3 7
4 6

1 0
2 5
3 1
4 8

1 9
2 4
3 6
4 7

1 8
2 5
3 6
4 0

1 9
2 3
3 9
4 8

1 4
2 2
3 7
4 8

1 0
2 6
3 7
4 6

1 0
2 5
3 1
4 8

1 9
2 4
3 6
4 7

1 8
2 5
3 6
4 0

1 9
2 3
3 9
4 8

1 4
2 2
3 7
4 8

1 0
2 6
3 7
4 6

1 0
2 5
3 1
4 8

1 9
2 4
3 6
4 7

1 8
2 5
3 6
4 0

1 9
2 3
3 9
4 8

1 4
2 2
3 7
4 8

1 0
2 6
3 7
4 6

1 0
2 5
3 1
4 8

1 9
2 4
3 6
4 7

1 8
2 5
3 6
4 0

1 9
2 3
3 9
4 8

1 4
2 2
3 7
4 8

1 0
2 6
3 7
4 6

1 0
2 5
3 1
4 8

1 9
2 4
3 6
4 7

1 8
2 5
3 6
4 0

1 9
2 3
3 9
4 8

1 4
2 2
3 7
4 8

1 0
2 6
3 7
4 6

1 0
2 5
3 1
4 8

1 9
2 4
3 6
4 7

1 8
2 5
3 6
4 0

1 9
2 3
3 9
4 8

1 4
2 2
3 7
4 8

1 0
2 6
3 7
4 6

1 0
2 5
3 1
4 8

1 9
2 4
3 6
4 7

1 8
2 5
3 6
4 0

1 9
2 3
3 9
4 8

1 4
2 2
3 7
4 8

1 0
2 6
3 7
4 6

1 0
2 5
3 1
4 8

1 9
2 4
3 6
4 7

1 8
2 5
3 6
4 0

1 9
2 3
3 9
4 8

1 4
2 2
3 7
4 8

1 0
2 6
3 7
4 6