1 0
2 0
3 0
4 0

1 10
2 12
3 20
4 19

1 12
2 11
3 17
4 10

1 15
2 18
3 11
4 10

1 10
2 14
3 10
4 11

1 10
2 12
3 20
4 19

1 12
2 11
3 17
4 10

1 15
2 18
3 11
4 10

1 10
2 14
3 10
4 11

1 10
2 12
3 20
4 19

1 12
2 11
3 17
4 10

1 15
2 18
3 11
4 10

1 10
2 14
3 10
4 11

1 10
2 12
3 20
4 19

1 12
2 11
3 17
4 10

1 15
2 18
3 11
4 10

1 10
2 14
3 10
4 11

1 10
2 12
3 20
4 19

1 12
2 11
3 17
4 10

1 15
2 18
3 11
4 10

1 10
2 14
3 10
4 11

1 10
2 12
3 20
4 19

1 12
2 11
3 17
4 10

1 15
2 18
3 11
4 10

1 10
2 14
3 10
4 11

1 10
2 12
3 20
4 19

1 12
2 11
3 17
4 10

1 15
2 18
3 11
4 10

1 10
2 14
3 10
4 11

1 10
2 12
3 20
4 19

1 12
2 11
3 17
4 10

1 15
2 18
3 11
4 10

1 10
2 14
3 10
4 11

1 10
2 12
3 20
4 19

1 12
2 11
3 17
4 10

1 15
2 18
3 11
4 10

1 10
2 14
3 10
4 11

1 10
2 12
3 20
4 19

1 12
2 11
3 17
4 10

1 15
2 18
3 11
4 10

1 10
2 14
3 10
4 11

1 10
2 12
3 20
4 19

1 12
2 11
3 17
4 10

1 15
2 18
3 11
4 10

1 10
2 14
3 10
4 11

1 10
2 12
3 20
4 19

1 12
2 11
3 17
4 10

1 15
2 18
3 11
4 10

1 10
2 14
3 10
4 11

1 10
2 12
3 20
4 19

1 12
2 11
3 17
4 10

1 15
2 18
3 11
4 10

1 10
2 14
3 10
4 11

1 10
2 12
3 20
4 19

1 12
2 11
3 17
4 10

1 15
2 18
3 11
4 10

1 10
2 14
3 10
4 11

1 10
2 12
3 20
4 19

1 12
2 11
3 17
4 10

1 15
2 18
3 11
4 10

1 10
2 14
3 10
4 11

1 10
2 12
3 20
4 19

1 12
2 11
3 17
4 10

1 15
2 18
3 11
4 10

1 10
2 14
3 10
4 11

1 10
2 12
3 20
4 19

1 12
2 11
3 17
4 10

1 15
2 18
3 11
4 10

1 10
2 14
3 10
4 11

1 10
2 12
3 20
4 19

1 12
2 11
3 17
4 10

1 15
2 18
3 11
4 10

1 10
2 14
3 10
4 11

1 10
2 12
3 20
4 19

1 12
2 11
3 17
4 10

1 15
2 18
3 11
4 10

1 10
2 14
3 10
4 11

1 10
2 12
3 20
4 19

1 12
2 11
3 17
4 10

1 15
2 18
3 11
4 10

1 10
2 14
3 10
4 11