1 0
2 0
3 0
4 0
5 0
6 0
7 0
8 0
9 0
10 0
11 0
12 0
13 0
14 0
15 0
16 0

1 7
2 6
3 8
4 0
5 5
6 2
7 8
8 7
9 9
10 4
11 1
12 1
13 8
14 2
15 7
16 0

1 5
2 6
3 3
4 4
5 2
6 4
7 3
8 9
9 9
10 4
11 5
12 3
13 6
14 8
15 7
16 1

1 7
2 6
3 8
4 0
5 5
6 2
7 8
8 7
9 9
10 4
11 1
12 1
13 8
14 2
15 7
16 0

1 5
2 6
3 3
4 4
5 2
6 4
7 3
8 9
9 9
10 4
11 5
12 3
13 6
14 8
15 7
16 1

1 7
2 6
3 8
4 0
5 5
6 2
7 8
8 7
9 9
10 4
11 1
12 1
13 8
14 2
15 7
16 0

1 5
2 6
3 3
4 4
5 2
6 4
7 3
8 9
9 9
10 4
11 5
12 3
13 6
14 8
15 7
16 1

1 7
2 6
3 8
4 0
5 5
6 2
7 8
8 7
9 9
10 4
11 1
12 1
13 8
14 2
15 7
16 0

1 5
2 6
3 3
4 4
5 2
6 4
7 3
8 9
9 9
10 4
11 5
12 3
13 6
14 8
15 7
16 1

1 7
2 6
3 8
4 0
5 5
6 2
7 8
8 7
9 9
10 4
11 1
12 1
13 8
14 2
15 7
16 0

1 5
2 6
3 3
4 4
5 2
6 4
7 3
8 9
9 9
10 4
11 5
12 3
13 6
14 8
15 7
16 1

1 7
2 6
3 8
4 0
5 5
6 2
7 8
8 7
9 9
10 4
11 1
12 1
13 8
14 2
15 7
16 0

1 5
2 6
3 3
4 4
5 2
6 4
7 3
8 9
9 9
10 4
11 5
12 3
13 6
14 8
15 7
16 1

1 7
2 6
3 8
4 0
5 5
6 2
7 8
8 7
9 9
10 4
11 1
12 1
13 8
14 2
15 7
16 0

1 5
2 6
3 3
4 4
5 2
6 4
7 3
8 9
9 9
10 4
11 5
12 3
13 6
14 8
15 7
16 1

1 7
2 6
3 8
4 0
5 5
6 2
7 8
8 7
9 9
10 4
11 1
12 1
13 8
14 2
15 7
16 0

1 5
2 6
3 3
4 4
5 2
6 4
7 3
8 9
9 9
10 4
11 5
12 3
13 6
14 8
15 7
16 1

1 7
2 6
3 8
4 0
5 5
6 2
7 8
8 7
9 9
10 4
11 1
12 1
13 8
14 2
15 7
16 0

1 5
2 6
3 3
4 4
5 2
6 4
7 3
8 9
9 9
10 4
11 5
12 3
13 6
14 8
15 7
16 1

1 7
2 6
3 8
4 0
5 5
6 2
7 8
8 7
9 9
10 4
11 1
12 1
13 8
14 2
15 7
16 0

1 5
2 6
3 3
4 4
5 2
6 4
7 3
8 9
9 9
10 4
11 5
12 3
13 6
14 8
15 7
16 1

1 7
2 6
3 8
4 0
5 5
6 2
7 8
8 7
9 9
10 4
11 1
12 1
13 8
14 2
15 7
16 0

1 5
2 6
3 3
4 4
5 2
6 4
7 3
8 9
9 9
10 4
11 5
12 3
13 6
14 8
15 7
16 1

1 7
2 6
3 8
4 0
5 5
6 2
7 8
8 7
9 9
10 4
11 1
12 1
13 8
14 2
15 7
16 0

1 5
2 6
3 3
4 4
5 2
6 4
7 3
8 9
9 9
10 4
11 5
12 3
13 6
14 8
15 7
16 1

1 7
2 6
3 8
4 0
5 5
6 2
7 8
8 7
9 9
10 4
11 1
12 1
13 8
14 2
15 7
16 0

1 5
2 6
3 3
4 4
5 2
6 4
7 3
8 9
9 9
10 4
11 5
12 3
13 6
14 8
15 7
16 1

1 7
2 6
3 8
4 0
5 5
6 2
7 8
8 7
9 9
10 4
11 1
12 1
13 8
14 2
15 7
16 0

1 5
2 6
3 3
4 4
5 2
6 4
7 3
8 9
9 9
10 4
11 5
12 3
13 6
14 8
15 7
16 1

1 7
2 6
3 8
4 0
5 5
6 2
7 8
8 7
9 9
10 4
11 1
12 1
13 8
14 2
15 7
16 0

1 5
2 6
3 3
4 4
5 2
6 4
7 3
8 9
9 9
10 4
11 5
12 3
13 6
14 8
15 7
16 1

1 7
2 6
3 8
4 0
5 5
6 2
7 8
8 7
9 9
10 4
11 1
12 1
13 8
14 2
15 7
16 0

1 5
2 6
3 3
4 4
5 2
6 4
7 3
8 9
9 9
10 4
11 5
12 3
13 6
14 8
15 7
16 1

1 7
2 6
3 8
4 0
5 5
6 2
7 8
8 7
9 9
10 4
11 1
12 1
13 8
14 2
15 7
16 0

1 5
2 6
3 3
4 4
5 2
6 4
7 3
8 9
9 9
10 4
11 5
12 3
13 6
14 8
15 7
16 1

1 7
2 6
3 8
4 0
5 5
6 2
7 8
8 7
9 9
10 4
11 1
12 1
13 8
14 2
15 7
16 0

1 5
2 6
3 3
4 4
5 2
6 4
7 3
8 9
9 9
10 4
11 5
12 3
13 6
14 8
15 7
16 1

1 7
2 6
3 8
4 0
5 5
6 2
7 8
8 7
9 9
10 4
11 1
12 1
13 8
14 2
15 7
16 0

1 5
2 6
3 3
4 4
5 2
6 4
7 3
8 9
9 9
10 4
11 5
12 3
13 6
14 8
15 7
16 1

1 7
2 6
3 8
4 0
5 5
6 2
7 8
8 7
9 9
10 4
11 1
12 1
13 8
14 2
15 7
16 0

1 5
2 6
3 3
4 4
5 2
6 4
7 3
8 9
9 9
10 4
11 5
12 3
13 6
14 8
15 7
16 1