1 0
2 0
3 0
4 0
5 0
6 0
7 0
8 0

1 5
2 4
3 6
4 6
5 4
6 4
7 4
8 8

1 4
2 8
3 4
4 3
5 1
6 6
7 7
8 2

1 5
2 4
3 6
4 6
5 4
6 4
7 4
8 8

1 4
2 8
3 4
4 3
5 1
6 6
7 7
8 2

1 5
2 4
3 6
4 6
5 4
6 4
7 4
8 8

1 4
2 8
3 4
4 3
5 1
6 6
7 7
8 2

1 5
2 4
3 6
4 6
5 4
6 4
7 4
8 8

1 4
2 8
3 4
4 3
5 1
6 6
7 7
8 2

1 5
2 4
3 6
4 6
5 4
6 4
7 4
8 8

1 4
2 8
3 4
4 3
5 1
6 6
7 7
8 2

1 5
2 4
3 6
4 6
5 4
6 4
7 4
8 8

1 4
2 8
3 4
4 3
5 1
6 6
7 7
8 2

1 5
2 4
3 6
4 6
5 4
6 4
7 4
8 8

1 4
2 8
3 4
4 3
5 1
6 6
7 7
8 2

1 5
2 4
3 6
4 6
5 4
6 4
7 4
8 8

1 4
2 8
3 4
4 3
5 1
6 6
7 7
8 2

1 5
2 4
3 6
4 6
5 4
6 4
7 4
8 8

1 4
2 8
3 4
4 3
5 1
6 6
7 7
8 2

1 5
2 4
3 6
4 6
5 4
6 4
7 4
8 8

1 4
2 8
3 4
4 3
5 1
6 6
7 7
8 2

1 5
2 4
3 6
4 6
5 4
6 4
7 4
8 8

1 4
2 8
3 4
4 3
5 1
6 6
7 7
8 2

1 5
2 4
3 6
4 6
5 4
6 4
7 4
8 8

1 4
2 8
3 4
4 3
5 1
6 6
7 7
8 2

1 5
2 4
3 6
4 6
5 4
6 4
7 4
8 8

1 4
2 8
3 4
4 3
5 1
6 6
7 7
8 2

1 5
2 4
3 6
4 6
5 4
6 4
7 4
8 8

1 4
2 8
3 4
4 3
5 1
6 6
7 7
8 2

1 5
2 4
3 6
4 6
5 4
6 4
7 4
8 8

1 4
2 8
3 4
4 3
5 1
6 6
7 7
8 2