1 0
2 0
3 0
4 0
5 0
6 0
7 0
8 0

1 6
2 7
3 5
4 0
5 5
6 9
7 0
8 4

1 4
2 9
3 8
4 6
5 7
6 6
7 1
8 2

1 1
2 1
3 9
4 9
5 2
6 2
7 0
8 1

1 0
2 8
3 1
4 8
5 3
6 0
7 4
8 1

1 4
2 8
3 6
4 3
5 5
6 5
7 3
8 3

1 6
2 1
3 3
4 4
5 3
6 5
7 0
8 2

1 6
2 7
3 5
4 0
5 5
6 9
7 0
8 4

1 4
2 9
3 8
4 6
5 7
6 6
7 1
8 2

1 1
2 1
3 9
4 9
5 2
6 2
7 0
8 1

1 0
2 8
3 1
4 8
5 3
6 0
7 4
8 1

1 4
2 8
3 6
4 3
5 5
6 5
7 3
8 3

1 6
2 1
3 3
4 4
5 3
6 5
7 0
8 2

1 6
2 7
3 5
4 0
5 5
6 9
7 0
8 4

1 4
2 9
3 8
4 6
5 7
6 6
7 1
8 2

1 1
2 1
3 9
4 9
5 2
6 2
7 0
8 1

1 0
2 8
3 1
4 8
5 3
6 0
7 4
8 1

1 4
2 8
3 6
4 3
5 5
6 5
7 3
8 3

1 6
2 1
3 3
4 4
5 3
6 5
7 0
8 2

1 6
2 7
3 5
4 0
5 5
6 9
7 0
8 4

1 4
2 9
3 8
4 6
5 7
6 6
7 1
8 2

1 1
2 1
3 9
4 9
5 2
6 2
7 0
8 1

1 0
2 8
3 1
4 8
5 3
6 0
7 4
8 1

1 4
2 8
3 6
4 3
5 5
6 5
7 3
8 3

1 6
2 1
3 3
4 4
5 3
6 5
7 0
8 2

1 6
2 7
3 5
4 0
5 5
6 9
7 0
8 4

1 4
2 9
3 8
4 6
5 7
6 6
7 1
8 2

1 1
2 1
3 9
4 9
5 2
6 2
7 0
8 1

1 0
2 8
3 1
4 8
5 3
6 0
7 4
8 1

1 4
2 8
3 6
4 3
5 5
6 5
7 3
8 3

1 6
2 1
3 3
4 4
5 3
6 5
7 0
8 2

1 6
2 7
3 5
4 0
5 5
6 9
7 0
8 4

1 4
2 9
3 8
4 6
5 7
6 6
7 1
8 2

1 1
2 1
3 9
4 9
5 2
6 2
7 0
8 1

1 0
2 8
3 1
4 8
5 3
6 0
7 4
8 1

1 4
2 8
3 6
4 3
5 5
6 5
7 3
8 3

1 6
2 1
3 3
4 4
5 3
6 5
7 0
8 2

1 6
2 7
3 5
4 0
5 5
6 9
7 0
8 4

1 4
2 9
3 8
4 6
5 7
6 6
7 1
8 2

1 1
2 1
3 9
4 9
5 2
6 2
7 0
8 1

1 0
2 8
3 1
4 8
5 3
6 0
7 4
8 1

1 4
2 8
3 6
4 3
5 5
6 5
7 3
8 3

1 6
2 1
3 3
4 4
5 3
6 5
7 0
8 2

1 6
2 7
3 5
4 0
5 5
6 9
7 0
8 4

1 4
2 9
3 8
4 6
5 7
6 6
7 1
8 2

1 1
2 1
3 9
4 9
5 2
6 2
7 0
8 1

1 0
2 8
3 1
4 8
5 3
6 0
7 4
8 1

1 4
2 8
3 6
4 3
5 5
6 5
7 3
8 3

1 6
2 1
3 3
4 4
5 3
6 5
7 0
8 2

1 6
2 7
3 5
4 0
5 5
6 9
7 0
8 4

1 4
2 9
3 8
4 6
5 7
6 6
7 1
8 2

1 1
2 1
3 9
4 9
5 2
6 2
7 0
8 1

1 0
2 8
3 1
4 8
5 3
6 0
7 4
8 1

1 4
2 8
3 6
4 3
5 5
6 5
7 3
8 3

1 6
2 1
3 3
4 4
5 3
6 5
7 0
8 2

1 6
2 7
3 5
4 0
5 5
6 9
7 0
8 4

1 4
2 9
3 8
4 6
5 7
6 6
7 1
8 2

1 1
2 1
3 9
4 9
5 2
6 2
7 0
8 1

1 0
2 8
3 1
4 8
5 3
6 0
7 4
8 1

1 4
2 8
3 6
4 3
5 5
6 5
7 3
8 3

1 6
2 1
3 3
4 4
5 3
6 5
7 0
8 2

1 6
2 7
3 5
4 0
5 5
6 9
7 0
8 4

1 4
2 9
3 8
4 6
5 7
6 6
7 1
8 2

1 1
2 1
3 9
4 9
5 2
6 2
7 0
8 1

1 0
2 8
3 1
4 8
5 3
6 0
7 4
8 1

1 4
2 8
3 6
4 3
5 5
6 5
7 3
8 3

1 6
2 1
3 3
4 4
5 3
6 5
7 0
8 2

1 6
2 7
3 5
4 0
5 5
6 9
7 0
8 4

1 4
2 9
3 8
4 6
5 7
6 6
7 1
8 2

1 1
2 1
3 9
4 9
5 2
6 2
7 0
8 1

1 0
2 8
3 1
4 8
5 3
6 0
7 4
8 1

1 4
2 8
3 6
4 3
5 5
6 5
7 3
8 3

1 6
2 1
3 3
4 4
5 3
6 5
7 0
8 2

1 6
2 7
3 5
4 0
5 5
6 9
7 0
8 4

1 4
2 9
3 8
4 6
5 7
6 6
7 1
8 2

1 1
2 1
3 9
4 9
5 2
6 2
7 0
8 1

1 0
2 8
3 1
4 8
5 3
6 0
7 4
8 1

1 4
2 8
3 6
4 3
5 5
6 5
7 3
8 3

1 6
2 1
3 3
4 4
5 3
6 5
7 0
8 2

1 6
2 7
3 5
4 0
5 5
6 9
7 0
8 4

1 4
2 9
3 8
4 6
5 7
6 6
7 1
8 2

1 1
2 1
3 9
4 9
5 2
6 2
7 0
8 1

1 0
2 8
3 1
4 8
5 3
6 0
7 4
8 1

1 4
2 8
3 6
4 3
5 5
6 5
7 3
8 3

1 6
2 1
3 3
4 4
5 3
6 5
7 0
8 2

1 6
2 7
3 5
4 0
5 5
6 9
7 0
8 4

1 4
2 9
3 8
4 6
5 7
6 6
7 1
8 2

1 1
2 1
3 9
4 9
5 2
6 2
7 0
8 1

1 0
2 8
3 1
4 8
5 3
6 0
7 4
8 1

1 4
2 8
3 6
4 3
5 5
6 5
7 3
8 3

1 6
2 1
3 3
4 4
5 3
6 5
7 0
8 2

1 6
2 7
3 5
4 0
5 5
6 9
7 0
8 4

1 4
2 9
3 8
4 6
5 7
6 6
7 1
8 2

1 1
2 1
3 9
4 9
5 2
6 2
7 0
8 1

1 0
2 8
3 1
4 8
5 3
6 0
7 4
8 1

1 4
2 8
3 6
4 3
5 5
6 5
7 3
8 3

1 6
2 1
3 3
4 4
5 3
6 5
7 0
8 2

1 6
2 7
3 5
4 0
5 5
6 9
7 0
8 4

1 4
2 9
3 8
4 6
5 7
6 6
7 1
8 2

1 1
2 1
3 9
4 9
5 2
6 2
7 0
8 1

1 0
2 8
3 1
4 8
5 3
6 0
7 4
8 1

1 4
2 8
3 6
4 3
5 5
6 5
7 3
8 3

1 6
2 1
3 3
4 4
5 3
6 5
7 0
8 2

1 6
2 7
3 5
4 0
5 5
6 9
7 0
8 4

1 4
2 9
3 8
4 6
5 7
6 6
7 1
8 2

1 1
2 1
3 9
4 9
5 2
6 2
7 0
8 1

1 0
2 8
3 1
4 8
5 3
6 0
7 4
8 1

1 4
2 8
3 6
4 3
5 5
6 5
7 3
8 3

1 6
2 1
3 3
4 4
5 3
6 5
7 0
8 2

1 6
2 7
3 5
4 0
5 5
6 9
7 0
8 4

1 4
2 9
3 8
4 6
5 7
6 6
7 1
8 2

1 1
2 1
3 9
4 9
5 2
6 2
7 0
8 1

1 0
2 8
3 1
4 8
5 3
6 0
7 4
8 1

1 4
2 8
3 6
4 3
5 5
6 5
7 3
8 3

1 6
2 1
3 3
4 4
5 3
6 5
7 0
8 2

1 6
2 7
3 5
4 0
5 5
6 9
7 0
8 4

1 4
2 9
3 8
4 6
5 7
6 6
7 1
8 2

1 1
2 1
3 9
4 9
5 2
6 2
7 0
8 1

1 0
2 8
3 1
4 8
5 3
6 0
7 4
8 1

1 4
2 8
3 6
4 3
5 5
6 5
7 3
8 3

1 6
2 1
3 3
4 4
5 3
6 5
7 0
8 2