1 0
2 0
3 0
4 0
5 0
6 0
7 0
8 0

1 3
2 6
3 4
4 2
5 4
6 4
7 1
8 0

1 1
2 4
3 6
4 5
5 5
6 1
7 6
8 0

1 0
2 3
3 8
4 0
5 9
6 0
7 4
8 8

1 2
2 3
3 8
4 2
5 9
6 9
7 4
8 1

1 3
2 6
3 4
4 2
5 4
6 4
7 1
8 0

1 1
2 4
3 6
4 5
5 5
6 1
7 6
8 0

1 0
2 3
3 8
4 0
5 9
6 0
7 4
8 8

1 2
2 3
3 8
4 2
5 9
6 9
7 4
8 1

1 3
2 6
3 4
4 2
5 4
6 4
7 1
8 0

1 1
2 4
3 6
4 5
5 5
6 1
7 6
8 0

1 0
2 3
3 8
4 0
5 9
6 0
7 4
8 8

1 2
2 3
3 8
4 2
5 9
6 9
7 4
8 1

1 3
2 6
3 4
4 2
5 4
6 4
7 1
8 0

1 1
2 4
3 6
4 5
5 5
6 1
7 6
8 0

1 0
2 3
3 8
4 0
5 9
6 0
7 4
8 8

1 2
2 3
3 8
4 2
5 9
6 9
7 4
8 1

1 3
2 6
3 4
4 2
5 4
6 4
7 1
8 0

1 1
2 4
3 6
4 5
5 5
6 1
7 6
8 0

1 0
2 3
3 8
4 0
5 9
6 0
7 4
8 8

1 2
2 3
3 8
4 2
5 9
6 9
7 4
8 1

1 3
2 6
3 4
4 2
5 4
6 4
7 1
8 0

1 1
2 4
3 6
4 5
5 5
6 1
7 6
8 0

1 0
2 3
3 8
4 0
5 9
6 0
7 4
8 8

1 2
2 3
3 8
4 2
5 9
6 9
7 4
8 1

1 3
2 6
3 4
4 2
5 4
6 4
7 1
8 0

1 1
2 4
3 6
4 5
5 5
6 1
7 6
8 0

1 0
2 3
3 8
4 0
5 9
6 0
7 4
8 8

1 2
2 3
3 8
4 2
5 9
6 9
7 4
8 1

1 3
2 6
3 4
4 2
5 4
6 4
7 1
8 0

1 1
2 4
3 6
4 5
5 5
6 1
7 6
8 0

1 0
2 3
3 8
4 0
5 9
6 0
7 4
8 8

1 2
2 3
3 8
4 2
5 9
6 9
7 4
8 1

1 3
2 6
3 4
4 2
5 4
6 4
7 1
8 0

1 1
2 4
3 6
4 5
5 5
6 1
7 6
8 0

1 0
2 3
3 8
4 0
5 9
6 0
7 4
8 8

1 2
2 3
3 8
4 2
5 9
6 9
7 4
8 1

1 3
2 6
3 4
4 2
5 4
6 4
7 1
8 0

1 1
2 4
3 6
4 5
5 5
6 1
7 6
8 0

1 0
2 3
3 8
4 0
5 9
6 0
7 4
8 8

1 2
2 3
3 8
4 2
5 9
6 9
7 4
8 1

1 3
2 6
3 4
4 2
5 4
6 4
7 1
8 0

1 1
2 4
3 6
4 5
5 5
6 1
7 6
8 0

1 0
2 3
3 8
4 0
5 9
6 0
7 4
8 8

1 2
2 3
3 8
4 2
5 9
6 9
7 4
8 1

1 3
2 6
3 4
4 2
5 4
6 4
7 1
8 0

1 1
2 4
3 6
4 5
5 5
6 1
7 6
8 0

1 0
2 3
3 8
4 0
5 9
6 0
7 4
8 8

1 2
2 3
3 8
4 2
5 9
6 9
7 4
8 1

1 3
2 6
3 4
4 2
5 4
6 4
7 1
8 0

1 1
2 4
3 6
4 5
5 5
6 1
7 6
8 0

1 0
2 3
3 8
4 0
5 9
6 0
7 4
8 8

1 2
2 3
3 8
4 2
5 9
6 9
7 4
8 1

1 3
2 6
3 4
4 2
5 4
6 4
7 1
8 0

1 1
2 4
3 6
4 5
5 5
6 1
7 6
8 0

1 0
2 3
3 8
4 0
5 9
6 0
7 4
8 8

1 2
2 3
3 8
4 2
5 9
6 9
7 4
8 1

1 3
2 6
3 4
4 2
5 4
6 4
7 1
8 0

1 1
2 4
3 6
4 5
5 5
6 1
7 6
8 0

1 0
2 3
3 8
4 0
5 9
6 0
7 4
8 8

1 2
2 3
3 8
4 2
5 9
6 9
7 4
8 1