1 0
2 0
3 0
4 0

1 1
2 4
3 5
4 2

1 5
2 6
3 5
4 9

1 3
2 1
3 5
4 9

1 7
2 5
3 1
4 8

1 3
2 5
3 1
4 6

1 4
2 9
3 7
4 3

1 1
2 4
3 5
4 2

1 5
2 6
3 5
4 9

1 3
2 1
3 5
4 9

1 7
2 5
3 1
4 8

1 3
2 5
3 1
4 6

1 4
2 9
3 7
4 3

1 1
2 4
3 5
4 2

1 5
2 6
3 5
4 9

1 3
2 1
3 5
4 9

1 7
2 5
3 1
4 8

1 3
2 5
3 1
4 6

1 4
2 9
3 7
4 3

1 1
2 4
3 5
4 2

1 5
2 6
3 5
4 9

1 3
2 1
3 5
4 9

1 7
2 5
3 1
4 8

1 3
2 5
3 1
4 6

1 4
2 9
3 7
4 3

1 1
2 4
3 5
4 2

1 5
2 6
3 5
4 9

1 3
2 1
3 5
4 9

1 7
2 5
3 1
4 8

1 3
2 5
3 1
4 6

1 4
2 9
3 7
4 3

1 1
2 4
3 5
4 2

1 5
2 6
3 5
4 9

1 3
2 1
3 5
4 9

1 7
2 5
3 1
4 8

1 3
2 5
3 1
4 6

1 4
2 9
3 7
4 3

1 1
2 4
3 5
4 2

1 5
2 6
3 5
4 9

1 3
2 1
3 5
4 9

1 7
2 5
3 1
4 8

1 3
2 5
3 1
4 6

1 4
2 9
3 7
4 3

1 1
2 4
3 5
4 2

1 5
2 6
3 5
4 9

1 3
2 1
3 5
4 9

1 7
2 5
3 1
4 8

1 3
2 5
3 1
4 6

1 4
2 9
3 7
4 3

1 1
2 4
3 5
4 2

1 5
2 6
3 5
4 9

1 3
2 1
3 5
4 9

1 7
2 5
3 1
4 8

1 3
2 5
3 1
4 6

1 4
2 9
3 7
4 3

1 1
2 4
3 5
4 2

1 5
2 6
3 5
4 9

1 3
2 1
3 5
4 9

1 7
2 5
3 1
4 8

1 3
2 5
3 1
4 6

1 4
2 9
3 7
4 3