1 0
2 0
3 0
4 0

1 5
2 6
3 7
4 2

1 7
2 6
3 2
4 2

1 0
2 9
3 0
4 1

1 3
2 9
3 9
4 4

1 9
2 1
3 3
4 6

1 2
2 5
3 1
4 4

1 5
2 6
3 7
4 2

1 7
2 6
3 2
4 2

1 0
2 9
3 0
4 1

1 3
2 9
3 9
4 4

1 9
2 1
3 3
4 6

1 2
2 5
3 1
4 4

1 5
2 6
3 7
4 2

1 7
2 6
3 2
4 2

1 0
2 9
3 0
4 1

1 3
2 9
3 9
4 4

1 9
2 1
3 3
4 6

1 2
2 5
3 1
4 4

1 5
2 6
3 7
4 2

1 7
2 6
3 2
4 2

1 0
2 9
3 0
4 1

1 3
2 9
3 9
4 4

1 9
2 1
3 3
4 6

1 2
2 5
3 1
4 4

1 5
2 6
3 7
4 2

1 7
2 6
3 2
4 2

1 0
2 9
3 0
4 1

1 3
2 9
3 9
4 4

1 9
2 1
3 3
4 6

1 2
2 5
3 1
4 4

1 5
2 6
3 7
4 2

1 7
2 6
3 2
4 2

1 0
2 9
3 0
4 1

1 3
2 9
3 9
4 4

1 9
2 1
3 3
4 6

1 2
2 5
3 1
4 4

1 5
2 6
3 7
4 2

1 7
2 6
3 2
4 2

1 0
2 9
3 0
4 1

1 3
2 9
3 9
4 4

1 9
2 1
3 3
4 6

1 2
2 5
3 1
4 4

1 5
2 6
3 7
4 2

1 7
2 6
3 2
4 2

1 0
2 9
3 0
4 1

1 3
2 9
3 9
4 4

1 9
2 1
3 3
4 6

1 2
2 5
3 1
4 4

1 5
2 6
3 7
4 2

1 7
2 6
3 2
4 2

1 0
2 9
3 0
4 1

1 3
2 9
3 9
4 4

1 9
2 1
3 3
4 6

1 2
2 5
3 1
4 4

1 5
2 6
3 7
4 2

1 7
2 6
3 2
4 2

1 0
2 9
3 0
4 1

1 3
2 9
3 9
4 4

1 9
2 1
3 3
4 6

1 2
2 5
3 1
4 4

1 5
2 6
3 7
4 2

1 7
2 6
3 2
4 2

1 0
2 9
3 0
4 1

1 3
2 9
3 9
4 4

1 9
2 1
3 3
4 6

1 2
2 5
3 1
4 4

1 5
2 6
3 7
4 2

1 7
2 6
3 2
4 2

1 0
2 9
3 0
4 1

1 3
2 9
3 9
4 4

1 9
2 1
3 3
4 6

1 2
2 5
3 1
4 4

1 5
2 6
3 7
4 2

1 7
2 6
3 2
4 2

1 0
2 9
3 0
4 1

1 3
2 9
3 9
4 4

1 9
2 1
3 3
4 6

1 2
2 5
3 1
4 4

1 5
2 6
3 7
4 2

1 7
2 6
3 2
4 2

1 0
2 9
3 0
4 1

1 3
2 9
3 9
4 4

1 9
2 1
3 3
4 6

1 2
2 5
3 1
4 4

1 5
2 6
3 7
4 2

1 7
2 6
3 2
4 2

1 0
2 9
3 0
4 1

1 3
2 9
3 9
4 4

1 9
2 1
3 3
4 6

1 2
2 5
3 1
4 4

1 5
2 6
3 7
4 2

1 7
2 6
3 2
4 2

1 0
2 9
3 0
4 1

1 3
2 9
3 9
4 4

1 9
2 1
3 3
4 6

1 2
2 5
3 1
4 4

1 5
2 6
3 7
4 2

1 7
2 6
3 2
4 2

1 0
2 9
3 0
4 1

1 3
2 9
3 9
4 4

1 9
2 1
3 3
4 6

1 2
2 5
3 1
4 4

1 5
2 6
3 7
4 2

1 7
2 6
3 2
4 2

1 0
2 9
3 0
4 1

1 3
2 9
3 9
4 4

1 9
2 1
3 3
4 6

1 2
2 5
3 1
4 4

1 5
2 6
3 7
4 2

1 7
2 6
3 2
4 2

1 0
2 9
3 0
4 1

1 3
2 9
3 9
4 4

1 9
2 1
3 3
4 6

1 2
2 5
3 1
4 4

1 5
2 6
3 7
4 2

1 7
2 6
3 2
4 2

1 0
2 9
3 0
4 1

1 3
2 9
3 9
4 4

1 9
2 1
3 3
4 6

1 2
2 5
3 1
4 4