1 0
2 0
3 0
4 0
5 0
6 0
7 0
8 0

1 10
2 16
3 13
4 18
5 16
6 11
7 17
8 16

1 15
2 20
3 11
4 10
5 18
6 20
7 12
8 17

1 11
2 14
3 11
4 13
5 10
6 20
7 10
8 19

1 13
2 12
3 10
4 20
5 14
6 14
7 12
8 14

1 12
2 11
3 18
4 14
5 14
6 18
7 18
8 12

1 10
2 11
3 14
4 10
5 12
6 12
7 15
8 16

1 10
2 16
3 13
4 18
5 16
6 11
7 17
8 16

1 15
2 20
3 11
4 10
5 18
6 20
7 12
8 17

1 11
2 14
3 11
4 13
5 10
6 20
7 10
8 19

1 13
2 12
3 10
4 20
5 14
6 14
7 12
8 14

1 12
2 11
3 18
4 14
5 14
6 18
7 18
8 12

1 10
2 11
3 14
4 10
5 12
6 12
7 15
8 16

1 10
2 16
3 13
4 18
5 16
6 11
7 17
8 16

1 15
2 20
3 11
4 10
5 18
6 20
7 12
8 17

1 11
2 14
3 11
4 13
5 10
6 20
7 10
8 19

1 13
2 12
3 10
4 20
5 14
6 14
7 12
8 14

1 12
2 11
3 18
4 14
5 14
6 18
7 18
8 12

1 10
2 11
3 14
4 10
5 12
6 12
7 15
8 16

1 10
2 16
3 13
4 18
5 16
6 11
7 17
8 16

1 15
2 20
3 11
4 10
5 18
6 20
7 12
8 17

1 11
2 14
3 11
4 13
5 10
6 20
7 10
8 19

1 13
2 12
3 10
4 20
5 14
6 14
7 12
8 14

1 12
2 11
3 18
4 14
5 14
6 18
7 18
8 12

1 10
2 11
3 14
4 10
5 12
6 12
7 15
8 16

1 10
2 16
3 13
4 18
5 16
6 11
7 17
8 16

1 15
2 20
3 11
4 10
5 18
6 20
7 12
8 17

1 11
2 14
3 11
4 13
5 10
6 20
7 10
8 19

1 13
2 12
3 10
4 20
5 14
6 14
7 12
8 14

1 12
2 11
3 18
4 14
5 14
6 18
7 18
8 12

1 10
2 11
3 14
4 10
5 12
6 12
7 15
8 16

1 10
2 16
3 13
4 18
5 16
6 11
7 17
8 16

1 15
2 20
3 11
4 10
5 18
6 20
7 12
8 17

1 11
2 14
3 11
4 13
5 10
6 20
7 10
8 19

1 13
2 12
3 10
4 20
5 14
6 14
7 12
8 14

1 12
2 11
3 18
4 14
5 14
6 18
7 18
8 12

1 10
2 11
3 14
4 10
5 12
6 12
7 15
8 16

1 10
2 16
3 13
4 18
5 16
6 11
7 17
8 16

1 15
2 20
3 11
4 10
5 18
6 20
7 12
8 17

1 11
2 14
3 11
4 13
5 10
6 20
7 10
8 19

1 13
2 12
3 10
4 20
5 14
6 14
7 12
8 14

1 12
2 11
3 18
4 14
5 14
6 18
7 18
8 12

1 10
2 11
3 14
4 10
5 12
6 12
7 15
8 16

1 10
2 16
3 13
4 18
5 16
6 11
7 17
8 16

1 15
2 20
3 11
4 10
5 18
6 20
7 12
8 17

1 11
2 14
3 11
4 13
5 10
6 20
7 10
8 19

1 13
2 12
3 10
4 20
5 14
6 14
7 12
8 14

1 12
2 11
3 18
4 14
5 14
6 18
7 18
8 12

1 10
2 11
3 14
4 10
5 12
6 12
7 15
8 16

1 10
2 16
3 13
4 18
5 16
6 11
7 17
8 16

1 15
2 20
3 11
4 10
5 18
6 20
7 12
8 17

1 11
2 14
3 11
4 13
5 10
6 20
7 10
8 19

1 13
2 12
3 10
4 20
5 14
6 14
7 12
8 14

1 12
2 11
3 18
4 14
5 14
6 18
7 18
8 12

1 10
2 11
3 14
4 10
5 12
6 12
7 15
8 16

1 10
2 16
3 13
4 18
5 16
6 11
7 17
8 16

1 15
2 20
3 11
4 10
5 18
6 20
7 12
8 17

1 11
2 14
3 11
4 13
5 10
6 20
7 10
8 19

1 13
2 12
3 10
4 20
5 14
6 14
7 12
8 14

1 12
2 11
3 18
4 14
5 14
6 18
7 18
8 12

1 10
2 11
3 14
4 10
5 12
6 12
7 15
8 16