1 0
2 0
3 0
4 0

1 2
2 6
3 3
4 2

1 9
2 0
3 2
4 4

1 2
2 6
3 3
4 2

1 9
2 0
3 2
4 4

1 2
2 6
3 3
4 2

1 9
2 0
3 2
4 4

1 2
2 6
3 3
4 2

1 9
2 0
3 2
4 4

1 2
2 6
3 3
4 2

1 9
2 0
3 2
4 4

1 2
2 6
3 3
4 2

1 9
2 0
3 2
4 4

1 2
2 6
3 3
4 2

1 9
2 0
3 2
4 4

1 2
2 6
3 3
4 2

1 9
2 0
3 2
4 4

1 2
2 6
3 3
4 2

1 9
2 0
3 2
4 4

1 2
2 6
3 3
4 2

1 9
2 0
3 2
4 4

1 2
2 6
3 3
4 2

1 9
2 0
3 2
4 4

1 2
2 6
3 3
4 2

1 9
2 0
3 2
4 4

1 2
2 6
3 3
4 2

1 9
2 0
3 2
4 4

1 2
2 6
3 3
4 2

1 9
2 0
3 2
4 4

1 2
2 6
3 3
4 2

1 9
2 0
3 2
4 4