1 0
2 0
3 0
4 0
5 0
6 0
7 0
8 0
9 0
10 0
11 0
12 0
13 0
14 0
15 0
16 0

1 12
2 10
3 11
4 11
5 13
6 14
7 11
8 16
9 12
10 14
11 12
12 12
13 19
14 19
15 13
16 16

1 12
2 11
3 12
4 17
5 15
6 18
7 18
8 15
9 12
10 14
11 10
12 20
13 20
14 10
15 11
16 16

1 15
2 14
3 17
4 15
5 14
6 12
7 20
8 12
9 13
10 12
11 14
12 19
13 12
14 17
15 17
16 14

1 12
2 19
3 20
4 13
5 18
6 19
7 15
8 11
9 18
10 16
11 13
12 11
13 12
14 12
15 17
16 14

1 18
2 13
3 10
4 20
5 10
6 10
7 20
8 20
9 12
10 17
11 17
12 14
13 13
14 20
15 20
16 12

1 15
2 16
3 11
4 20
5 16
6 14
7 20
8 18
9 10
10 14
11 14
12 20
13 20
14 16
15 11
16 16

1 12
2 10
3 11
4 11
5 13
6 14
7 11
8 16
9 12
10 14
11 12
12 12
13 19
14 19
15 13
16 16

1 12
2 11
3 12
4 17
5 15
6 18
7 18
8 15
9 12
10 14
11 10
12 20
13 20
14 10
15 11
16 16

1 15
2 14
3 17
4 15
5 14
6 12
7 20
8 12
9 13
10 12
11 14
12 19
13 12
14 17
15 17
16 14

1 12
2 19
3 20
4 13
5 18
6 19
7 15
8 11
9 18
10 16
11 13
12 11
13 12
14 12
15 17
16 14

1 18
2 13
3 10
4 20
5 10
6 10
7 20
8 20
9 12
10 17
11 17
12 14
13 13
14 20
15 20
16 12

1 15
2 16
3 11
4 20
5 16
6 14
7 20
8 18
9 10
10 14
11 14
12 20
13 20
14 16
15 11
16 16

1 12
2 10
3 11
4 11
5 13
6 14
7 11
8 16
9 12
10 14
11 12
12 12
13 19
14 19
15 13
16 16

1 12
2 11
3 12
4 17
5 15
6 18
7 18
8 15
9 12
10 14
11 10
12 20
13 20
14 10
15 11
16 16

1 15
2 14
3 17
4 15
5 14
6 12
7 20
8 12
9 13
10 12
11 14
12 19
13 12
14 17
15 17
16 14

1 12
2 19
3 20
4 13
5 18
6 19
7 15
8 11
9 18
10 16
11 13
12 11
13 12
14 12
15 17
16 14

1 18
2 13
3 10
4 20
5 10
6 10
7 20
8 20
9 12
10 17
11 17
12 14
13 13
14 20
15 20
16 12

1 15
2 16
3 11
4 20
5 16
6 14
7 20
8 18
9 10
10 14
11 14
12 20
13 20
14 16
15 11
16 16

1 12
2 10
3 11
4 11
5 13
6 14
7 11
8 16
9 12
10 14
11 12
12 12
13 19
14 19
15 13
16 16

1 12
2 11
3 12
4 17
5 15
6 18
7 18
8 15
9 12
10 14
11 10
12 20
13 20
14 10
15 11
16 16

1 15
2 14
3 17
4 15
5 14
6 12
7 20
8 12
9 13
10 12
11 14
12 19
13 12
14 17
15 17
16 14

1 12
2 19
3 20
4 13
5 18
6 19
7 15
8 11
9 18
10 16
11 13
12 11
13 12
14 12
15 17
16 14

1 18
2 13
3 10
4 20
5 10
6 10
7 20
8 20
9 12
10 17
11 17
12 14
13 13
14 20
15 20
16 12

1 15
2 16
3 11
4 20
5 16
6 14
7 20
8 18
9 10
10 14
11 14
12 20
13 20
14 16
15 11
16 16

1 12
2 10
3 11
4 11
5 13
6 14
7 11
8 16
9 12
10 14
11 12
12 12
13 19
14 19
15 13
16 16

1 12
2 11
3 12
4 17
5 15
6 18
7 18
8 15
9 12
10 14
11 10
12 20
13 20
14 10
15 11
16 16

1 15
2 14
3 17
4 15
5 14
6 12
7 20
8 12
9 13
10 12
11 14
12 19
13 12
14 17
15 17
16 14

1 12
2 19
3 20
4 13
5 18
6 19
7 15
8 11
9 18
10 16
11 13
12 11
13 12
14 12
15 17
16 14

1 18
2 13
3 10
4 20
5 10
6 10
7 20
8 20
9 12
10 17
11 17
12 14
13 13
14 20
15 20
16 12

1 15
2 16
3 11
4 20
5 16
6 14
7 20
8 18
9 10
10 14
11 14
12 20
13 20
14 16
15 11
16 16

1 12
2 10
3 11
4 11
5 13
6 14
7 11
8 16
9 12
10 14
11 12
12 12
13 19
14 19
15 13
16 16

1 12
2 11
3 12
4 17
5 15
6 18
7 18
8 15
9 12
10 14
11 10
12 20
13 20
14 10
15 11
16 16

1 15
2 14
3 17
4 15
5 14
6 12
7 20
8 12
9 13
10 12
11 14
12 19
13 12
14 17
15 17
16 14

1 12
2 19
3 20
4 13
5 18
6 19
7 15
8 11
9 18
10 16
11 13
12 11
13 12
14 12
15 17
16 14

1 18
2 13
3 10
4 20
5 10
6 10
7 20
8 20
9 12
10 17
11 17
12 14
13 13
14 20
15 20
16 12

1 15
2 16
3 11
4 20
5 16
6 14
7 20
8 18
9 10
10 14
11 14
12 20
13 20
14 16
15 11
16 16

1 12
2 10
3 11
4 11
5 13
6 14
7 11
8 16
9 12
10 14
11 12
12 12
13 19
14 19
15 13
16 16

1 12
2 11
3 12
4 17
5 15
6 18
7 18
8 15
9 12
10 14
11 10
12 20
13 20
14 10
15 11
16 16

1 15
2 14
3 17
4 15
5 14
6 12
7 20
8 12
9 13
10 12
11 14
12 19
13 12
14 17
15 17
16 14

1 12
2 19
3 20
4 13
5 18
6 19
7 15
8 11
9 18
10 16
11 13
12 11
13 12
14 12
15 17
16 14

1 18
2 13
3 10
4 20
5 10
6 10
7 20
8 20
9 12
10 17
11 17
12 14
13 13
14 20
15 20
16 12

1 15
2 16
3 11
4 20
5 16
6 14
7 20
8 18
9 10
10 14
11 14
12 20
13 20
14 16
15 11
16 16

1 12
2 10
3 11
4 11
5 13
6 14
7 11
8 16
9 12
10 14
11 12
12 12
13 19
14 19
15 13
16 16

1 12
2 11
3 12
4 17
5 15
6 18
7 18
8 15
9 12
10 14
11 10
12 20
13 20
14 10
15 11
16 16

1 15
2 14
3 17
4 15
5 14
6 12
7 20
8 12
9 13
10 12
11 14
12 19
13 12
14 17
15 17
16 14

1 12
2 19
3 20
4 13
5 18
6 19
7 15
8 11
9 18
10 16
11 13
12 11
13 12
14 12
15 17
16 14

1 18
2 13
3 10
4 20
5 10
6 10
7 20
8 20
9 12
10 17
11 17
12 14
13 13
14 20
15 20
16 12

1 15
2 16
3 11
4 20
5 16
6 14
7 20
8 18
9 10
10 14
11 14
12 20
13 20
14 16
15 11
16 16

1 12
2 10
3 11
4 11
5 13
6 14
7 11
8 16
9 12
10 14
11 12
12 12
13 19
14 19
15 13
16 16

1 12
2 11
3 12
4 17
5 15
6 18
7 18
8 15
9 12
10 14
11 10
12 20
13 20
14 10
15 11
16 16

1 15
2 14
3 17
4 15
5 14
6 12
7 20
8 12
9 13
10 12
11 14
12 19
13 12
14 17
15 17
16 14

1 12
2 19
3 20
4 13
5 18
6 19
7 15
8 11
9 18
10 16
11 13
12 11
13 12
14 12
15 17
16 14

1 18
2 13
3 10
4 20
5 10
6 10
7 20
8 20
9 12
10 17
11 17
12 14
13 13
14 20
15 20
16 12

1 15
2 16
3 11
4 20
5 16
6 14
7 20
8 18
9 10
10 14
11 14
12 20
13 20
14 16
15 11
16 16

1 12
2 10
3 11
4 11
5 13
6 14
7 11
8 16
9 12
10 14
11 12
12 12
13 19
14 19
15 13
16 16

1 12
2 11
3 12
4 17
5 15
6 18
7 18
8 15
9 12
10 14
11 10
12 20
13 20
14 10
15 11
16 16

1 15
2 14
3 17
4 15
5 14
6 12
7 20
8 12
9 13
10 12
11 14
12 19
13 12
14 17
15 17
16 14

1 12
2 19
3 20
4 13
5 18
6 19
7 15
8 11
9 18
10 16
11 13
12 11
13 12
14 12
15 17
16 14

1 18
2 13
3 10
4 20
5 10
6 10
7 20
8 20
9 12
10 17
11 17
12 14
13 13
14 20
15 20
16 12

1 15
2 16
3 11
4 20
5 16
6 14
7 20
8 18
9 10
10 14
11 14
12 20
13 20
14 16
15 11
16 16

1 12
2 10
3 11
4 11
5 13
6 14
7 11
8 16
9 12
10 14
11 12
12 12
13 19
14 19
15 13
16 16

1 12
2 11
3 12
4 17
5 15
6 18
7 18
8 15
9 12
10 14
11 10
12 20
13 20
14 10
15 11
16 16

1 15
2 14
3 17
4 15
5 14
6 12
7 20
8 12
9 13
10 12
11 14
12 19
13 12
14 17
15 17
16 14

1 12
2 19
3 20
4 13
5 18
6 19
7 15
8 11
9 18
10 16
11 13
12 11
13 12
14 12
15 17
16 14

1 18
2 13
3 10
4 20
5 10
6 10
7 20
8 20
9 12
10 17
11 17
12 14
13 13
14 20
15 20
16 12

1 15
2 16
3 11
4 20
5 16
6 14
7 20
8 18
9 10
10 14
11 14
12 20
13 20
14 16
15 11
16 16

1 12
2 10
3 11
4 11
5 13
6 14
7 11
8 16
9 12
10 14
11 12
12 12
13 19
14 19
15 13
16 16

1 12
2 11
3 12
4 17
5 15
6 18
7 18
8 15
9 12
10 14
11 10
12 20
13 20
14 10
15 11
16 16

1 15
2 14
3 17
4 15
5 14
6 12
7 20
8 12
9 13
10 12
11 14
12 19
13 12
14 17
15 17
16 14

1 12
2 19
3 20
4 13
5 18
6 19
7 15
8 11
9 18
10 16
11 13
12 11
13 12
14 12
15 17
16 14

1 18
2 13
3 10
4 20
5 10
6 10
7 20
8 20
9 12
10 17
11 17
12 14
13 13
14 20
15 20
16 12

1 15
2 16
3 11
4 20
5 16
6 14
7 20
8 18
9 10
10 14
11 14
12 20
13 20
14 16
15 11
16 16

1 12
2 10
3 11
4 11
5 13
6 14
7 11
8 16
9 12
10 14
11 12
12 12
13 19
14 19
15 13
16 16

1 12
2 11
3 12
4 17
5 15
6 18
7 18
8 15
9 12
10 14
11 10
12 20
13 20
14 10
15 11
16 16

1 15
2 14
3 17
4 15
5 14
6 12
7 20
8 12
9 13
10 12
11 14
12 19
13 12
14 17
15 17
16 14

1 12
2 19
3 20
4 13
5 18
6 19
7 15
8 11
9 18
10 16
11 13
12 11
13 12
14 12
15 17
16 14

1 18
2 13
3 10
4 20
5 10
6 10
7 20
8 20
9 12
10 17
11 17
12 14
13 13
14 20
15 20
16 12

1 15
2 16
3 11
4 20
5 16
6 14
7 20
8 18
9 10
10 14
11 14
12 20
13 20
14 16
15 11
16 16

1 12
2 10
3 11
4 11
5 13
6 14
7 11
8 16
9 12
10 14
11 12
12 12
13 19
14 19
15 13
16 16

1 12
2 11
3 12
4 17
5 15
6 18
7 18
8 15
9 12
10 14
11 10
12 20
13 20
14 10
15 11
16 16

1 15
2 14
3 17
4 15
5 14
6 12
7 20
8 12
9 13
10 12
11 14
12 19
13 12
14 17
15 17
16 14

1 12
2 19
3 20
4 13
5 18
6 19
7 15
8 11
9 18
10 16
11 13
12 11
13 12
14 12
15 17
16 14

1 18
2 13
3 10
4 20
5 10
6 10
7 20
8 20
9 12
10 17
11 17
12 14
13 13
14 20
15 20
16 12

1 15
2 16
3 11
4 20
5 16
6 14
7 20
8 18
9 10
10 14
11 14
12 20
13 20
14 16
15 11
16 16

1 12
2 10
3 11
4 11
5 13
6 14
7 11
8 16
9 12
10 14
11 12
12 12
13 19
14 19
15 13
16 16

1 12
2 11
3 12
4 17
5 15
6 18
7 18
8 15
9 12
10 14
11 10
12 20
13 20
14 10
15 11
16 16

1 15
2 14
3 17
4 15
5 14
6 12
7 20
8 12
9 13
10 12
11 14
12 19
13 12
14 17
15 17
16 14

1 12
2 19
3 20
4 13
5 18
6 19
7 15
8 11
9 18
10 16
11 13
12 11
13 12
14 12
15 17
16 14

1 18
2 13
3 10
4 20
5 10
6 10
7 20
8 20
9 12
10 17
11 17
12 14
13 13
14 20
15 20
16 12

1 15
2 16
3 11
4 20
5 16
6 14
7 20
8 18
9 10
10 14
11 14
12 20
13 20
14 16
15 11
16 16