1 0
2 0
3 0
4 0
5 0
6 0
7 0
8 0

1 4
2 5
3 2
4 4
5 0
6 5
7 2
8 9

1 2
2 4
3 4
4 5
5 4
6 1
7 0
8 0

1 4
2 5
3 2
4 4
5 0
6 5
7 2
8 9

1 2
2 4
3 4
4 5
5 4
6 1
7 0
8 0

1 4
2 5
3 2
4 4
5 0
6 5
7 2
8 9

1 2
2 4
3 4
4 5
5 4
6 1
7 0
8 0

1 4
2 5
3 2
4 4
5 0
6 5
7 2
8 9

1 2
2 4
3 4
4 5
5 4
6 1
7 0
8 0

1 4
2 5
3 2
4 4
5 0
6 5
7 2
8 9

1 2
2 4
3 4
4 5
5 4
6 1
7 0
8 0

1 4
2 5
3 2
4 4
5 0
6 5
7 2
8 9

1 2
2 4
3 4
4 5
5 4
6 1
7 0
8 0

1 4
2 5
3 2
4 4
5 0
6 5
7 2
8 9

1 2
2 4
3 4
4 5
5 4
6 1
7 0
8 0

1 4
2 5
3 2
4 4
5 0
6 5
7 2
8 9

1 2
2 4
3 4
4 5
5 4
6 1
7 0
8 0

1 4
2 5
3 2
4 4
5 0
6 5
7 2
8 9

1 2
2 4
3 4
4 5
5 4
6 1
7 0
8 0

1 4
2 5
3 2
4 4
5 0
6 5
7 2
8 9

1 2
2 4
3 4
4 5
5 4
6 1
7 0
8 0

1 4
2 5
3 2
4 4
5 0
6 5
7 2
8 9

1 2
2 4
3 4
4 5
5 4
6 1
7 0
8 0

1 4
2 5
3 2
4 4
5 0
6 5
7 2
8 9

1 2
2 4
3 4
4 5
5 4
6 1
7 0
8 0

1 4
2 5
3 2
4 4
5 0
6 5
7 2
8 9

1 2
2 4
3 4
4 5
5 4
6 1
7 0
8 0

1 4
2 5
3 2
4 4
5 0
6 5
7 2
8 9

1 2
2 4
3 4
4 5
5 4
6 1
7 0
8 0

1 4
2 5
3 2
4 4
5 0
6 5
7 2
8 9

1 2
2 4
3 4
4 5
5 4
6 1
7 0
8 0

1 4
2 5
3 2
4 4
5 0
6 5
7 2
8 9

1 2
2 4
3 4
4 5
5 4
6 1
7 0
8 0

1 4
2 5
3 2
4 4
5 0
6 5
7 2
8 9

1 2
2 4
3 4
4 5
5 4
6 1
7 0
8 0

1 4
2 5
3 2
4 4
5 0
6 5
7 2
8 9

1 2
2 4
3 4
4 5
5 4
6 1
7 0
8 0

1 4
2 5
3 2
4 4
5 0
6 5
7 2
8 9

1 2
2 4
3 4
4 5
5 4
6 1
7 0
8 0

1 4
2 5
3 2
4 4
5 0
6 5
7 2
8 9

1 2
2 4
3 4
4 5
5 4
6 1
7 0
8 0