1 0
2 0
3 0
4 0
5 0
6 0
7 0
8 0
9 0
10 0
11 0
12 0
13 0
14 0
15 0
16 0

1 2
2 2
3 9
4 6
5 3
6 6
7 1
8 1
9 5
10 9
11 2
12 1
13 5
14 2
15 7
16 7

1 8
2 2
3 4
4 1
5 4
6 8
7 6
8 7
9 9
10 8
11 4
12 0
13 0
14 0
15 2
16 6

1 0
2 6
3 0
4 7
5 0
6 2
7 7
8 2
9 5
10 2
11 5
12 7
13 4
14 5
15 6
16 5

1 8
2 4
3 1
4 2
5 5
6 3
7 6
8 0
9 4
10 7
11 8
12 5
13 3
14 1
15 1
16 7

1 2
2 2
3 9
4 6
5 3
6 6
7 1
8 1
9 5
10 9
11 2
12 1
13 5
14 2
15 7
16 7

1 8
2 2
3 4
4 1
5 4
6 8
7 6
8 7
9 9
10 8
11 4
12 0
13 0
14 0
15 2
16 6

1 0
2 6
3 0
4 7
5 0
6 2
7 7
8 2
9 5
10 2
11 5
12 7
13 4
14 5
15 6
16 5

1 8
2 4
3 1
4 2
5 5
6 3
7 6
8 0
9 4
10 7
11 8
12 5
13 3
14 1
15 1
16 7

1 2
2 2
3 9
4 6
5 3
6 6
7 1
8 1
9 5
10 9
11 2
12 1
13 5
14 2
15 7
16 7

1 8
2 2
3 4
4 1
5 4
6 8
7 6
8 7
9 9
10 8
11 4
12 0
13 0
14 0
15 2
16 6

1 0
2 6
3 0
4 7
5 0
6 2
7 7
8 2
9 5
10 2
11 5
12 7
13 4
14 5
15 6
16 5

1 8
2 4
3 1
4 2
5 5
6 3
7 6
8 0
9 4
10 7
11 8
12 5
13 3
14 1
15 1
16 7

1 2
2 2
3 9
4 6
5 3
6 6
7 1
8 1
9 5
10 9
11 2
12 1
13 5
14 2
15 7
16 7

1 8
2 2
3 4
4 1
5 4
6 8
7 6
8 7
9 9
10 8
11 4
12 0
13 0
14 0
15 2
16 6

1 0
2 6
3 0
4 7
5 0
6 2
7 7
8 2
9 5
10 2
11 5
12 7
13 4
14 5
15 6
16 5

1 8
2 4
3 1
4 2
5 5
6 3
7 6
8 0
9 4
10 7
11 8
12 5
13 3
14 1
15 1
16 7

1 2
2 2
3 9
4 6
5 3
6 6
7 1
8 1
9 5
10 9
11 2
12 1
13 5
14 2
15 7
16 7

1 8
2 2
3 4
4 1
5 4
6 8
7 6
8 7
9 9
10 8
11 4
12 0
13 0
14 0
15 2
16 6

1 0
2 6
3 0
4 7
5 0
6 2
7 7
8 2
9 5
10 2
11 5
12 7
13 4
14 5
15 6
16 5

1 8
2 4
3 1
4 2
5 5
6 3
7 6
8 0
9 4
10 7
11 8
12 5
13 3
14 1
15 1
16 7

1 2
2 2
3 9
4 6
5 3
6 6
7 1
8 1
9 5
10 9
11 2
12 1
13 5
14 2
15 7
16 7

1 8
2 2
3 4
4 1
5 4
6 8
7 6
8 7
9 9
10 8
11 4
12 0
13 0
14 0
15 2
16 6

1 0
2 6
3 0
4 7
5 0
6 2
7 7
8 2
9 5
10 2
11 5
12 7
13 4
14 5
15 6
16 5

1 8
2 4
3 1
4 2
5 5
6 3
7 6
8 0
9 4
10 7
11 8
12 5
13 3
14 1
15 1
16 7

1 2
2 2
3 9
4 6
5 3
6 6
7 1
8 1
9 5
10 9
11 2
12 1
13 5
14 2
15 7
16 7

1 8
2 2
3 4
4 1
5 4
6 8
7 6
8 7
9 9
10 8
11 4
12 0
13 0
14 0
15 2
16 6

1 0
2 6
3 0
4 7
5 0
6 2
7 7
8 2
9 5
10 2
11 5
12 7
13 4
14 5
15 6
16 5

1 8
2 4
3 1
4 2
5 5
6 3
7 6
8 0
9 4
10 7
11 8
12 5
13 3
14 1
15 1
16 7

1 2
2 2
3 9
4 6
5 3
6 6
7 1
8 1
9 5
10 9
11 2
12 1
13 5
14 2
15 7
16 7

1 8
2 2
3 4
4 1
5 4
6 8
7 6
8 7
9 9
10 8
11 4
12 0
13 0
14 0
15 2
16 6

1 0
2 6
3 0
4 7
5 0
6 2
7 7
8 2
9 5
10 2
11 5
12 7
13 4
14 5
15 6
16 5

1 8
2 4
3 1
4 2
5 5
6 3
7 6
8 0
9 4
10 7
11 8
12 5
13 3
14 1
15 1
16 7

1 2
2 2
3 9
4 6
5 3
6 6
7 1
8 1
9 5
10 9
11 2
12 1
13 5
14 2
15 7
16 7

1 8
2 2
3 4
4 1
5 4
6 8
7 6
8 7
9 9
10 8
11 4
12 0
13 0
14 0
15 2
16 6

1 0
2 6
3 0
4 7
5 0
6 2
7 7
8 2
9 5
10 2
11 5
12 7
13 4
14 5
15 6
16 5

1 8
2 4
3 1
4 2
5 5
6 3
7 6
8 0
9 4
10 7
11 8
12 5
13 3
14 1
15 1
16 7

1 2
2 2
3 9
4 6
5 3
6 6
7 1
8 1
9 5
10 9
11 2
12 1
13 5
14 2
15 7
16 7

1 8
2 2
3 4
4 1
5 4
6 8
7 6
8 7
9 9
10 8
11 4
12 0
13 0
14 0
15 2
16 6

1 0
2 6
3 0
4 7
5 0
6 2
7 7
8 2
9 5
10 2
11 5
12 7
13 4
14 5
15 6
16 5

1 8
2 4
3 1
4 2
5 5
6 3
7 6
8 0
9 4
10 7
11 8
12 5
13 3
14 1
15 1
16 7

1 2
2 2
3 9
4 6
5 3
6 6
7 1
8 1
9 5
10 9
11 2
12 1
13 5
14 2
15 7
16 7

1 8
2 2
3 4
4 1
5 4
6 8
7 6
8 7
9 9
10 8
11 4
12 0
13 0
14 0
15 2
16 6

1 0
2 6
3 0
4 7
5 0
6 2
7 7
8 2
9 5
10 2
11 5
12 7
13 4
14 5
15 6
16 5

1 8
2 4
3 1
4 2
5 5
6 3
7 6
8 0
9 4
10 7
11 8
12 5
13 3
14 1
15 1
16 7

1 2
2 2
3 9
4 6
5 3
6 6
7 1
8 1
9 5
10 9
11 2
12 1
13 5
14 2
15 7
16 7

1 8
2 2
3 4
4 1
5 4
6 8
7 6
8 7
9 9
10 8
11 4
12 0
13 0
14 0
15 2
16 6

1 0
2 6
3 0
4 7
5 0
6 2
7 7
8 2
9 5
10 2
11 5
12 7
13 4
14 5
15 6
16 5

1 8
2 4
3 1
4 2
5 5
6 3
7 6
8 0
9 4
10 7
11 8
12 5
13 3
14 1
15 1
16 7

1 2
2 2
3 9
4 6
5 3
6 6
7 1
8 1
9 5
10 9
11 2
12 1
13 5
14 2
15 7
16 7

1 8
2 2
3 4
4 1
5 4
6 8
7 6
8 7
9 9
10 8
11 4
12 0
13 0
14 0
15 2
16 6

1 0
2 6
3 0
4 7
5 0
6 2
7 7
8 2
9 5
10 2
11 5
12 7
13 4
14 5
15 6
16 5

1 8
2 4
3 1
4 2
5 5
6 3
7 6
8 0
9 4
10 7
11 8
12 5
13 3
14 1
15 1
16 7

1 2
2 2
3 9
4 6
5 3
6 6
7 1
8 1
9 5
10 9
11 2
12 1
13 5
14 2
15 7
16 7

1 8
2 2
3 4
4 1
5 4
6 8
7 6
8 7
9 9
10 8
11 4
12 0
13 0
14 0
15 2
16 6

1 0
2 6
3 0
4 7
5 0
6 2
7 7
8 2
9 5
10 2
11 5
12 7
13 4
14 5
15 6
16 5

1 8
2 4
3 1
4 2
5 5
6 3
7 6
8 0
9 4
10 7
11 8
12 5
13 3
14 1
15 1
16 7

1 2
2 2
3 9
4 6
5 3
6 6
7 1
8 1
9 5
10 9
11 2
12 1
13 5
14 2
15 7
16 7

1 8
2 2
3 4
4 1
5 4
6 8
7 6
8 7
9 9
10 8
11 4
12 0
13 0
14 0
15 2
16 6

1 0
2 6
3 0
4 7
5 0
6 2
7 7
8 2
9 5
10 2
11 5
12 7
13 4
14 5
15 6
16 5

1 8
2 4
3 1
4 2
5 5
6 3
7 6
8 0
9 4
10 7
11 8
12 5
13 3
14 1
15 1
16 7

1 2
2 2
3 9
4 6
5 3
6 6
7 1
8 1
9 5
10 9
11 2
12 1
13 5
14 2
15 7
16 7

1 8
2 2
3 4
4 1
5 4
6 8
7 6
8 7
9 9
10 8
11 4
12 0
13 0
14 0
15 2
16 6

1 0
2 6
3 0
4 7
5 0
6 2
7 7
8 2
9 5
10 2
11 5
12 7
13 4
14 5
15 6
16 5

1 8
2 4
3 1
4 2
5 5
6 3
7 6
8 0
9 4
10 7
11 8
12 5
13 3
14 1
15 1
16 7

1 2
2 2
3 9
4 6
5 3
6 6
7 1
8 1
9 5
10 9
11 2
12 1
13 5
14 2
15 7
16 7

1 8
2 2
3 4
4 1
5 4
6 8
7 6
8 7
9 9
10 8
11 4
12 0
13 0
14 0
15 2
16 6

1 0
2 6
3 0
4 7
5 0
6 2
7 7
8 2
9 5
10 2
11 5
12 7
13 4
14 5
15 6
16 5

1 8
2 4
3 1
4 2
5 5
6 3
7 6
8 0
9 4
10 7
11 8
12 5
13 3
14 1
15 1
16 7

1 2
2 2
3 9
4 6
5 3
6 6
7 1
8 1
9 5
10 9
11 2
12 1
13 5
14 2
15 7
16 7

1 8
2 2
3 4
4 1
5 4
6 8
7 6
8 7
9 9
10 8
11 4
12 0
13 0
14 0
15 2
16 6

1 0
2 6
3 0
4 7
5 0
6 2
7 7
8 2
9 5
10 2
11 5
12 7
13 4
14 5
15 6
16 5

1 8
2 4
3 1
4 2
5 5
6 3
7 6
8 0
9 4
10 7
11 8
12 5
13 3
14 1
15 1
16 7

1 2
2 2
3 9
4 6
5 3
6 6
7 1
8 1
9 5
10 9
11 2
12 1
13 5
14 2
15 7
16 7

1 8
2 2
3 4
4 1
5 4
6 8
7 6
8 7
9 9
10 8
11 4
12 0
13 0
14 0
15 2
16 6

1 0
2 6
3 0
4 7
5 0
6 2
7 7
8 2
9 5
10 2
11 5
12 7
13 4
14 5
15 6
16 5

1 8
2 4
3 1
4 2
5 5
6 3
7 6
8 0
9 4
10 7
11 8
12 5
13 3
14 1
15 1
16 7

1 2
2 2
3 9
4 6
5 3
6 6
7 1
8 1
9 5
10 9
11 2
12 1
13 5
14 2
15 7
16 7

1 8
2 2
3 4
4 1
5 4
6 8
7 6
8 7
9 9
10 8
11 4
12 0
13 0
14 0
15 2
16 6

1 0
2 6
3 0
4 7
5 0
6 2
7 7
8 2
9 5
10 2
11 5
12 7
13 4
14 5
15 6
16 5

1 8
2 4
3 1
4 2
5 5
6 3
7 6
8 0
9 4
10 7
11 8
12 5
13 3
14 1
15 1
16 7