1 0
2 0
3 0
4 0

1 13
2 19
3 10
4 13

1 12
2 16
3 11
4 12

1 19
2 19
3 13
4 10

1 10
2 20
3 19
4 12

1 13
2 19
3 10
4 13

1 12
2 16
3 11
4 12

1 19
2 19
3 13
4 10

1 10
2 20
3 19
4 12

1 13
2 19
3 10
4 13

1 12
2 16
3 11
4 12

1 19
2 19
3 13
4 10

1 10
2 20
3 19
4 12

1 13
2 19
3 10
4 13

1 12
2 16
3 11
4 12

1 19
2 19
3 13
4 10

1 10
2 20
3 19
4 12

1 13
2 19
3 10
4 13

1 12
2 16
3 11
4 12

1 19
2 19
3 13
4 10

1 10
2 20
3 19
4 12

1 13
2 19
3 10
4 13

1 12
2 16
3 11
4 12

1 19
2 19
3 13
4 10

1 10
2 20
3 19
4 12

1 13
2 19
3 10
4 13

1 12
2 16
3 11
4 12

1 19
2 19
3 13
4 10

1 10
2 20
3 19
4 12

1 13
2 19
3 10
4 13

1 12
2 16
3 11
4 12

1 19
2 19
3 13
4 10

1 10
2 20
3 19
4 12

1 13
2 19
3 10
4 13

1 12
2 16
3 11
4 12

1 19
2 19
3 13
4 10

1 10
2 20
3 19
4 12

1 13
2 19
3 10
4 13

1 12
2 16
3 11
4 12

1 19
2 19
3 13
4 10

1 10
2 20
3 19
4 12

1 13
2 19
3 10
4 13

1 12
2 16
3 11
4 12

1 19
2 19
3 13
4 10

1 10
2 20
3 19
4 12

1 13
2 19
3 10
4 13

1 12
2 16
3 11
4 12

1 19
2 19
3 13
4 10

1 10
2 20
3 19
4 12

1 13
2 19
3 10
4 13

1 12
2 16
3 11
4 12

1 19
2 19
3 13
4 10

1 10
2 20
3 19
4 12

1 13
2 19
3 10
4 13

1 12
2 16
3 11
4 12

1 19
2 19
3 13
4 10

1 10
2 20
3 19
4 12

1 13
2 19
3 10
4 13

1 12
2 16
3 11
4 12

1 19
2 19
3 13
4 10

1 10
2 20
3 19
4 12