1 0
2 0
3 0
4 0

1 0
2 9
3 7
4 2

1 4
2 1
3 5
4 6

1 2
2 0
3 5
4 7

1 6
2 3
3 3
4 6

1 8
2 0
3 4
4 0

1 2
2 5
3 5
4 1

1 0
2 9
3 7
4 2

1 4
2 1
3 5
4 6

1 2
2 0
3 5
4 7

1 6
2 3
3 3
4 6

1 8
2 0
3 4
4 0

1 2
2 5
3 5
4 1

1 0
2 9
3 7
4 2

1 4
2 1
3 5
4 6

1 2
2 0
3 5
4 7

1 6
2 3
3 3
4 6

1 8
2 0
3 4
4 0

1 2
2 5
3 5
4 1

1 0
2 9
3 7
4 2

1 4
2 1
3 5
4 6

1 2
2 0
3 5
4 7

1 6
2 3
3 3
4 6

1 8
2 0
3 4
4 0

1 2
2 5
3 5
4 1

1 0
2 9
3 7
4 2

1 4
2 1
3 5
4 6

1 2
2 0
3 5
4 7

1 6
2 3
3 3
4 6

1 8
2 0
3 4
4 0

1 2
2 5
3 5
4 1

1 0
2 9
3 7
4 2

1 4
2 1
3 5
4 6

1 2
2 0
3 5
4 7

1 6
2 3
3 3
4 6

1 8
2 0
3 4
4 0

1 2
2 5
3 5
4 1

1 0
2 9
3 7
4 2

1 4
2 1
3 5
4 6

1 2
2 0
3 5
4 7

1 6
2 3
3 3
4 6

1 8
2 0
3 4
4 0

1 2
2 5
3 5
4 1

1 0
2 9
3 7
4 2

1 4
2 1
3 5
4 6

1 2
2 0
3 5
4 7

1 6
2 3
3 3
4 6

1 8
2 0
3 4
4 0

1 2
2 5
3 5
4 1

1 0
2 9
3 7
4 2

1 4
2 1
3 5
4 6

1 2
2 0
3 5
4 7

1 6
2 3
3 3
4 6

1 8
2 0
3 4
4 0

1 2
2 5
3 5
4 1

1 0
2 9
3 7
4 2

1 4
2 1
3 5
4 6

1 2
2 0
3 5
4 7

1 6
2 3
3 3
4 6

1 8
2 0
3 4
4 0

1 2
2 5
3 5
4 1