1 0
2 0
3 0
4 0

1 3
2 6
3 7
4 3

1 5
2 0
3 5
4 1

1 3
2 6
3 7
4 3

1 5
2 0
3 5
4 1

1 3
2 6
3 7
4 3

1 5
2 0
3 5
4 1

1 3
2 6
3 7
4 3

1 5
2 0
3 5
4 1

1 3
2 6
3 7
4 3

1 5
2 0
3 5
4 1

1 3
2 6
3 7
4 3

1 5
2 0
3 5
4 1

1 3
2 6
3 7
4 3

1 5
2 0
3 5
4 1

1 3
2 6
3 7
4 3

1 5
2 0
3 5
4 1

1 3
2 6
3 7
4 3

1 5
2 0
3 5
4 1

1 3
2 6
3 7
4 3

1 5
2 0
3 5
4 1

1 3
2 6
3 7
4 3

1 5
2 0
3 5
4 1

1 3
2 6
3 7
4 3

1 5
2 0
3 5
4 1

1 3
2 6
3 7
4 3

1 5
2 0
3 5
4 1

1 3
2 6
3 7
4 3

1 5
2 0
3 5
4 1

1 3
2 6
3 7
4 3

1 5
2 0
3 5
4 1

1 3
2 6
3 7
4 3

1 5
2 0
3 5
4 1

1 3
2 6
3 7
4 3

1 5
2 0
3 5
4 1

1 3
2 6
3 7
4 3

1 5
2 0
3 5
4 1

1 3
2 6
3 7
4 3

1 5
2 0
3 5
4 1

1 3
2 6
3 7
4 3

1 5
2 0
3 5
4 1