1 0
2 0
3 0
4 0
5 0
6 0
7 0
8 0
9 0
10 0
11 0
12 0
13 0
14 0
15 0
16 0

1 8
2 3
3 4
4 5
5 1
6 5
7 5
8 9
9 1
10 9
11 6
12 8
13 1
14 7
15 0
16 7

1 3
2 6
3 5
4 2
5 5
6 6
7 2
8 7
9 0
10 9
11 7
12 4
13 3
14 3
15 2
16 1

1 8
2 3
3 4
4 5
5 1
6 5
7 5
8 9
9 1
10 9
11 6
12 8
13 1
14 7
15 0
16 7

1 3
2 6
3 5
4 2
5 5
6 6
7 2
8 7
9 0
10 9
11 7
12 4
13 3
14 3
15 2
16 1

1 8
2 3
3 4
4 5
5 1
6 5
7 5
8 9
9 1
10 9
11 6
12 8
13 1
14 7
15 0
16 7

1 3
2 6
3 5
4 2
5 5
6 6
7 2
8 7
9 0
10 9
11 7
12 4
13 3
14 3
15 2
16 1

1 8
2 3
3 4
4 5
5 1
6 5
7 5
8 9
9 1
10 9
11 6
12 8
13 1
14 7
15 0
16 7

1 3
2 6
3 5
4 2
5 5
6 6
7 2
8 7
9 0
10 9
11 7
12 4
13 3
14 3
15 2
16 1

1 8
2 3
3 4
4 5
5 1
6 5
7 5
8 9
9 1
10 9
11 6
12 8
13 1
14 7
15 0
16 7

1 3
2 6
3 5
4 2
5 5
6 6
7 2
8 7
9 0
10 9
11 7
12 4
13 3
14 3
15 2
16 1

1 8
2 3
3 4
4 5
5 1
6 5
7 5
8 9
9 1
10 9
11 6
12 8
13 1
14 7
15 0
16 7

1 3
2 6
3 5
4 2
5 5
6 6
7 2
8 7
9 0
10 9
11 7
12 4
13 3
14 3
15 2
16 1

1 8
2 3
3 4
4 5
5 1
6 5
7 5
8 9
9 1
10 9
11 6
12 8
13 1
14 7
15 0
16 7

1 3
2 6
3 5
4 2
5 5
6 6
7 2
8 7
9 0
10 9
11 7
12 4
13 3
14 3
15 2
16 1

1 8
2 3
3 4
4 5
5 1
6 5
7 5
8 9
9 1
10 9
11 6
12 8
13 1
14 7
15 0
16 7

1 3
2 6
3 5
4 2
5 5
6 6
7 2
8 7
9 0
10 9
11 7
12 4
13 3
14 3
15 2
16 1

1 8
2 3
3 4
4 5
5 1
6 5
7 5
8 9
9 1
10 9
11 6
12 8
13 1
14 7
15 0
16 7

1 3
2 6
3 5
4 2
5 5
6 6
7 2
8 7
9 0
10 9
11 7
12 4
13 3
14 3
15 2
16 1

1 8
2 3
3 4
4 5
5 1
6 5
7 5
8 9
9 1
10 9
11 6
12 8
13 1
14 7
15 0
16 7

1 3
2 6
3 5
4 2
5 5
6 6
7 2
8 7
9 0
10 9
11 7
12 4
13 3
14 3
15 2
16 1

1 8
2 3
3 4
4 5
5 1
6 5
7 5
8 9
9 1
10 9
11 6
12 8
13 1
14 7
15 0
16 7

1 3
2 6
3 5
4 2
5 5
6 6
7 2
8 7
9 0
10 9
11 7
12 4
13 3
14 3
15 2
16 1

1 8
2 3
3 4
4 5
5 1
6 5
7 5
8 9
9 1
10 9
11 6
12 8
13 1
14 7
15 0
16 7

1 3
2 6
3 5
4 2
5 5
6 6
7 2
8 7
9 0
10 9
11 7
12 4
13 3
14 3
15 2
16 1

1 8
2 3
3 4
4 5
5 1
6 5
7 5
8 9
9 1
10 9
11 6
12 8
13 1
14 7
15 0
16 7

1 3
2 6
3 5
4 2
5 5
6 6
7 2
8 7
9 0
10 9
11 7
12 4
13 3
14 3
15 2
16 1

1 8
2 3
3 4
4 5
5 1
6 5
7 5
8 9
9 1
10 9
11 6
12 8
13 1
14 7
15 0
16 7

1 3
2 6
3 5
4 2
5 5
6 6
7 2
8 7
9 0
10 9
11 7
12 4
13 3
14 3
15 2
16 1

1 8
2 3
3 4
4 5
5 1
6 5
7 5
8 9
9 1
10 9
11 6
12 8
13 1
14 7
15 0
16 7

1 3
2 6
3 5
4 2
5 5
6 6
7 2
8 7
9 0
10 9
11 7
12 4
13 3
14 3
15 2
16 1