1 0
2 0
3 0
4 0
5 0
6 0
7 0
8 0
9 0
10 0
11 0
12 0
13 0
14 0
15 0
16 0

1 7
2 3
3 5
4 5
5 2
6 3
7 8
8 0
9 6
10 3
11 5
12 7
13 3
14 5
15 3
16 7

1 5
2 8
3 5
4 3
5 0
6 0
7 3
8 7
9 2
10 2
11 5
12 3
13 5
14 5
15 7
16 6

1 7
2 3
3 5
4 5
5 2
6 3
7 8
8 0
9 6
10 3
11 5
12 7
13 3
14 5
15 3
16 7

1 5
2 8
3 5
4 3
5 0
6 0
7 3
8 7
9 2
10 2
11 5
12 3
13 5
14 5
15 7
16 6

1 7
2 3
3 5
4 5
5 2
6 3
7 8
8 0
9 6
10 3
11 5
12 7
13 3
14 5
15 3
16 7

1 5
2 8
3 5
4 3
5 0
6 0
7 3
8 7
9 2
10 2
11 5
12 3
13 5
14 5
15 7
16 6

1 7
2 3
3 5
4 5
5 2
6 3
7 8
8 0
9 6
10 3
11 5
12 7
13 3
14 5
15 3
16 7

1 5
2 8
3 5
4 3
5 0
6 0
7 3
8 7
9 2
10 2
11 5
12 3
13 5
14 5
15 7
16 6

1 7
2 3
3 5
4 5
5 2
6 3
7 8
8 0
9 6
10 3
11 5
12 7
13 3
14 5
15 3
16 7

1 5
2 8
3 5
4 3
5 0
6 0
7 3
8 7
9 2
10 2
11 5
12 3
13 5
14 5
15 7
16 6

1 7
2 3
3 5
4 5
5 2
6 3
7 8
8 0
9 6
10 3
11 5
12 7
13 3
14 5
15 3
16 7

1 5
2 8
3 5
4 3
5 0
6 0
7 3
8 7
9 2
10 2
11 5
12 3
13 5
14 5
15 7
16 6

1 7
2 3
3 5
4 5
5 2
6 3
7 8
8 0
9 6
10 3
11 5
12 7
13 3
14 5
15 3
16 7

1 5
2 8
3 5
4 3
5 0
6 0
7 3
8 7
9 2
10 2
11 5
12 3
13 5
14 5
15 7
16 6

1 7
2 3
3 5
4 5
5 2
6 3
7 8
8 0
9 6
10 3
11 5
12 7
13 3
14 5
15 3
16 7

1 5
2 8
3 5
4 3
5 0
6 0
7 3
8 7
9 2
10 2
11 5
12 3
13 5
14 5
15 7
16 6

1 7
2 3
3 5
4 5
5 2
6 3
7 8
8 0
9 6
10 3
11 5
12 7
13 3
14 5
15 3
16 7

1 5
2 8
3 5
4 3
5 0
6 0
7 3
8 7
9 2
10 2
11 5
12 3
13 5
14 5
15 7
16 6

1 7
2 3
3 5
4 5
5 2
6 3
7 8
8 0
9 6
10 3
11 5
12 7
13 3
14 5
15 3
16 7

1 5
2 8
3 5
4 3
5 0
6 0
7 3
8 7
9 2
10 2
11 5
12 3
13 5
14 5
15 7
16 6