1 0
2 0
3 0
4 0

1 16
2 18
3 17
4 20

1 14
2 19
3 15
4 18

1 14
2 11
3 16
4 16

1 10
2 16
3 15
4 19

1 14
2 18
3 14
4 18

1 16
2 13
3 17
4 15

1 16
2 18
3 17
4 20

1 14
2 19
3 15
4 18

1 14
2 11
3 16
4 16

1 10
2 16
3 15
4 19

1 14
2 18
3 14
4 18

1 16
2 13
3 17
4 15

1 16
2 18
3 17
4 20

1 14
2 19
3 15
4 18

1 14
2 11
3 16
4 16

1 10
2 16
3 15
4 19

1 14
2 18
3 14
4 18

1 16
2 13
3 17
4 15

1 16
2 18
3 17
4 20

1 14
2 19
3 15
4 18

1 14
2 11
3 16
4 16

1 10
2 16
3 15
4 19

1 14
2 18
3 14
4 18

1 16
2 13
3 17
4 15

1 16
2 18
3 17
4 20

1 14
2 19
3 15
4 18

1 14
2 11
3 16
4 16

1 10
2 16
3 15
4 19

1 14
2 18
3 14
4 18

1 16
2 13
3 17
4 15

1 16
2 18
3 17
4 20

1 14
2 19
3 15
4 18

1 14
2 11
3 16
4 16

1 10
2 16
3 15
4 19

1 14
2 18
3 14
4 18

1 16
2 13
3 17
4 15

1 16
2 18
3 17
4 20

1 14
2 19
3 15
4 18

1 14
2 11
3 16
4 16

1 10
2 16
3 15
4 19

1 14
2 18
3 14
4 18

1 16
2 13
3 17
4 15

1 16
2 18
3 17
4 20

1 14
2 19
3 15
4 18

1 14
2 11
3 16
4 16

1 10
2 16
3 15
4 19

1 14
2 18
3 14
4 18

1 16
2 13
3 17
4 15

1 16
2 18
3 17
4 20

1 14
2 19
3 15
4 18

1 14
2 11
3 16
4 16

1 10
2 16
3 15
4 19

1 14
2 18
3 14
4 18

1 16
2 13
3 17
4 15

1 16
2 18
3 17
4 20

1 14
2 19
3 15
4 18

1 14
2 11
3 16
4 16

1 10
2 16
3 15
4 19

1 14
2 18
3 14
4 18

1 16
2 13
3 17
4 15