1 0
2 0
3 0
4 0
5 0
6 0
7 0
8 0
9 0
10 0
11 0
12 0
13 0
14 0
15 0
16 0

1 9
2 8
3 8
4 2
5 3
6 5
7 0
8 5
9 9
10 6
11 3
12 5
13 1
14 4
15 9
16 9

1 2
2 8
3 9
4 1
5 1
6 1
7 6
8 8
9 3
10 2
11 5
12 0
13 2
14 6
15 2
16 6

1 4
2 6
3 2
4 7
5 4
6 1
7 4
8 6
9 1
10 0
11 4
12 5
13 6
14 7
15 0
16 8

1 2
2 7
3 8
4 0
5 0
6 2
7 0
8 5
9 3
10 9
11 3
12 6
13 4
14 5
15 4
16 4

1 9
2 8
3 8
4 2
5 3
6 5
7 0
8 5
9 9
10 6
11 3
12 5
13 1
14 4
15 9
16 9

1 2
2 8
3 9
4 1
5 1
6 1
7 6
8 8
9 3
10 2
11 5
12 0
13 2
14 6
15 2
16 6

1 4
2 6
3 2
4 7
5 4
6 1
7 4
8 6
9 1
10 0
11 4
12 5
13 6
14 7
15 0
16 8

1 2
2 7
3 8
4 0
5 0
6 2
7 0
8 5
9 3
10 9
11 3
12 6
13 4
14 5
15 4
16 4

1 9
2 8
3 8
4 2
5 3
6 5
7 0
8 5
9 9
10 6
11 3
12 5
13 1
14 4
15 9
16 9

1 2
2 8
3 9
4 1
5 1
6 1
7 6
8 8
9 3
10 2
11 5
12 0
13 2
14 6
15 2
16 6

1 4
2 6
3 2
4 7
5 4
6 1
7 4
8 6
9 1
10 0
11 4
12 5
13 6
14 7
15 0
16 8

1 2
2 7
3 8
4 0
5 0
6 2
7 0
8 5
9 3
10 9
11 3
12 6
13 4
14 5
15 4
16 4

1 9
2 8
3 8
4 2
5 3
6 5
7 0
8 5
9 9
10 6
11 3
12 5
13 1
14 4
15 9
16 9

1 2
2 8
3 9
4 1
5 1
6 1
7 6
8 8
9 3
10 2
11 5
12 0
13 2
14 6
15 2
16 6

1 4
2 6
3 2
4 7
5 4
6 1
7 4
8 6
9 1
10 0
11 4
12 5
13 6
14 7
15 0
16 8

1 2
2 7
3 8
4 0
5 0
6 2
7 0
8 5
9 3
10 9
11 3
12 6
13 4
14 5
15 4
16 4

1 9
2 8
3 8
4 2
5 3
6 5
7 0
8 5
9 9
10 6
11 3
12 5
13 1
14 4
15 9
16 9

1 2
2 8
3 9
4 1
5 1
6 1
7 6
8 8
9 3
10 2
11 5
12 0
13 2
14 6
15 2
16 6

1 4
2 6
3 2
4 7
5 4
6 1
7 4
8 6
9 1
10 0
11 4
12 5
13 6
14 7
15 0
16 8

1 2
2 7
3 8
4 0
5 0
6 2
7 0
8 5
9 3
10 9
11 3
12 6
13 4
14 5
15 4
16 4

1 9
2 8
3 8
4 2
5 3
6 5
7 0
8 5
9 9
10 6
11 3
12 5
13 1
14 4
15 9
16 9

1 2
2 8
3 9
4 1
5 1
6 1
7 6
8 8
9 3
10 2
11 5
12 0
13 2
14 6
15 2
16 6

1 4
2 6
3 2
4 7
5 4
6 1
7 4
8 6
9 1
10 0
11 4
12 5
13 6
14 7
15 0
16 8

1 2
2 7
3 8
4 0
5 0
6 2
7 0
8 5
9 3
10 9
11 3
12 6
13 4
14 5
15 4
16 4

1 9
2 8
3 8
4 2
5 3
6 5
7 0
8 5
9 9
10 6
11 3
12 5
13 1
14 4
15 9
16 9

1 2
2 8
3 9
4 1
5 1
6 1
7 6
8 8
9 3
10 2
11 5
12 0
13 2
14 6
15 2
16 6

1 4
2 6
3 2
4 7
5 4
6 1
7 4
8 6
9 1
10 0
11 4
12 5
13 6
14 7
15 0
16 8

1 2
2 7
3 8
4 0
5 0
6 2
7 0
8 5
9 3
10 9
11 3
12 6
13 4
14 5
15 4
16 4

1 9
2 8
3 8
4 2
5 3
6 5
7 0
8 5
9 9
10 6
11 3
12 5
13 1
14 4
15 9
16 9

1 2
2 8
3 9
4 1
5 1
6 1
7 6
8 8
9 3
10 2
11 5
12 0
13 2
14 6
15 2
16 6

1 4
2 6
3 2
4 7
5 4
6 1
7 4
8 6
9 1
10 0
11 4
12 5
13 6
14 7
15 0
16 8

1 2
2 7
3 8
4 0
5 0
6 2
7 0
8 5
9 3
10 9
11 3
12 6
13 4
14 5
15 4
16 4

1 9
2 8
3 8
4 2
5 3
6 5
7 0
8 5
9 9
10 6
11 3
12 5
13 1
14 4
15 9
16 9

1 2
2 8
3 9
4 1
5 1
6 1
7 6
8 8
9 3
10 2
11 5
12 0
13 2
14 6
15 2
16 6

1 4
2 6
3 2
4 7
5 4
6 1
7 4
8 6
9 1
10 0
11 4
12 5
13 6
14 7
15 0
16 8

1 2
2 7
3 8
4 0
5 0
6 2
7 0
8 5
9 3
10 9
11 3
12 6
13 4
14 5
15 4
16 4

1 9
2 8
3 8
4 2
5 3
6 5
7 0
8 5
9 9
10 6
11 3
12 5
13 1
14 4
15 9
16 9

1 2
2 8
3 9
4 1
5 1
6 1
7 6
8 8
9 3
10 2
11 5
12 0
13 2
14 6
15 2
16 6

1 4
2 6
3 2
4 7
5 4
6 1
7 4
8 6
9 1
10 0
11 4
12 5
13 6
14 7
15 0
16 8

1 2
2 7
3 8
4 0
5 0
6 2
7 0
8 5
9 3
10 9
11 3
12 6
13 4
14 5
15 4
16 4