1 0
2 0
3 0
4 0

1 11
2 10
3 13
4 11

1 20
2 13
3 15
4 11

1 17
2 14
3 18
4 14

1 19
2 20
3 20
4 12

1 10
2 12
3 11
4 14

1 13
2 17
3 15
4 19

1 11
2 10
3 13
4 11

1 20
2 13
3 15
4 11

1 17
2 14
3 18
4 14

1 19
2 20
3 20
4 12

1 10
2 12
3 11
4 14

1 13
2 17
3 15
4 19

1 11
2 10
3 13
4 11

1 20
2 13
3 15
4 11

1 17
2 14
3 18
4 14

1 19
2 20
3 20
4 12

1 10
2 12
3 11
4 14

1 13
2 17
3 15
4 19

1 11
2 10
3 13
4 11

1 20
2 13
3 15
4 11

1 17
2 14
3 18
4 14

1 19
2 20
3 20
4 12

1 10
2 12
3 11
4 14

1 13
2 17
3 15
4 19

1 11
2 10
3 13
4 11

1 20
2 13
3 15
4 11

1 17
2 14
3 18
4 14

1 19
2 20
3 20
4 12

1 10
2 12
3 11
4 14

1 13
2 17
3 15
4 19

1 11
2 10
3 13
4 11

1 20
2 13
3 15
4 11

1 17
2 14
3 18
4 14

1 19
2 20
3 20
4 12

1 10
2 12
3 11
4 14

1 13
2 17
3 15
4 19

1 11
2 10
3 13
4 11

1 20
2 13
3 15
4 11

1 17
2 14
3 18
4 14

1 19
2 20
3 20
4 12

1 10
2 12
3 11
4 14

1 13
2 17
3 15
4 19

1 11
2 10
3 13
4 11

1 20
2 13
3 15
4 11

1 17
2 14
3 18
4 14

1 19
2 20
3 20
4 12

1 10
2 12
3 11
4 14

1 13
2 17
3 15
4 19

1 11
2 10
3 13
4 11

1 20
2 13
3 15
4 11

1 17
2 14
3 18
4 14

1 19
2 20
3 20
4 12

1 10
2 12
3 11
4 14

1 13
2 17
3 15
4 19

1 11
2 10
3 13
4 11

1 20
2 13
3 15
4 11

1 17
2 14
3 18
4 14

1 19
2 20
3 20
4 12

1 10
2 12
3 11
4 14

1 13
2 17
3 15
4 19