1 0
2 0
3 0
4 0
5 0
6 0
7 0
8 0

1 9
2 4
3 7
4 4
5 5
6 7
7 2
8 0

1 1
2 5
3 4
4 9
5 9
6 6
7 3
8 6

1 4
2 4
3 2
4 5
5 5
6 7
7 6
8 9

1 8
2 9
3 9
4 6
5 5
6 5
7 0
8 2

1 6
2 6
3 9
4 2
5 2
6 2
7 3
8 7

1 8
2 5
3 5
4 8
5 6
6 9
7 4
8 2

1 9
2 4
3 7
4 4
5 5
6 7
7 2
8 0

1 1
2 5
3 4
4 9
5 9
6 6
7 3
8 6

1 4
2 4
3 2
4 5
5 5
6 7
7 6
8 9

1 8
2 9
3 9
4 6
5 5
6 5
7 0
8 2

1 6
2 6
3 9
4 2
5 2
6 2
7 3
8 7

1 8
2 5
3 5
4 8
5 6
6 9
7 4
8 2

1 9
2 4
3 7
4 4
5 5
6 7
7 2
8 0

1 1
2 5
3 4
4 9
5 9
6 6
7 3
8 6

1 4
2 4
3 2
4 5
5 5
6 7
7 6
8 9

1 8
2 9
3 9
4 6
5 5
6 5
7 0
8 2

1 6
2 6
3 9
4 2
5 2
6 2
7 3
8 7

1 8
2 5
3 5
4 8
5 6
6 9
7 4
8 2

1 9
2 4
3 7
4 4
5 5
6 7
7 2
8 0

1 1
2 5
3 4
4 9
5 9
6 6
7 3
8 6

1 4
2 4
3 2
4 5
5 5
6 7
7 6
8 9

1 8
2 9
3 9
4 6
5 5
6 5
7 0
8 2

1 6
2 6
3 9
4 2
5 2
6 2
7 3
8 7

1 8
2 5
3 5
4 8
5 6
6 9
7 4
8 2

1 9
2 4
3 7
4 4
5 5
6 7
7 2
8 0

1 1
2 5
3 4
4 9
5 9
6 6
7 3
8 6

1 4
2 4
3 2
4 5
5 5
6 7
7 6
8 9

1 8
2 9
3 9
4 6
5 5
6 5
7 0
8 2

1 6
2 6
3 9
4 2
5 2
6 2
7 3
8 7

1 8
2 5
3 5
4 8
5 6
6 9
7 4
8 2

1 9
2 4
3 7
4 4
5 5
6 7
7 2
8 0

1 1
2 5
3 4
4 9
5 9
6 6
7 3
8 6

1 4
2 4
3 2
4 5
5 5
6 7
7 6
8 9

1 8
2 9
3 9
4 6
5 5
6 5
7 0
8 2

1 6
2 6
3 9
4 2
5 2
6 2
7 3
8 7

1 8
2 5
3 5
4 8
5 6
6 9
7 4
8 2

1 9
2 4
3 7
4 4
5 5
6 7
7 2
8 0

1 1
2 5
3 4
4 9
5 9
6 6
7 3
8 6

1 4
2 4
3 2
4 5
5 5
6 7
7 6
8 9

1 8
2 9
3 9
4 6
5 5
6 5
7 0
8 2

1 6
2 6
3 9
4 2
5 2
6 2
7 3
8 7

1 8
2 5
3 5
4 8
5 6
6 9
7 4
8 2

1 9
2 4
3 7
4 4
5 5
6 7
7 2
8 0

1 1
2 5
3 4
4 9
5 9
6 6
7 3
8 6

1 4
2 4
3 2
4 5
5 5
6 7
7 6
8 9

1 8
2 9
3 9
4 6
5 5
6 5
7 0
8 2

1 6
2 6
3 9
4 2
5 2
6 2
7 3
8 7

1 8
2 5
3 5
4 8
5 6
6 9
7 4
8 2

1 9
2 4
3 7
4 4
5 5
6 7
7 2
8 0

1 1
2 5
3 4
4 9
5 9
6 6
7 3
8 6

1 4
2 4
3 2
4 5
5 5
6 7
7 6
8 9

1 8
2 9
3 9
4 6
5 5
6 5
7 0
8 2

1 6
2 6
3 9
4 2
5 2
6 2
7 3
8 7

1 8
2 5
3 5
4 8
5 6
6 9
7 4
8 2

1 9
2 4
3 7
4 4
5 5
6 7
7 2
8 0

1 1
2 5
3 4
4 9
5 9
6 6
7 3
8 6

1 4
2 4
3 2
4 5
5 5
6 7
7 6
8 9

1 8
2 9
3 9
4 6
5 5
6 5
7 0
8 2

1 6
2 6
3 9
4 2
5 2
6 2
7 3
8 7

1 8
2 5
3 5
4 8
5 6
6 9
7 4
8 2

1 9
2 4
3 7
4 4
5 5
6 7
7 2
8 0

1 1
2 5
3 4
4 9
5 9
6 6
7 3
8 6

1 4
2 4
3 2
4 5
5 5
6 7
7 6
8 9

1 8
2 9
3 9
4 6
5 5
6 5
7 0
8 2

1 6
2 6
3 9
4 2
5 2
6 2
7 3
8 7

1 8
2 5
3 5
4 8
5 6
6 9
7 4
8 2

1 9
2 4
3 7
4 4
5 5
6 7
7 2
8 0

1 1
2 5
3 4
4 9
5 9
6 6
7 3
8 6

1 4
2 4
3 2
4 5
5 5
6 7
7 6
8 9

1 8
2 9
3 9
4 6
5 5
6 5
7 0
8 2

1 6
2 6
3 9
4 2
5 2
6 2
7 3
8 7

1 8
2 5
3 5
4 8
5 6
6 9
7 4
8 2

1 9
2 4
3 7
4 4
5 5
6 7
7 2
8 0

1 1
2 5
3 4
4 9
5 9
6 6
7 3
8 6

1 4
2 4
3 2
4 5
5 5
6 7
7 6
8 9

1 8
2 9
3 9
4 6
5 5
6 5
7 0
8 2

1 6
2 6
3 9
4 2
5 2
6 2
7 3
8 7

1 8
2 5
3 5
4 8
5 6
6 9
7 4
8 2

1 9
2 4
3 7
4 4
5 5
6 7
7 2
8 0

1 1
2 5
3 4
4 9
5 9
6 6
7 3
8 6

1 4
2 4
3 2
4 5
5 5
6 7
7 6
8 9

1 8
2 9
3 9
4 6
5 5
6 5
7 0
8 2

1 6
2 6
3 9
4 2
5 2
6 2
7 3
8 7

1 8
2 5
3 5
4 8
5 6
6 9
7 4
8 2

1 9
2 4
3 7
4 4
5 5
6 7
7 2
8 0

1 1
2 5
3 4
4 9
5 9
6 6
7 3
8 6

1 4
2 4
3 2
4 5
5 5
6 7
7 6
8 9

1 8
2 9
3 9
4 6
5 5
6 5
7 0
8 2

1 6
2 6
3 9
4 2
5 2
6 2
7 3
8 7

1 8
2 5
3 5
4 8
5 6
6 9
7 4
8 2

1 9
2 4
3 7
4 4
5 5
6 7
7 2
8 0

1 1
2 5
3 4
4 9
5 9
6 6
7 3
8 6

1 4
2 4
3 2
4 5
5 5
6 7
7 6
8 9

1 8
2 9
3 9
4 6
5 5
6 5
7 0
8 2

1 6
2 6
3 9
4 2
5 2
6 2
7 3
8 7

1 8
2 5
3 5
4 8
5 6
6 9
7 4
8 2

1 9
2 4
3 7
4 4
5 5
6 7
7 2
8 0

1 1
2 5
3 4
4 9
5 9
6 6
7 3
8 6

1 4
2 4
3 2
4 5
5 5
6 7
7 6
8 9

1 8
2 9
3 9
4 6
5 5
6 5
7 0
8 2

1 6
2 6
3 9
4 2
5 2
6 2
7 3
8 7

1 8
2 5
3 5
4 8
5 6
6 9
7 4
8 2

1 9
2 4
3 7
4 4
5 5
6 7
7 2
8 0

1 1
2 5
3 4
4 9
5 9
6 6
7 3
8 6

1 4
2 4
3 2
4 5
5 5
6 7
7 6
8 9

1 8
2 9
3 9
4 6
5 5
6 5
7 0
8 2

1 6
2 6
3 9
4 2
5 2
6 2
7 3
8 7

1 8
2 5
3 5
4 8
5 6
6 9
7 4
8 2

1 9
2 4
3 7
4 4
5 5
6 7
7 2
8 0

1 1
2 5
3 4
4 9
5 9
6 6
7 3
8 6

1 4
2 4
3 2
4 5
5 5
6 7
7 6
8 9

1 8
2 9
3 9
4 6
5 5
6 5
7 0
8 2

1 6
2 6
3 9
4 2
5 2
6 2
7 3
8 7

1 8
2 5
3 5
4 8
5 6
6 9
7 4
8 2

1 9
2 4
3 7
4 4
5 5
6 7
7 2
8 0

1 1
2 5
3 4
4 9
5 9
6 6
7 3
8 6

1 4
2 4
3 2
4 5
5 5
6 7
7 6
8 9

1 8
2 9
3 9
4 6
5 5
6 5
7 0
8 2

1 6
2 6
3 9
4 2
5 2
6 2
7 3
8 7

1 8
2 5
3 5
4 8
5 6
6 9
7 4
8 2