1 0
2 0
3 0
4 0
5 0
6 0
7 0
8 0
9 0
10 0
11 0
12 0
13 0
14 0
15 0
16 0

1 16
2 15
3 19
4 14
5 20
6 15
7 11
8 11
9 11
10 17
11 18
12 15
13 15
14 16
15 16
16 12

1 18
2 10
3 15
4 10
5 15
6 17
7 16
8 14
9 14
10 20
11 12
12 20
13 19
14 12
15 15
16 11

1 14
2 14
3 18
4 19
5 14
6 16
7 10
8 19
9 15
10 17
11 14
12 13
13 10
14 16
15 12
16 11

1 16
2 19
3 16
4 12
5 16
6 13
7 20
8 19
9 10
10 14
11 16
12 11
13 14
14 17
15 14
16 10

1 16
2 15
3 19
4 14
5 20
6 15
7 11
8 11
9 11
10 17
11 18
12 15
13 15
14 16
15 16
16 12

1 18
2 10
3 15
4 10
5 15
6 17
7 16
8 14
9 14
10 20
11 12
12 20
13 19
14 12
15 15
16 11

1 14
2 14
3 18
4 19
5 14
6 16
7 10
8 19
9 15
10 17
11 14
12 13
13 10
14 16
15 12
16 11

1 16
2 19
3 16
4 12
5 16
6 13
7 20
8 19
9 10
10 14
11 16
12 11
13 14
14 17
15 14
16 10

1 16
2 15
3 19
4 14
5 20
6 15
7 11
8 11
9 11
10 17
11 18
12 15
13 15
14 16
15 16
16 12

1 18
2 10
3 15
4 10
5 15
6 17
7 16
8 14
9 14
10 20
11 12
12 20
13 19
14 12
15 15
16 11

1 14
2 14
3 18
4 19
5 14
6 16
7 10
8 19
9 15
10 17
11 14
12 13
13 10
14 16
15 12
16 11

1 16
2 19
3 16
4 12
5 16
6 13
7 20
8 19
9 10
10 14
11 16
12 11
13 14
14 17
15 14
16 10

1 16
2 15
3 19
4 14
5 20
6 15
7 11
8 11
9 11
10 17
11 18
12 15
13 15
14 16
15 16
16 12

1 18
2 10
3 15
4 10
5 15
6 17
7 16
8 14
9 14
10 20
11 12
12 20
13 19
14 12
15 15
16 11

1 14
2 14
3 18
4 19
5 14
6 16
7 10
8 19
9 15
10 17
11 14
12 13
13 10
14 16
15 12
16 11

1 16
2 19
3 16
4 12
5 16
6 13
7 20
8 19
9 10
10 14
11 16
12 11
13 14
14 17
15 14
16 10

1 16
2 15
3 19
4 14
5 20
6 15
7 11
8 11
9 11
10 17
11 18
12 15
13 15
14 16
15 16
16 12

1 18
2 10
3 15
4 10
5 15
6 17
7 16
8 14
9 14
10 20
11 12
12 20
13 19
14 12
15 15
16 11

1 14
2 14
3 18
4 19
5 14
6 16
7 10
8 19
9 15
10 17
11 14
12 13
13 10
14 16
15 12
16 11

1 16
2 19
3 16
4 12
5 16
6 13
7 20
8 19
9 10
10 14
11 16
12 11
13 14
14 17
15 14
16 10

1 16
2 15
3 19
4 14
5 20
6 15
7 11
8 11
9 11
10 17
11 18
12 15
13 15
14 16
15 16
16 12

1 18
2 10
3 15
4 10
5 15
6 17
7 16
8 14
9 14
10 20
11 12
12 20
13 19
14 12
15 15
16 11

1 14
2 14
3 18
4 19
5 14
6 16
7 10
8 19
9 15
10 17
11 14
12 13
13 10
14 16
15 12
16 11

1 16
2 19
3 16
4 12
5 16
6 13
7 20
8 19
9 10
10 14
11 16
12 11
13 14
14 17
15 14
16 10

1 16
2 15
3 19
4 14
5 20
6 15
7 11
8 11
9 11
10 17
11 18
12 15
13 15
14 16
15 16
16 12

1 18
2 10
3 15
4 10
5 15
6 17
7 16
8 14
9 14
10 20
11 12
12 20
13 19
14 12
15 15
16 11

1 14
2 14
3 18
4 19
5 14
6 16
7 10
8 19
9 15
10 17
11 14
12 13
13 10
14 16
15 12
16 11

1 16
2 19
3 16
4 12
5 16
6 13
7 20
8 19
9 10
10 14
11 16
12 11
13 14
14 17
15 14
16 10

1 16
2 15
3 19
4 14
5 20
6 15
7 11
8 11
9 11
10 17
11 18
12 15
13 15
14 16
15 16
16 12

1 18
2 10
3 15
4 10
5 15
6 17
7 16
8 14
9 14
10 20
11 12
12 20
13 19
14 12
15 15
16 11

1 14
2 14
3 18
4 19
5 14
6 16
7 10
8 19
9 15
10 17
11 14
12 13
13 10
14 16
15 12
16 11

1 16
2 19
3 16
4 12
5 16
6 13
7 20
8 19
9 10
10 14
11 16
12 11
13 14
14 17
15 14
16 10

1 16
2 15
3 19
4 14
5 20
6 15
7 11
8 11
9 11
10 17
11 18
12 15
13 15
14 16
15 16
16 12

1 18
2 10
3 15
4 10
5 15
6 17
7 16
8 14
9 14
10 20
11 12
12 20
13 19
14 12
15 15
16 11

1 14
2 14
3 18
4 19
5 14
6 16
7 10
8 19
9 15
10 17
11 14
12 13
13 10
14 16
15 12
16 11

1 16
2 19
3 16
4 12
5 16
6 13
7 20
8 19
9 10
10 14
11 16
12 11
13 14
14 17
15 14
16 10

1 16
2 15
3 19
4 14
5 20
6 15
7 11
8 11
9 11
10 17
11 18
12 15
13 15
14 16
15 16
16 12

1 18
2 10
3 15
4 10
5 15
6 17
7 16
8 14
9 14
10 20
11 12
12 20
13 19
14 12
15 15
16 11

1 14
2 14
3 18
4 19
5 14
6 16
7 10
8 19
9 15
10 17
11 14
12 13
13 10
14 16
15 12
16 11

1 16
2 19
3 16
4 12
5 16
6 13
7 20
8 19
9 10
10 14
11 16
12 11
13 14
14 17
15 14
16 10

1 16
2 15
3 19
4 14
5 20
6 15
7 11
8 11
9 11
10 17
11 18
12 15
13 15
14 16
15 16
16 12

1 18
2 10
3 15
4 10
5 15
6 17
7 16
8 14
9 14
10 20
11 12
12 20
13 19
14 12
15 15
16 11

1 14
2 14
3 18
4 19
5 14
6 16
7 10
8 19
9 15
10 17
11 14
12 13
13 10
14 16
15 12
16 11

1 16
2 19
3 16
4 12
5 16
6 13
7 20
8 19
9 10
10 14
11 16
12 11
13 14
14 17
15 14
16 10

1 16
2 15
3 19
4 14
5 20
6 15
7 11
8 11
9 11
10 17
11 18
12 15
13 15
14 16
15 16
16 12

1 18
2 10
3 15
4 10
5 15
6 17
7 16
8 14
9 14
10 20
11 12
12 20
13 19
14 12
15 15
16 11

1 14
2 14
3 18
4 19
5 14
6 16
7 10
8 19
9 15
10 17
11 14
12 13
13 10
14 16
15 12
16 11

1 16
2 19
3 16
4 12
5 16
6 13
7 20
8 19
9 10
10 14
11 16
12 11
13 14
14 17
15 14
16 10

1 16
2 15
3 19
4 14
5 20
6 15
7 11
8 11
9 11
10 17
11 18
12 15
13 15
14 16
15 16
16 12

1 18
2 10
3 15
4 10
5 15
6 17
7 16
8 14
9 14
10 20
11 12
12 20
13 19
14 12
15 15
16 11

1 14
2 14
3 18
4 19
5 14
6 16
7 10
8 19
9 15
10 17
11 14
12 13
13 10
14 16
15 12
16 11

1 16
2 19
3 16
4 12
5 16
6 13
7 20
8 19
9 10
10 14
11 16
12 11
13 14
14 17
15 14
16 10

1 16
2 15
3 19
4 14
5 20
6 15
7 11
8 11
9 11
10 17
11 18
12 15
13 15
14 16
15 16
16 12

1 18
2 10
3 15
4 10
5 15
6 17
7 16
8 14
9 14
10 20
11 12
12 20
13 19
14 12
15 15
16 11

1 14
2 14
3 18
4 19
5 14
6 16
7 10
8 19
9 15
10 17
11 14
12 13
13 10
14 16
15 12
16 11

1 16
2 19
3 16
4 12
5 16
6 13
7 20
8 19
9 10
10 14
11 16
12 11
13 14
14 17
15 14
16 10

1 16
2 15
3 19
4 14
5 20
6 15
7 11
8 11
9 11
10 17
11 18
12 15
13 15
14 16
15 16
16 12

1 18
2 10
3 15
4 10
5 15
6 17
7 16
8 14
9 14
10 20
11 12
12 20
13 19
14 12
15 15
16 11

1 14
2 14
3 18
4 19
5 14
6 16
7 10
8 19
9 15
10 17
11 14
12 13
13 10
14 16
15 12
16 11

1 16
2 19
3 16
4 12
5 16
6 13
7 20
8 19
9 10
10 14
11 16
12 11
13 14
14 17
15 14
16 10