1 0
2 0
3 0
4 0
5 0
6 0
7 0
8 0

1 11
2 14
3 17
4 16
5 18
6 15
7 17
8 11

1 11
2 20
3 20
4 19
5 10
6 10
7 10
8 16

1 12
2 18
3 14
4 13
5 14
6 10
7 16
8 15

1 17
2 12
3 18
4 20
5 17
6 13
7 13
8 16

1 18
2 19
3 12
4 10
5 20
6 19
7 19
8 20

1 12
2 20
3 20
4 10
5 10
6 10
7 13
8 10

1 11
2 14
3 17
4 16
5 18
6 15
7 17
8 11

1 11
2 20
3 20
4 19
5 10
6 10
7 10
8 16

1 12
2 18
3 14
4 13
5 14
6 10
7 16
8 15

1 17
2 12
3 18
4 20
5 17
6 13
7 13
8 16

1 18
2 19
3 12
4 10
5 20
6 19
7 19
8 20

1 12
2 20
3 20
4 10
5 10
6 10
7 13
8 10

1 11
2 14
3 17
4 16
5 18
6 15
7 17
8 11

1 11
2 20
3 20
4 19
5 10
6 10
7 10
8 16

1 12
2 18
3 14
4 13
5 14
6 10
7 16
8 15

1 17
2 12
3 18
4 20
5 17
6 13
7 13
8 16

1 18
2 19
3 12
4 10
5 20
6 19
7 19
8 20

1 12
2 20
3 20
4 10
5 10
6 10
7 13
8 10

1 11
2 14
3 17
4 16
5 18
6 15
7 17
8 11

1 11
2 20
3 20
4 19
5 10
6 10
7 10
8 16

1 12
2 18
3 14
4 13
5 14
6 10
7 16
8 15

1 17
2 12
3 18
4 20
5 17
6 13
7 13
8 16

1 18
2 19
3 12
4 10
5 20
6 19
7 19
8 20

1 12
2 20
3 20
4 10
5 10
6 10
7 13
8 10

1 11
2 14
3 17
4 16
5 18
6 15
7 17
8 11

1 11
2 20
3 20
4 19
5 10
6 10
7 10
8 16

1 12
2 18
3 14
4 13
5 14
6 10
7 16
8 15

1 17
2 12
3 18
4 20
5 17
6 13
7 13
8 16

1 18
2 19
3 12
4 10
5 20
6 19
7 19
8 20

1 12
2 20
3 20
4 10
5 10
6 10
7 13
8 10

1 11
2 14
3 17
4 16
5 18
6 15
7 17
8 11

1 11
2 20
3 20
4 19
5 10
6 10
7 10
8 16

1 12
2 18
3 14
4 13
5 14
6 10
7 16
8 15

1 17
2 12
3 18
4 20
5 17
6 13
7 13
8 16

1 18
2 19
3 12
4 10
5 20
6 19
7 19
8 20

1 12
2 20
3 20
4 10
5 10
6 10
7 13
8 10

1 11
2 14
3 17
4 16
5 18
6 15
7 17
8 11

1 11
2 20
3 20
4 19
5 10
6 10
7 10
8 16

1 12
2 18
3 14
4 13
5 14
6 10
7 16
8 15

1 17
2 12
3 18
4 20
5 17
6 13
7 13
8 16

1 18
2 19
3 12
4 10
5 20
6 19
7 19
8 20

1 12
2 20
3 20
4 10
5 10
6 10
7 13
8 10

1 11
2 14
3 17
4 16
5 18
6 15
7 17
8 11

1 11
2 20
3 20
4 19
5 10
6 10
7 10
8 16

1 12
2 18
3 14
4 13
5 14
6 10
7 16
8 15

1 17
2 12
3 18
4 20
5 17
6 13
7 13
8 16

1 18
2 19
3 12
4 10
5 20
6 19
7 19
8 20

1 12
2 20
3 20
4 10
5 10
6 10
7 13
8 10

1 11
2 14
3 17
4 16
5 18
6 15
7 17
8 11

1 11
2 20
3 20
4 19
5 10
6 10
7 10
8 16

1 12
2 18
3 14
4 13
5 14
6 10
7 16
8 15

1 17
2 12
3 18
4 20
5 17
6 13
7 13
8 16

1 18
2 19
3 12
4 10
5 20
6 19
7 19
8 20

1 12
2 20
3 20
4 10
5 10
6 10
7 13
8 10

1 11
2 14
3 17
4 16
5 18
6 15
7 17
8 11

1 11
2 20
3 20
4 19
5 10
6 10
7 10
8 16

1 12
2 18
3 14
4 13
5 14
6 10
7 16
8 15

1 17
2 12
3 18
4 20
5 17
6 13
7 13
8 16

1 18
2 19
3 12
4 10
5 20
6 19
7 19
8 20

1 12
2 20
3 20
4 10
5 10
6 10
7 13
8 10

1 11
2 14
3 17
4 16
5 18
6 15
7 17
8 11

1 11
2 20
3 20
4 19
5 10
6 10
7 10
8 16

1 12
2 18
3 14
4 13
5 14
6 10
7 16
8 15

1 17
2 12
3 18
4 20
5 17
6 13
7 13
8 16

1 18
2 19
3 12
4 10
5 20
6 19
7 19
8 20

1 12
2 20
3 20
4 10
5 10
6 10
7 13
8 10

1 11
2 14
3 17
4 16
5 18
6 15
7 17
8 11

1 11
2 20
3 20
4 19
5 10
6 10
7 10
8 16

1 12
2 18
3 14
4 13
5 14
6 10
7 16
8 15

1 17
2 12
3 18
4 20
5 17
6 13
7 13
8 16

1 18
2 19
3 12
4 10
5 20
6 19
7 19
8 20

1 12
2 20
3 20
4 10
5 10
6 10
7 13
8 10

1 11
2 14
3 17
4 16
5 18
6 15
7 17
8 11

1 11
2 20
3 20
4 19
5 10
6 10
7 10
8 16

1 12
2 18
3 14
4 13
5 14
6 10
7 16
8 15

1 17
2 12
3 18
4 20
5 17
6 13
7 13
8 16

1 18
2 19
3 12
4 10
5 20
6 19
7 19
8 20

1 12
2 20
3 20
4 10
5 10
6 10
7 13
8 10

1 11
2 14
3 17
4 16
5 18
6 15
7 17
8 11

1 11
2 20
3 20
4 19
5 10
6 10
7 10
8 16

1 12
2 18
3 14
4 13
5 14
6 10
7 16
8 15

1 17
2 12
3 18
4 20
5 17
6 13
7 13
8 16

1 18
2 19
3 12
4 10
5 20
6 19
7 19
8 20

1 12
2 20
3 20
4 10
5 10
6 10
7 13
8 10

1 11
2 14
3 17
4 16
5 18
6 15
7 17
8 11

1 11
2 20
3 20
4 19
5 10
6 10
7 10
8 16

1 12
2 18
3 14
4 13
5 14
6 10
7 16
8 15

1 17
2 12
3 18
4 20
5 17
6 13
7 13
8 16

1 18
2 19
3 12
4 10
5 20
6 19
7 19
8 20

1 12
2 20
3 20
4 10
5 10
6 10
7 13
8 10