1 0
2 0
3 0
4 0

1 17
2 16
3 15
4 20

1 13
2 10
3 16
4 20

1 12
2 18
3 15
4 11

1 15
2 19
3 15
4 16

1 17
2 16
3 15
4 20

1 13
2 10
3 16
4 20

1 12
2 18
3 15
4 11

1 15
2 19
3 15
4 16

1 17
2 16
3 15
4 20

1 13
2 10
3 16
4 20

1 12
2 18
3 15
4 11

1 15
2 19
3 15
4 16

1 17
2 16
3 15
4 20

1 13
2 10
3 16
4 20

1 12
2 18
3 15
4 11

1 15
2 19
3 15
4 16

1 17
2 16
3 15
4 20

1 13
2 10
3 16
4 20

1 12
2 18
3 15
4 11

1 15
2 19
3 15
4 16

1 17
2 16
3 15
4 20

1 13
2 10
3 16
4 20

1 12
2 18
3 15
4 11

1 15
2 19
3 15
4 16

1 17
2 16
3 15
4 20

1 13
2 10
3 16
4 20

1 12
2 18
3 15
4 11

1 15
2 19
3 15
4 16

1 17
2 16
3 15
4 20

1 13
2 10
3 16
4 20

1 12
2 18
3 15
4 11

1 15
2 19
3 15
4 16

1 17
2 16
3 15
4 20

1 13
2 10
3 16
4 20

1 12
2 18
3 15
4 11

1 15
2 19
3 15
4 16

1 17
2 16
3 15
4 20

1 13
2 10
3 16
4 20

1 12
2 18
3 15
4 11

1 15
2 19
3 15
4 16

1 17
2 16
3 15
4 20

1 13
2 10
3 16
4 20

1 12
2 18
3 15
4 11

1 15
2 19
3 15
4 16

1 17
2 16
3 15
4 20

1 13
2 10
3 16
4 20

1 12
2 18
3 15
4 11

1 15
2 19
3 15
4 16

1 17
2 16
3 15
4 20

1 13
2 10
3 16
4 20

1 12
2 18
3 15
4 11

1 15
2 19
3 15
4 16

1 17
2 16
3 15
4 20

1 13
2 10
3 16
4 20

1 12
2 18
3 15
4 11

1 15
2 19
3 15
4 16

1 17
2 16
3 15
4 20

1 13
2 10
3 16
4 20

1 12
2 18
3 15
4 11

1 15
2 19
3 15
4 16