1 0
2 0
3 0
4 0
5 0
6 0
7 0
8 0

1 17
2 13
3 18
4 16
5 12
6 12
7 11
8 11

1 17
2 10
3 18
4 10
5 20
6 11
7 10
8 13

1 15
2 18
3 10
4 16
5 20
6 17
7 14
8 16

1 19
2 20
3 18
4 20
5 13
6 14
7 19
8 18

1 13
2 20
3 13
4 16
5 18
6 13
7 12
8 15

1 15
2 15
3 10
4 20
5 14
6 10
7 18
8 18

1 17
2 13
3 18
4 16
5 12
6 12
7 11
8 11

1 17
2 10
3 18
4 10
5 20
6 11
7 10
8 13

1 15
2 18
3 10
4 16
5 20
6 17
7 14
8 16

1 19
2 20
3 18
4 20
5 13
6 14
7 19
8 18

1 13
2 20
3 13
4 16
5 18
6 13
7 12
8 15

1 15
2 15
3 10
4 20
5 14
6 10
7 18
8 18

1 17
2 13
3 18
4 16
5 12
6 12
7 11
8 11

1 17
2 10
3 18
4 10
5 20
6 11
7 10
8 13

1 15
2 18
3 10
4 16
5 20
6 17
7 14
8 16

1 19
2 20
3 18
4 20
5 13
6 14
7 19
8 18

1 13
2 20
3 13
4 16
5 18
6 13
7 12
8 15

1 15
2 15
3 10
4 20
5 14
6 10
7 18
8 18

1 17
2 13
3 18
4 16
5 12
6 12
7 11
8 11

1 17
2 10
3 18
4 10
5 20
6 11
7 10
8 13

1 15
2 18
3 10
4 16
5 20
6 17
7 14
8 16

1 19
2 20
3 18
4 20
5 13
6 14
7 19
8 18

1 13
2 20
3 13
4 16
5 18
6 13
7 12
8 15

1 15
2 15
3 10
4 20
5 14
6 10
7 18
8 18

1 17
2 13
3 18
4 16
5 12
6 12
7 11
8 11

1 17
2 10
3 18
4 10
5 20
6 11
7 10
8 13

1 15
2 18
3 10
4 16
5 20
6 17
7 14
8 16

1 19
2 20
3 18
4 20
5 13
6 14
7 19
8 18

1 13
2 20
3 13
4 16
5 18
6 13
7 12
8 15

1 15
2 15
3 10
4 20
5 14
6 10
7 18
8 18

1 17
2 13
3 18
4 16
5 12
6 12
7 11
8 11

1 17
2 10
3 18
4 10
5 20
6 11
7 10
8 13

1 15
2 18
3 10
4 16
5 20
6 17
7 14
8 16

1 19
2 20
3 18
4 20
5 13
6 14
7 19
8 18

1 13
2 20
3 13
4 16
5 18
6 13
7 12
8 15

1 15
2 15
3 10
4 20
5 14
6 10
7 18
8 18

1 17
2 13
3 18
4 16
5 12
6 12
7 11
8 11

1 17
2 10
3 18
4 10
5 20
6 11
7 10
8 13

1 15
2 18
3 10
4 16
5 20
6 17
7 14
8 16

1 19
2 20
3 18
4 20
5 13
6 14
7 19
8 18

1 13
2 20
3 13
4 16
5 18
6 13
7 12
8 15

1 15
2 15
3 10
4 20
5 14
6 10
7 18
8 18

1 17
2 13
3 18
4 16
5 12
6 12
7 11
8 11

1 17
2 10
3 18
4 10
5 20
6 11
7 10
8 13

1 15
2 18
3 10
4 16
5 20
6 17
7 14
8 16

1 19
2 20
3 18
4 20
5 13
6 14
7 19
8 18

1 13
2 20
3 13
4 16
5 18
6 13
7 12
8 15

1 15
2 15
3 10
4 20
5 14
6 10
7 18
8 18

1 17
2 13
3 18
4 16
5 12
6 12
7 11
8 11

1 17
2 10
3 18
4 10
5 20
6 11
7 10
8 13

1 15
2 18
3 10
4 16
5 20
6 17
7 14
8 16

1 19
2 20
3 18
4 20
5 13
6 14
7 19
8 18

1 13
2 20
3 13
4 16
5 18
6 13
7 12
8 15

1 15
2 15
3 10
4 20
5 14
6 10
7 18
8 18

1 17
2 13
3 18
4 16
5 12
6 12
7 11
8 11

1 17
2 10
3 18
4 10
5 20
6 11
7 10
8 13

1 15
2 18
3 10
4 16
5 20
6 17
7 14
8 16

1 19
2 20
3 18
4 20
5 13
6 14
7 19
8 18

1 13
2 20
3 13
4 16
5 18
6 13
7 12
8 15

1 15
2 15
3 10
4 20
5 14
6 10
7 18
8 18