1 0
2 0
3 0
4 0

1 6
2 6
3 6
4 8

1 0
2 2
3 1
4 2

1 6
2 6
3 6
4 8

1 0
2 2
3 1
4 2

1 6
2 6
3 6
4 8

1 0
2 2
3 1
4 2

1 6
2 6
3 6
4 8

1 0
2 2
3 1
4 2

1 6
2 6
3 6
4 8

1 0
2 2
3 1
4 2

1 6
2 6
3 6
4 8

1 0
2 2
3 1
4 2

1 6
2 6
3 6
4 8

1 0
2 2
3 1
4 2

1 6
2 6
3 6
4 8

1 0
2 2
3 1
4 2

1 6
2 6
3 6
4 8

1 0
2 2
3 1
4 2

1 6
2 6
3 6
4 8

1 0
2 2
3 1
4 2

1 6
2 6
3 6
4 8

1 0
2 2
3 1
4 2

1 6
2 6
3 6
4 8

1 0
2 2
3 1
4 2

1 6
2 6
3 6
4 8

1 0
2 2
3 1
4 2

1 6
2 6
3 6
4 8

1 0
2 2
3 1
4 2

1 6
2 6
3 6
4 8

1 0
2 2
3 1
4 2

1 6
2 6
3 6
4 8

1 0
2 2
3 1
4 2

1 6
2 6
3 6
4 8

1 0
2 2
3 1
4 2

1 6
2 6
3 6
4 8

1 0
2 2
3 1
4 2

1 6
2 6
3 6
4 8

1 0
2 2
3 1
4 2

1 6
2 6
3 6
4 8

1 0
2 2
3 1
4 2