1 0
2 0
3 0
4 0
5 0
6 0
7 0
8 0
9 0
10 0
11 0
12 0
13 0
14 0
15 0
16 0

1 18
2 13
3 15
4 13
5 17
6 16
7 14
8 14
9 10
10 13
11 17
12 11
13 10
14 18
15 11
16 13

1 18
2 16
3 14
4 15
5 17
6 19
7 10
8 20
9 10
10 18
11 15
12 17
13 11
14 16
15 14
16 20

1 18
2 13
3 15
4 13
5 17
6 16
7 14
8 14
9 10
10 13
11 17
12 11
13 10
14 18
15 11
16 13

1 18
2 16
3 14
4 15
5 17
6 19
7 10
8 20
9 10
10 18
11 15
12 17
13 11
14 16
15 14
16 20

1 18
2 13
3 15
4 13
5 17
6 16
7 14
8 14
9 10
10 13
11 17
12 11
13 10
14 18
15 11
16 13

1 18
2 16
3 14
4 15
5 17
6 19
7 10
8 20
9 10
10 18
11 15
12 17
13 11
14 16
15 14
16 20

1 18
2 13
3 15
4 13
5 17
6 16
7 14
8 14
9 10
10 13
11 17
12 11
13 10
14 18
15 11
16 13

1 18
2 16
3 14
4 15
5 17
6 19
7 10
8 20
9 10
10 18
11 15
12 17
13 11
14 16
15 14
16 20

1 18
2 13
3 15
4 13
5 17
6 16
7 14
8 14
9 10
10 13
11 17
12 11
13 10
14 18
15 11
16 13

1 18
2 16
3 14
4 15
5 17
6 19
7 10
8 20
9 10
10 18
11 15
12 17
13 11
14 16
15 14
16 20

1 18
2 13
3 15
4 13
5 17
6 16
7 14
8 14
9 10
10 13
11 17
12 11
13 10
14 18
15 11
16 13

1 18
2 16
3 14
4 15
5 17
6 19
7 10
8 20
9 10
10 18
11 15
12 17
13 11
14 16
15 14
16 20

1 18
2 13
3 15
4 13
5 17
6 16
7 14
8 14
9 10
10 13
11 17
12 11
13 10
14 18
15 11
16 13

1 18
2 16
3 14
4 15
5 17
6 19
7 10
8 20
9 10
10 18
11 15
12 17
13 11
14 16
15 14
16 20

1 18
2 13
3 15
4 13
5 17
6 16
7 14
8 14
9 10
10 13
11 17
12 11
13 10
14 18
15 11
16 13

1 18
2 16
3 14
4 15
5 17
6 19
7 10
8 20
9 10
10 18
11 15
12 17
13 11
14 16
15 14
16 20

1 18
2 13
3 15
4 13
5 17
6 16
7 14
8 14
9 10
10 13
11 17
12 11
13 10
14 18
15 11
16 13

1 18
2 16
3 14
4 15
5 17
6 19
7 10
8 20
9 10
10 18
11 15
12 17
13 11
14 16
15 14
16 20

1 18
2 13
3 15
4 13
5 17
6 16
7 14
8 14
9 10
10 13
11 17
12 11
13 10
14 18
15 11
16 13

1 18
2 16
3 14
4 15
5 17
6 19
7 10
8 20
9 10
10 18
11 15
12 17
13 11
14 16
15 14
16 20

1 18
2 13
3 15
4 13
5 17
6 16
7 14
8 14
9 10
10 13
11 17
12 11
13 10
14 18
15 11
16 13

1 18
2 16
3 14
4 15
5 17
6 19
7 10
8 20
9 10
10 18
11 15
12 17
13 11
14 16
15 14
16 20

1 18
2 13
3 15
4 13
5 17
6 16
7 14
8 14
9 10
10 13
11 17
12 11
13 10
14 18
15 11
16 13

1 18
2 16
3 14
4 15
5 17
6 19
7 10
8 20
9 10
10 18
11 15
12 17
13 11
14 16
15 14
16 20

1 18
2 13
3 15
4 13
5 17
6 16
7 14
8 14
9 10
10 13
11 17
12 11
13 10
14 18
15 11
16 13

1 18
2 16
3 14
4 15
5 17
6 19
7 10
8 20
9 10
10 18
11 15
12 17
13 11
14 16
15 14
16 20

1 18
2 13
3 15
4 13
5 17
6 16
7 14
8 14
9 10
10 13
11 17
12 11
13 10
14 18
15 11
16 13

1 18
2 16
3 14
4 15
5 17
6 19
7 10
8 20
9 10
10 18
11 15
12 17
13 11
14 16
15 14
16 20

1 18
2 13
3 15
4 13
5 17
6 16
7 14
8 14
9 10
10 13
11 17
12 11
13 10
14 18
15 11
16 13

1 18
2 16
3 14
4 15
5 17
6 19
7 10
8 20
9 10
10 18
11 15
12 17
13 11
14 16
15 14
16 20

1 18
2 13
3 15
4 13
5 17
6 16
7 14
8 14
9 10
10 13
11 17
12 11
13 10
14 18
15 11
16 13

1 18
2 16
3 14
4 15
5 17
6 19
7 10
8 20
9 10
10 18
11 15
12 17
13 11
14 16
15 14
16 20

1 18
2 13
3 15
4 13
5 17
6 16
7 14
8 14
9 10
10 13
11 17
12 11
13 10
14 18
15 11
16 13

1 18
2 16
3 14
4 15
5 17
6 19
7 10
8 20
9 10
10 18
11 15
12 17
13 11
14 16
15 14
16 20

1 18
2 13
3 15
4 13
5 17
6 16
7 14
8 14
9 10
10 13
11 17
12 11
13 10
14 18
15 11
16 13

1 18
2 16
3 14
4 15
5 17
6 19
7 10
8 20
9 10
10 18
11 15
12 17
13 11
14 16
15 14
16 20

1 18
2 13
3 15
4 13
5 17
6 16
7 14
8 14
9 10
10 13
11 17
12 11
13 10
14 18
15 11
16 13

1 18
2 16
3 14
4 15
5 17
6 19
7 10
8 20
9 10
10 18
11 15
12 17
13 11
14 16
15 14
16 20

1 18
2 13
3 15
4 13
5 17
6 16
7 14
8 14
9 10
10 13
11 17
12 11
13 10
14 18
15 11
16 13

1 18
2 16
3 14
4 15
5 17
6 19
7 10
8 20
9 10
10 18
11 15
12 17
13 11
14 16
15 14
16 20