1 0
2 0
3 0
4 0
5 0
6 0
7 0
8 0
9 0
10 0
11 0
12 0
13 0
14 0
15 0
16 0

1 4
2 7
3 1
4 5
5 7
6 9
7 4
8 7
9 3
10 2
11 3
12 2
13 3
14 4
15 2
16 4

1 3
2 2
3 8
4 7
5 8
6 1
7 8
8 7
9 6
10 6
11 6
12 6
13 6
14 7
15 7
16 1

1 4
2 7
3 1
4 5
5 7
6 9
7 4
8 7
9 3
10 2
11 3
12 2
13 3
14 4
15 2
16 4

1 3
2 2
3 8
4 7
5 8
6 1
7 8
8 7
9 6
10 6
11 6
12 6
13 6
14 7
15 7
16 1

1 4
2 7
3 1
4 5
5 7
6 9
7 4
8 7
9 3
10 2
11 3
12 2
13 3
14 4
15 2
16 4

1 3
2 2
3 8
4 7
5 8
6 1
7 8
8 7
9 6
10 6
11 6
12 6
13 6
14 7
15 7
16 1

1 4
2 7
3 1
4 5
5 7
6 9
7 4
8 7
9 3
10 2
11 3
12 2
13 3
14 4
15 2
16 4

1 3
2 2
3 8
4 7
5 8
6 1
7 8
8 7
9 6
10 6
11 6
12 6
13 6
14 7
15 7
16 1

1 4
2 7
3 1
4 5
5 7
6 9
7 4
8 7
9 3
10 2
11 3
12 2
13 3
14 4
15 2
16 4

1 3
2 2
3 8
4 7
5 8
6 1
7 8
8 7
9 6
10 6
11 6
12 6
13 6
14 7
15 7
16 1

1 4
2 7
3 1
4 5
5 7
6 9
7 4
8 7
9 3
10 2
11 3
12 2
13 3
14 4
15 2
16 4

1 3
2 2
3 8
4 7
5 8
6 1
7 8
8 7
9 6
10 6
11 6
12 6
13 6
14 7
15 7
16 1

1 4
2 7
3 1
4 5
5 7
6 9
7 4
8 7
9 3
10 2
11 3
12 2
13 3
14 4
15 2
16 4

1 3
2 2
3 8
4 7
5 8
6 1
7 8
8 7
9 6
10 6
11 6
12 6
13 6
14 7
15 7
16 1

1 4
2 7
3 1
4 5
5 7
6 9
7 4
8 7
9 3
10 2
11 3
12 2
13 3
14 4
15 2
16 4

1 3
2 2
3 8
4 7
5 8
6 1
7 8
8 7
9 6
10 6
11 6
12 6
13 6
14 7
15 7
16 1

1 4
2 7
3 1
4 5
5 7
6 9
7 4
8 7
9 3
10 2
11 3
12 2
13 3
14 4
15 2
16 4

1 3
2 2
3 8
4 7
5 8
6 1
7 8
8 7
9 6
10 6
11 6
12 6
13 6
14 7
15 7
16 1

1 4
2 7
3 1
4 5
5 7
6 9
7 4
8 7
9 3
10 2
11 3
12 2
13 3
14 4
15 2
16 4

1 3
2 2
3 8
4 7
5 8
6 1
7 8
8 7
9 6
10 6
11 6
12 6
13 6
14 7
15 7
16 1

1 4
2 7
3 1
4 5
5 7
6 9
7 4
8 7
9 3
10 2
11 3
12 2
13 3
14 4
15 2
16 4

1 3
2 2
3 8
4 7
5 8
6 1
7 8
8 7
9 6
10 6
11 6
12 6
13 6
14 7
15 7
16 1

1 4
2 7
3 1
4 5
5 7
6 9
7 4
8 7
9 3
10 2
11 3
12 2
13 3
14 4
15 2
16 4

1 3
2 2
3 8
4 7
5 8
6 1
7 8
8 7
9 6
10 6
11 6
12 6
13 6
14 7
15 7
16 1

1 4
2 7
3 1
4 5
5 7
6 9
7 4
8 7
9 3
10 2
11 3
12 2
13 3
14 4
15 2
16 4

1 3
2 2
3 8
4 7
5 8
6 1
7 8
8 7
9 6
10 6
11 6
12 6
13 6
14 7
15 7
16 1

1 4
2 7
3 1
4 5
5 7
6 9
7 4
8 7
9 3
10 2
11 3
12 2
13 3
14 4
15 2
16 4

1 3
2 2
3 8
4 7
5 8
6 1
7 8
8 7
9 6
10 6
11 6
12 6
13 6
14 7
15 7
16 1

1 4
2 7
3 1
4 5
5 7
6 9
7 4
8 7
9 3
10 2
11 3
12 2
13 3
14 4
15 2
16 4

1 3
2 2
3 8
4 7
5 8
6 1
7 8
8 7
9 6
10 6
11 6
12 6
13 6
14 7
15 7
16 1

1 4
2 7
3 1
4 5
5 7
6 9
7 4
8 7
9 3
10 2
11 3
12 2
13 3
14 4
15 2
16 4

1 3
2 2
3 8
4 7
5 8
6 1
7 8
8 7
9 6
10 6
11 6
12 6
13 6
14 7
15 7
16 1

1 4
2 7
3 1
4 5
5 7
6 9
7 4
8 7
9 3
10 2
11 3
12 2
13 3
14 4
15 2
16 4

1 3
2 2
3 8
4 7
5 8
6 1
7 8
8 7
9 6
10 6
11 6
12 6
13 6
14 7
15 7
16 1

1 4
2 7
3 1
4 5
5 7
6 9
7 4
8 7
9 3
10 2
11 3
12 2
13 3
14 4
15 2
16 4

1 3
2 2
3 8
4 7
5 8
6 1
7 8
8 7
9 6
10 6
11 6
12 6
13 6
14 7
15 7
16 1

1 4
2 7
3 1
4 5
5 7
6 9
7 4
8 7
9 3
10 2
11 3
12 2
13 3
14 4
15 2
16 4

1 3
2 2
3 8
4 7
5 8
6 1
7 8
8 7
9 6
10 6
11 6
12 6
13 6
14 7
15 7
16 1

1 4
2 7
3 1
4 5
5 7
6 9
7 4
8 7
9 3
10 2
11 3
12 2
13 3
14 4
15 2
16 4

1 3
2 2
3 8
4 7
5 8
6 1
7 8
8 7
9 6
10 6
11 6
12 6
13 6
14 7
15 7
16 1