1 0
2 0
3 0
4 0
5 0
6 0
7 0
8 0
9 0
10 0
11 0
12 0
13 0
14 0
15 0
16 0

1 15
2 12
3 10
4 20
5 14
6 18
7 11
8 11
9 18
10 14
11 18
12 13
13 12
14 15
15 14
16 12

1 11
2 17
3 20
4 15
5 10
6 19
7 19
8 14
9 15
10 16
11 15
12 13
13 16
14 15
15 13
16 14

1 19
2 17
3 17
4 10
5 15
6 15
7 19
8 11
9 15
10 16
11 15
12 16
13 11
14 11
15 13
16 19

1 15
2 10
3 12
4 16
5 15
6 20
7 10
8 20
9 20
10 16
11 18
12 10
13 14
14 19
15 10
16 12

1 15
2 12
3 10
4 20
5 14
6 18
7 11
8 11
9 18
10 14
11 18
12 13
13 12
14 15
15 14
16 12

1 11
2 17
3 20
4 15
5 10
6 19
7 19
8 14
9 15
10 16
11 15
12 13
13 16
14 15
15 13
16 14

1 19
2 17
3 17
4 10
5 15
6 15
7 19
8 11
9 15
10 16
11 15
12 16
13 11
14 11
15 13
16 19

1 15
2 10
3 12
4 16
5 15
6 20
7 10
8 20
9 20
10 16
11 18
12 10
13 14
14 19
15 10
16 12

1 15
2 12
3 10
4 20
5 14
6 18
7 11
8 11
9 18
10 14
11 18
12 13
13 12
14 15
15 14
16 12

1 11
2 17
3 20
4 15
5 10
6 19
7 19
8 14
9 15
10 16
11 15
12 13
13 16
14 15
15 13
16 14

1 19
2 17
3 17
4 10
5 15
6 15
7 19
8 11
9 15
10 16
11 15
12 16
13 11
14 11
15 13
16 19

1 15
2 10
3 12
4 16
5 15
6 20
7 10
8 20
9 20
10 16
11 18
12 10
13 14
14 19
15 10
16 12

1 15
2 12
3 10
4 20
5 14
6 18
7 11
8 11
9 18
10 14
11 18
12 13
13 12
14 15
15 14
16 12

1 11
2 17
3 20
4 15
5 10
6 19
7 19
8 14
9 15
10 16
11 15
12 13
13 16
14 15
15 13
16 14

1 19
2 17
3 17
4 10
5 15
6 15
7 19
8 11
9 15
10 16
11 15
12 16
13 11
14 11
15 13
16 19

1 15
2 10
3 12
4 16
5 15
6 20
7 10
8 20
9 20
10 16
11 18
12 10
13 14
14 19
15 10
16 12

1 15
2 12
3 10
4 20
5 14
6 18
7 11
8 11
9 18
10 14
11 18
12 13
13 12
14 15
15 14
16 12

1 11
2 17
3 20
4 15
5 10
6 19
7 19
8 14
9 15
10 16
11 15
12 13
13 16
14 15
15 13
16 14

1 19
2 17
3 17
4 10
5 15
6 15
7 19
8 11
9 15
10 16
11 15
12 16
13 11
14 11
15 13
16 19

1 15
2 10
3 12
4 16
5 15
6 20
7 10
8 20
9 20
10 16
11 18
12 10
13 14
14 19
15 10
16 12

1 15
2 12
3 10
4 20
5 14
6 18
7 11
8 11
9 18
10 14
11 18
12 13
13 12
14 15
15 14
16 12

1 11
2 17
3 20
4 15
5 10
6 19
7 19
8 14
9 15
10 16
11 15
12 13
13 16
14 15
15 13
16 14

1 19
2 17
3 17
4 10
5 15
6 15
7 19
8 11
9 15
10 16
11 15
12 16
13 11
14 11
15 13
16 19

1 15
2 10
3 12
4 16
5 15
6 20
7 10
8 20
9 20
10 16
11 18
12 10
13 14
14 19
15 10
16 12

1 15
2 12
3 10
4 20
5 14
6 18
7 11
8 11
9 18
10 14
11 18
12 13
13 12
14 15
15 14
16 12

1 11
2 17
3 20
4 15
5 10
6 19
7 19
8 14
9 15
10 16
11 15
12 13
13 16
14 15
15 13
16 14

1 19
2 17
3 17
4 10
5 15
6 15
7 19
8 11
9 15
10 16
11 15
12 16
13 11
14 11
15 13
16 19

1 15
2 10
3 12
4 16
5 15
6 20
7 10
8 20
9 20
10 16
11 18
12 10
13 14
14 19
15 10
16 12

1 15
2 12
3 10
4 20
5 14
6 18
7 11
8 11
9 18
10 14
11 18
12 13
13 12
14 15
15 14
16 12

1 11
2 17
3 20
4 15
5 10
6 19
7 19
8 14
9 15
10 16
11 15
12 13
13 16
14 15
15 13
16 14

1 19
2 17
3 17
4 10
5 15
6 15
7 19
8 11
9 15
10 16
11 15
12 16
13 11
14 11
15 13
16 19

1 15
2 10
3 12
4 16
5 15
6 20
7 10
8 20
9 20
10 16
11 18
12 10
13 14
14 19
15 10
16 12

1 15
2 12
3 10
4 20
5 14
6 18
7 11
8 11
9 18
10 14
11 18
12 13
13 12
14 15
15 14
16 12

1 11
2 17
3 20
4 15
5 10
6 19
7 19
8 14
9 15
10 16
11 15
12 13
13 16
14 15
15 13
16 14

1 19
2 17
3 17
4 10
5 15
6 15
7 19
8 11
9 15
10 16
11 15
12 16
13 11
14 11
15 13
16 19

1 15
2 10
3 12
4 16
5 15
6 20
7 10
8 20
9 20
10 16
11 18
12 10
13 14
14 19
15 10
16 12

1 15
2 12
3 10
4 20
5 14
6 18
7 11
8 11
9 18
10 14
11 18
12 13
13 12
14 15
15 14
16 12

1 11
2 17
3 20
4 15
5 10
6 19
7 19
8 14
9 15
10 16
11 15
12 13
13 16
14 15
15 13
16 14

1 19
2 17
3 17
4 10
5 15
6 15
7 19
8 11
9 15
10 16
11 15
12 16
13 11
14 11
15 13
16 19

1 15
2 10
3 12
4 16
5 15
6 20
7 10
8 20
9 20
10 16
11 18
12 10
13 14
14 19
15 10
16 12

1 15
2 12
3 10
4 20
5 14
6 18
7 11
8 11
9 18
10 14
11 18
12 13
13 12
14 15
15 14
16 12

1 11
2 17
3 20
4 15
5 10
6 19
7 19
8 14
9 15
10 16
11 15
12 13
13 16
14 15
15 13
16 14

1 19
2 17
3 17
4 10
5 15
6 15
7 19
8 11
9 15
10 16
11 15
12 16
13 11
14 11
15 13
16 19

1 15
2 10
3 12
4 16
5 15
6 20
7 10
8 20
9 20
10 16
11 18
12 10
13 14
14 19
15 10
16 12

1 15
2 12
3 10
4 20
5 14
6 18
7 11
8 11
9 18
10 14
11 18
12 13
13 12
14 15
15 14
16 12

1 11
2 17
3 20
4 15
5 10
6 19
7 19
8 14
9 15
10 16
11 15
12 13
13 16
14 15
15 13
16 14

1 19
2 17
3 17
4 10
5 15
6 15
7 19
8 11
9 15
10 16
11 15
12 16
13 11
14 11
15 13
16 19

1 15
2 10
3 12
4 16
5 15
6 20
7 10
8 20
9 20
10 16
11 18
12 10
13 14
14 19
15 10
16 12

1 15
2 12
3 10
4 20
5 14
6 18
7 11
8 11
9 18
10 14
11 18
12 13
13 12
14 15
15 14
16 12

1 11
2 17
3 20
4 15
5 10
6 19
7 19
8 14
9 15
10 16
11 15
12 13
13 16
14 15
15 13
16 14

1 19
2 17
3 17
4 10
5 15
6 15
7 19
8 11
9 15
10 16
11 15
12 16
13 11
14 11
15 13
16 19

1 15
2 10
3 12
4 16
5 15
6 20
7 10
8 20
9 20
10 16
11 18
12 10
13 14
14 19
15 10
16 12

1 15
2 12
3 10
4 20
5 14
6 18
7 11
8 11
9 18
10 14
11 18
12 13
13 12
14 15
15 14
16 12

1 11
2 17
3 20
4 15
5 10
6 19
7 19
8 14
9 15
10 16
11 15
12 13
13 16
14 15
15 13
16 14

1 19
2 17
3 17
4 10
5 15
6 15
7 19
8 11
9 15
10 16
11 15
12 16
13 11
14 11
15 13
16 19

1 15
2 10
3 12
4 16
5 15
6 20
7 10
8 20
9 20
10 16
11 18
12 10
13 14
14 19
15 10
16 12

1 15
2 12
3 10
4 20
5 14
6 18
7 11
8 11
9 18
10 14
11 18
12 13
13 12
14 15
15 14
16 12

1 11
2 17
3 20
4 15
5 10
6 19
7 19
8 14
9 15
10 16
11 15
12 13
13 16
14 15
15 13
16 14

1 19
2 17
3 17
4 10
5 15
6 15
7 19
8 11
9 15
10 16
11 15
12 16
13 11
14 11
15 13
16 19

1 15
2 10
3 12
4 16
5 15
6 20
7 10
8 20
9 20
10 16
11 18
12 10
13 14
14 19
15 10
16 12