1 0
2 0
3 0
4 0
5 0
6 0
7 0
8 0
9 0
10 0
11 0
12 0
13 0
14 0
15 0
16 0

1 19
2 17
3 16
4 20
5 18
6 14
7 16
8 19
9 13
10 17
11 11
12 10
13 13
14 13
15 19
16 19

1 13
2 20
3 19
4 20
5 18
6 11
7 14
8 16
9 10
10 18
11 17
12 20
13 14
14 16
15 18
16 11

1 13
2 11
3 18
4 19
5 15
6 15
7 12
8 13
9 15
10 17
11 16
12 20
13 20
14 16
15 19
16 12

1 19
2 12
3 17
4 17
5 10
6 14
7 11
8 15
9 14
10 19
11 20
12 17
13 19
14 16
15 11
16 12

1 14
2 20
3 19
4 19
5 17
6 19
7 16
8 13
9 17
10 11
11 16
12 12
13 12
14 20
15 14
16 17

1 17
2 20
3 20
4 18
5 11
6 15
7 17
8 16
9 18
10 12
11 20
12 17
13 15
14 15
15 15
16 19

1 19
2 17
3 16
4 20
5 18
6 14
7 16
8 19
9 13
10 17
11 11
12 10
13 13
14 13
15 19
16 19

1 13
2 20
3 19
4 20
5 18
6 11
7 14
8 16
9 10
10 18
11 17
12 20
13 14
14 16
15 18
16 11

1 13
2 11
3 18
4 19
5 15
6 15
7 12
8 13
9 15
10 17
11 16
12 20
13 20
14 16
15 19
16 12

1 19
2 12
3 17
4 17
5 10
6 14
7 11
8 15
9 14
10 19
11 20
12 17
13 19
14 16
15 11
16 12

1 14
2 20
3 19
4 19
5 17
6 19
7 16
8 13
9 17
10 11
11 16
12 12
13 12
14 20
15 14
16 17

1 17
2 20
3 20
4 18
5 11
6 15
7 17
8 16
9 18
10 12
11 20
12 17
13 15
14 15
15 15
16 19

1 19
2 17
3 16
4 20
5 18
6 14
7 16
8 19
9 13
10 17
11 11
12 10
13 13
14 13
15 19
16 19

1 13
2 20
3 19
4 20
5 18
6 11
7 14
8 16
9 10
10 18
11 17
12 20
13 14
14 16
15 18
16 11

1 13
2 11
3 18
4 19
5 15
6 15
7 12
8 13
9 15
10 17
11 16
12 20
13 20
14 16
15 19
16 12

1 19
2 12
3 17
4 17
5 10
6 14
7 11
8 15
9 14
10 19
11 20
12 17
13 19
14 16
15 11
16 12

1 14
2 20
3 19
4 19
5 17
6 19
7 16
8 13
9 17
10 11
11 16
12 12
13 12
14 20
15 14
16 17

1 17
2 20
3 20
4 18
5 11
6 15
7 17
8 16
9 18
10 12
11 20
12 17
13 15
14 15
15 15
16 19

1 19
2 17
3 16
4 20
5 18
6 14
7 16
8 19
9 13
10 17
11 11
12 10
13 13
14 13
15 19
16 19

1 13
2 20
3 19
4 20
5 18
6 11
7 14
8 16
9 10
10 18
11 17
12 20
13 14
14 16
15 18
16 11

1 13
2 11
3 18
4 19
5 15
6 15
7 12
8 13
9 15
10 17
11 16
12 20
13 20
14 16
15 19
16 12

1 19
2 12
3 17
4 17
5 10
6 14
7 11
8 15
9 14
10 19
11 20
12 17
13 19
14 16
15 11
16 12

1 14
2 20
3 19
4 19
5 17
6 19
7 16
8 13
9 17
10 11
11 16
12 12
13 12
14 20
15 14
16 17

1 17
2 20
3 20
4 18
5 11
6 15
7 17
8 16
9 18
10 12
11 20
12 17
13 15
14 15
15 15
16 19

1 19
2 17
3 16
4 20
5 18
6 14
7 16
8 19
9 13
10 17
11 11
12 10
13 13
14 13
15 19
16 19

1 13
2 20
3 19
4 20
5 18
6 11
7 14
8 16
9 10
10 18
11 17
12 20
13 14
14 16
15 18
16 11

1 13
2 11
3 18
4 19
5 15
6 15
7 12
8 13
9 15
10 17
11 16
12 20
13 20
14 16
15 19
16 12

1 19
2 12
3 17
4 17
5 10
6 14
7 11
8 15
9 14
10 19
11 20
12 17
13 19
14 16
15 11
16 12

1 14
2 20
3 19
4 19
5 17
6 19
7 16
8 13
9 17
10 11
11 16
12 12
13 12
14 20
15 14
16 17

1 17
2 20
3 20
4 18
5 11
6 15
7 17
8 16
9 18
10 12
11 20
12 17
13 15
14 15
15 15
16 19

1 19
2 17
3 16
4 20
5 18
6 14
7 16
8 19
9 13
10 17
11 11
12 10
13 13
14 13
15 19
16 19

1 13
2 20
3 19
4 20
5 18
6 11
7 14
8 16
9 10
10 18
11 17
12 20
13 14
14 16
15 18
16 11

1 13
2 11
3 18
4 19
5 15
6 15
7 12
8 13
9 15
10 17
11 16
12 20
13 20
14 16
15 19
16 12

1 19
2 12
3 17
4 17
5 10
6 14
7 11
8 15
9 14
10 19
11 20
12 17
13 19
14 16
15 11
16 12

1 14
2 20
3 19
4 19
5 17
6 19
7 16
8 13
9 17
10 11
11 16
12 12
13 12
14 20
15 14
16 17

1 17
2 20
3 20
4 18
5 11
6 15
7 17
8 16
9 18
10 12
11 20
12 17
13 15
14 15
15 15
16 19

1 19
2 17
3 16
4 20
5 18
6 14
7 16
8 19
9 13
10 17
11 11
12 10
13 13
14 13
15 19
16 19

1 13
2 20
3 19
4 20
5 18
6 11
7 14
8 16
9 10
10 18
11 17
12 20
13 14
14 16
15 18
16 11

1 13
2 11
3 18
4 19
5 15
6 15
7 12
8 13
9 15
10 17
11 16
12 20
13 20
14 16
15 19
16 12

1 19
2 12
3 17
4 17
5 10
6 14
7 11
8 15
9 14
10 19
11 20
12 17
13 19
14 16
15 11
16 12

1 14
2 20
3 19
4 19
5 17
6 19
7 16
8 13
9 17
10 11
11 16
12 12
13 12
14 20
15 14
16 17

1 17
2 20
3 20
4 18
5 11
6 15
7 17
8 16
9 18
10 12
11 20
12 17
13 15
14 15
15 15
16 19

1 19
2 17
3 16
4 20
5 18
6 14
7 16
8 19
9 13
10 17
11 11
12 10
13 13
14 13
15 19
16 19

1 13
2 20
3 19
4 20
5 18
6 11
7 14
8 16
9 10
10 18
11 17
12 20
13 14
14 16
15 18
16 11

1 13
2 11
3 18
4 19
5 15
6 15
7 12
8 13
9 15
10 17
11 16
12 20
13 20
14 16
15 19
16 12

1 19
2 12
3 17
4 17
5 10
6 14
7 11
8 15
9 14
10 19
11 20
12 17
13 19
14 16
15 11
16 12

1 14
2 20
3 19
4 19
5 17
6 19
7 16
8 13
9 17
10 11
11 16
12 12
13 12
14 20
15 14
16 17

1 17
2 20
3 20
4 18
5 11
6 15
7 17
8 16
9 18
10 12
11 20
12 17
13 15
14 15
15 15
16 19

1 19
2 17
3 16
4 20
5 18
6 14
7 16
8 19
9 13
10 17
11 11
12 10
13 13
14 13
15 19
16 19

1 13
2 20
3 19
4 20
5 18
6 11
7 14
8 16
9 10
10 18
11 17
12 20
13 14
14 16
15 18
16 11

1 13
2 11
3 18
4 19
5 15
6 15
7 12
8 13
9 15
10 17
11 16
12 20
13 20
14 16
15 19
16 12

1 19
2 12
3 17
4 17
5 10
6 14
7 11
8 15
9 14
10 19
11 20
12 17
13 19
14 16
15 11
16 12

1 14
2 20
3 19
4 19
5 17
6 19
7 16
8 13
9 17
10 11
11 16
12 12
13 12
14 20
15 14
16 17

1 17
2 20
3 20
4 18
5 11
6 15
7 17
8 16
9 18
10 12
11 20
12 17
13 15
14 15
15 15
16 19

1 19
2 17
3 16
4 20
5 18
6 14
7 16
8 19
9 13
10 17
11 11
12 10
13 13
14 13
15 19
16 19

1 13
2 20
3 19
4 20
5 18
6 11
7 14
8 16
9 10
10 18
11 17
12 20
13 14
14 16
15 18
16 11

1 13
2 11
3 18
4 19
5 15
6 15
7 12
8 13
9 15
10 17
11 16
12 20
13 20
14 16
15 19
16 12

1 19
2 12
3 17
4 17
5 10
6 14
7 11
8 15
9 14
10 19
11 20
12 17
13 19
14 16
15 11
16 12

1 14
2 20
3 19
4 19
5 17
6 19
7 16
8 13
9 17
10 11
11 16
12 12
13 12
14 20
15 14
16 17

1 17
2 20
3 20
4 18
5 11
6 15
7 17
8 16
9 18
10 12
11 20
12 17
13 15
14 15
15 15
16 19