1 0
2 0
3 0
4 0
5 0
6 0
7 0
8 0

1 18
2 19
3 15
4 18
5 14
6 12
7 14
8 11

1 20
2 14
3 13
4 10
5 19
6 11
7 14
8 12

1 19
2 15
3 17
4 15
5 17
6 15
7 15
8 12

1 19
2 16
3 17
4 13
5 20
6 14
7 13
8 20

1 11
2 20
3 14
4 14
5 15
6 20
7 13
8 18

1 16
2 12
3 17
4 20
5 17
6 14
7 10
8 10

1 18
2 19
3 15
4 18
5 14
6 12
7 14
8 11

1 20
2 14
3 13
4 10
5 19
6 11
7 14
8 12

1 19
2 15
3 17
4 15
5 17
6 15
7 15
8 12

1 19
2 16
3 17
4 13
5 20
6 14
7 13
8 20

1 11
2 20
3 14
4 14
5 15
6 20
7 13
8 18

1 16
2 12
3 17
4 20
5 17
6 14
7 10
8 10

1 18
2 19
3 15
4 18
5 14
6 12
7 14
8 11

1 20
2 14
3 13
4 10
5 19
6 11
7 14
8 12

1 19
2 15
3 17
4 15
5 17
6 15
7 15
8 12

1 19
2 16
3 17
4 13
5 20
6 14
7 13
8 20

1 11
2 20
3 14
4 14
5 15
6 20
7 13
8 18

1 16
2 12
3 17
4 20
5 17
6 14
7 10
8 10

1 18
2 19
3 15
4 18
5 14
6 12
7 14
8 11

1 20
2 14
3 13
4 10
5 19
6 11
7 14
8 12

1 19
2 15
3 17
4 15
5 17
6 15
7 15
8 12

1 19
2 16
3 17
4 13
5 20
6 14
7 13
8 20

1 11
2 20
3 14
4 14
5 15
6 20
7 13
8 18

1 16
2 12
3 17
4 20
5 17
6 14
7 10
8 10

1 18
2 19
3 15
4 18
5 14
6 12
7 14
8 11

1 20
2 14
3 13
4 10
5 19
6 11
7 14
8 12

1 19
2 15
3 17
4 15
5 17
6 15
7 15
8 12

1 19
2 16
3 17
4 13
5 20
6 14
7 13
8 20

1 11
2 20
3 14
4 14
5 15
6 20
7 13
8 18

1 16
2 12
3 17
4 20
5 17
6 14
7 10
8 10

1 18
2 19
3 15
4 18
5 14
6 12
7 14
8 11

1 20
2 14
3 13
4 10
5 19
6 11
7 14
8 12

1 19
2 15
3 17
4 15
5 17
6 15
7 15
8 12

1 19
2 16
3 17
4 13
5 20
6 14
7 13
8 20

1 11
2 20
3 14
4 14
5 15
6 20
7 13
8 18

1 16
2 12
3 17
4 20
5 17
6 14
7 10
8 10

1 18
2 19
3 15
4 18
5 14
6 12
7 14
8 11

1 20
2 14
3 13
4 10
5 19
6 11
7 14
8 12

1 19
2 15
3 17
4 15
5 17
6 15
7 15
8 12

1 19
2 16
3 17
4 13
5 20
6 14
7 13
8 20

1 11
2 20
3 14
4 14
5 15
6 20
7 13
8 18

1 16
2 12
3 17
4 20
5 17
6 14
7 10
8 10

1 18
2 19
3 15
4 18
5 14
6 12
7 14
8 11

1 20
2 14
3 13
4 10
5 19
6 11
7 14
8 12

1 19
2 15
3 17
4 15
5 17
6 15
7 15
8 12

1 19
2 16
3 17
4 13
5 20
6 14
7 13
8 20

1 11
2 20
3 14
4 14
5 15
6 20
7 13
8 18

1 16
2 12
3 17
4 20
5 17
6 14
7 10
8 10

1 18
2 19
3 15
4 18
5 14
6 12
7 14
8 11

1 20
2 14
3 13
4 10
5 19
6 11
7 14
8 12

1 19
2 15
3 17
4 15
5 17
6 15
7 15
8 12

1 19
2 16
3 17
4 13
5 20
6 14
7 13
8 20

1 11
2 20
3 14
4 14
5 15
6 20
7 13
8 18

1 16
2 12
3 17
4 20
5 17
6 14
7 10
8 10

1 18
2 19
3 15
4 18
5 14
6 12
7 14
8 11

1 20
2 14
3 13
4 10
5 19
6 11
7 14
8 12

1 19
2 15
3 17
4 15
5 17
6 15
7 15
8 12

1 19
2 16
3 17
4 13
5 20
6 14
7 13
8 20

1 11
2 20
3 14
4 14
5 15
6 20
7 13
8 18

1 16
2 12
3 17
4 20
5 17
6 14
7 10
8 10