1 0
2 0
3 0
4 0

1 0
2 7
3 1
4 9

1 2
2 0
3 5
4 5

1 7
2 2
3 0
4 4

1 3
2 1
3 2
4 1

1 0
2 7
3 1
4 9

1 2
2 0
3 5
4 5

1 7
2 2
3 0
4 4

1 3
2 1
3 2
4 1

1 0
2 7
3 1
4 9

1 2
2 0
3 5
4 5

1 7
2 2
3 0
4 4

1 3
2 1
3 2
4 1

1 0
2 7
3 1
4 9

1 2
2 0
3 5
4 5

1 7
2 2
3 0
4 4

1 3
2 1
3 2
4 1

1 0
2 7
3 1
4 9

1 2
2 0
3 5
4 5

1 7
2 2
3 0
4 4

1 3
2 1
3 2
4 1

1 0
2 7
3 1
4 9

1 2
2 0
3 5
4 5

1 7
2 2
3 0
4 4

1 3
2 1
3 2
4 1

1 0
2 7
3 1
4 9

1 2
2 0
3 5
4 5

1 7
2 2
3 0
4 4

1 3
2 1
3 2
4 1

1 0
2 7
3 1
4 9

1 2
2 0
3 5
4 5

1 7
2 2
3 0
4 4

1 3
2 1
3 2
4 1

1 0
2 7
3 1
4 9

1 2
2 0
3 5
4 5

1 7
2 2
3 0
4 4

1 3
2 1
3 2
4 1

1 0
2 7
3 1
4 9

1 2
2 0
3 5
4 5

1 7
2 2
3 0
4 4

1 3
2 1
3 2
4 1