1 0
2 0
3 0
4 0
5 0
6 0
7 0
8 0
9 0
10 0
11 0
12 0
13 0
14 0
15 0
16 0

1 9
2 1
3 1
4 2
5 6
6 7
7 7
8 5
9 8
10 1
11 9
12 7
13 6
14 4
15 5
16 3

1 0
2 9
3 3
4 8
5 8
6 2
7 4
8 0
9 6
10 8
11 8
12 8
13 3
14 9
15 3
16 4

1 3
2 2
3 5
4 0
5 9
6 9
7 8
8 9
9 1
10 7
11 4
12 9
13 1
14 1
15 8
16 6

1 1
2 7
3 0
4 4
5 7
6 2
7 4
8 8
9 6
10 2
11 2
12 8
13 5
14 7
15 3
16 0

1 9
2 1
3 1
4 2
5 6
6 7
7 7
8 5
9 8
10 1
11 9
12 7
13 6
14 4
15 5
16 3

1 0
2 9
3 3
4 8
5 8
6 2
7 4
8 0
9 6
10 8
11 8
12 8
13 3
14 9
15 3
16 4

1 3
2 2
3 5
4 0
5 9
6 9
7 8
8 9
9 1
10 7
11 4
12 9
13 1
14 1
15 8
16 6

1 1
2 7
3 0
4 4
5 7
6 2
7 4
8 8
9 6
10 2
11 2
12 8
13 5
14 7
15 3
16 0

1 9
2 1
3 1
4 2
5 6
6 7
7 7
8 5
9 8
10 1
11 9
12 7
13 6
14 4
15 5
16 3

1 0
2 9
3 3
4 8
5 8
6 2
7 4
8 0
9 6
10 8
11 8
12 8
13 3
14 9
15 3
16 4

1 3
2 2
3 5
4 0
5 9
6 9
7 8
8 9
9 1
10 7
11 4
12 9
13 1
14 1
15 8
16 6

1 1
2 7
3 0
4 4
5 7
6 2
7 4
8 8
9 6
10 2
11 2
12 8
13 5
14 7
15 3
16 0

1 9
2 1
3 1
4 2
5 6
6 7
7 7
8 5
9 8
10 1
11 9
12 7
13 6
14 4
15 5
16 3

1 0
2 9
3 3
4 8
5 8
6 2
7 4
8 0
9 6
10 8
11 8
12 8
13 3
14 9
15 3
16 4

1 3
2 2
3 5
4 0
5 9
6 9
7 8
8 9
9 1
10 7
11 4
12 9
13 1
14 1
15 8
16 6

1 1
2 7
3 0
4 4
5 7
6 2
7 4
8 8
9 6
10 2
11 2
12 8
13 5
14 7
15 3
16 0

1 9
2 1
3 1
4 2
5 6
6 7
7 7
8 5
9 8
10 1
11 9
12 7
13 6
14 4
15 5
16 3

1 0
2 9
3 3
4 8
5 8
6 2
7 4
8 0
9 6
10 8
11 8
12 8
13 3
14 9
15 3
16 4

1 3
2 2
3 5
4 0
5 9
6 9
7 8
8 9
9 1
10 7
11 4
12 9
13 1
14 1
15 8
16 6

1 1
2 7
3 0
4 4
5 7
6 2
7 4
8 8
9 6
10 2
11 2
12 8
13 5
14 7
15 3
16 0

1 9
2 1
3 1
4 2
5 6
6 7
7 7
8 5
9 8
10 1
11 9
12 7
13 6
14 4
15 5
16 3

1 0
2 9
3 3
4 8
5 8
6 2
7 4
8 0
9 6
10 8
11 8
12 8
13 3
14 9
15 3
16 4

1 3
2 2
3 5
4 0
5 9
6 9
7 8
8 9
9 1
10 7
11 4
12 9
13 1
14 1
15 8
16 6

1 1
2 7
3 0
4 4
5 7
6 2
7 4
8 8
9 6
10 2
11 2
12 8
13 5
14 7
15 3
16 0

1 9
2 1
3 1
4 2
5 6
6 7
7 7
8 5
9 8
10 1
11 9
12 7
13 6
14 4
15 5
16 3

1 0
2 9
3 3
4 8
5 8
6 2
7 4
8 0
9 6
10 8
11 8
12 8
13 3
14 9
15 3
16 4

1 3
2 2
3 5
4 0
5 9
6 9
7 8
8 9
9 1
10 7
11 4
12 9
13 1
14 1
15 8
16 6

1 1
2 7
3 0
4 4
5 7
6 2
7 4
8 8
9 6
10 2
11 2
12 8
13 5
14 7
15 3
16 0

1 9
2 1
3 1
4 2
5 6
6 7
7 7
8 5
9 8
10 1
11 9
12 7
13 6
14 4
15 5
16 3

1 0
2 9
3 3
4 8
5 8
6 2
7 4
8 0
9 6
10 8
11 8
12 8
13 3
14 9
15 3
16 4

1 3
2 2
3 5
4 0
5 9
6 9
7 8
8 9
9 1
10 7
11 4
12 9
13 1
14 1
15 8
16 6

1 1
2 7
3 0
4 4
5 7
6 2
7 4
8 8
9 6
10 2
11 2
12 8
13 5
14 7
15 3
16 0

1 9
2 1
3 1
4 2
5 6
6 7
7 7
8 5
9 8
10 1
11 9
12 7
13 6
14 4
15 5
16 3

1 0
2 9
3 3
4 8
5 8
6 2
7 4
8 0
9 6
10 8
11 8
12 8
13 3
14 9
15 3
16 4

1 3
2 2
3 5
4 0
5 9
6 9
7 8
8 9
9 1
10 7
11 4
12 9
13 1
14 1
15 8
16 6

1 1
2 7
3 0
4 4
5 7
6 2
7 4
8 8
9 6
10 2
11 2
12 8
13 5
14 7
15 3
16 0

1 9
2 1
3 1
4 2
5 6
6 7
7 7
8 5
9 8
10 1
11 9
12 7
13 6
14 4
15 5
16 3

1 0
2 9
3 3
4 8
5 8
6 2
7 4
8 0
9 6
10 8
11 8
12 8
13 3
14 9
15 3
16 4

1 3
2 2
3 5
4 0
5 9
6 9
7 8
8 9
9 1
10 7
11 4
12 9
13 1
14 1
15 8
16 6

1 1
2 7
3 0
4 4
5 7
6 2
7 4
8 8
9 6
10 2
11 2
12 8
13 5
14 7
15 3
16 0

1 9
2 1
3 1
4 2
5 6
6 7
7 7
8 5
9 8
10 1
11 9
12 7
13 6
14 4
15 5
16 3

1 0
2 9
3 3
4 8
5 8
6 2
7 4
8 0
9 6
10 8
11 8
12 8
13 3
14 9
15 3
16 4

1 3
2 2
3 5
4 0
5 9
6 9
7 8
8 9
9 1
10 7
11 4
12 9
13 1
14 1
15 8
16 6

1 1
2 7
3 0
4 4
5 7
6 2
7 4
8 8
9 6
10 2
11 2
12 8
13 5
14 7
15 3
16 0

1 9
2 1
3 1
4 2
5 6
6 7
7 7
8 5
9 8
10 1
11 9
12 7
13 6
14 4
15 5
16 3

1 0
2 9
3 3
4 8
5 8
6 2
7 4
8 0
9 6
10 8
11 8
12 8
13 3
14 9
15 3
16 4

1 3
2 2
3 5
4 0
5 9
6 9
7 8
8 9
9 1
10 7
11 4
12 9
13 1
14 1
15 8
16 6

1 1
2 7
3 0
4 4
5 7
6 2
7 4
8 8
9 6
10 2
11 2
12 8
13 5
14 7
15 3
16 0

1 9
2 1
3 1
4 2
5 6
6 7
7 7
8 5
9 8
10 1
11 9
12 7
13 6
14 4
15 5
16 3

1 0
2 9
3 3
4 8
5 8
6 2
7 4
8 0
9 6
10 8
11 8
12 8
13 3
14 9
15 3
16 4

1 3
2 2
3 5
4 0
5 9
6 9
7 8
8 9
9 1
10 7
11 4
12 9
13 1
14 1
15 8
16 6

1 1
2 7
3 0
4 4
5 7
6 2
7 4
8 8
9 6
10 2
11 2
12 8
13 5
14 7
15 3
16 0

1 9
2 1
3 1
4 2
5 6
6 7
7 7
8 5
9 8
10 1
11 9
12 7
13 6
14 4
15 5
16 3

1 0
2 9
3 3
4 8
5 8
6 2
7 4
8 0
9 6
10 8
11 8
12 8
13 3
14 9
15 3
16 4

1 3
2 2
3 5
4 0
5 9
6 9
7 8
8 9
9 1
10 7
11 4
12 9
13 1
14 1
15 8
16 6

1 1
2 7
3 0
4 4
5 7
6 2
7 4
8 8
9 6
10 2
11 2
12 8
13 5
14 7
15 3
16 0

1 9
2 1
3 1
4 2
5 6
6 7
7 7
8 5
9 8
10 1
11 9
12 7
13 6
14 4
15 5
16 3

1 0
2 9
3 3
4 8
5 8
6 2
7 4
8 0
9 6
10 8
11 8
12 8
13 3
14 9
15 3
16 4

1 3
2 2
3 5
4 0
5 9
6 9
7 8
8 9
9 1
10 7
11 4
12 9
13 1
14 1
15 8
16 6

1 1
2 7
3 0
4 4
5 7
6 2
7 4
8 8
9 6
10 2
11 2
12 8
13 5
14 7
15 3
16 0

1 9
2 1
3 1
4 2
5 6
6 7
7 7
8 5
9 8
10 1
11 9
12 7
13 6
14 4
15 5
16 3

1 0
2 9
3 3
4 8
5 8
6 2
7 4
8 0
9 6
10 8
11 8
12 8
13 3
14 9
15 3
16 4

1 3
2 2
3 5
4 0
5 9
6 9
7 8
8 9
9 1
10 7
11 4
12 9
13 1
14 1
15 8
16 6

1 1
2 7
3 0
4 4
5 7
6 2
7 4
8 8
9 6
10 2
11 2
12 8
13 5
14 7
15 3
16 0

1 9
2 1
3 1
4 2
5 6
6 7
7 7
8 5
9 8
10 1
11 9
12 7
13 6
14 4
15 5
16 3

1 0
2 9
3 3
4 8
5 8
6 2
7 4
8 0
9 6
10 8
11 8
12 8
13 3
14 9
15 3
16 4

1 3
2 2
3 5
4 0
5 9
6 9
7 8
8 9
9 1
10 7
11 4
12 9
13 1
14 1
15 8
16 6

1 1
2 7
3 0
4 4
5 7
6 2
7 4
8 8
9 6
10 2
11 2
12 8
13 5
14 7
15 3
16 0

1 9
2 1
3 1
4 2
5 6
6 7
7 7
8 5
9 8
10 1
11 9
12 7
13 6
14 4
15 5
16 3

1 0
2 9
3 3
4 8
5 8
6 2
7 4
8 0
9 6
10 8
11 8
12 8
13 3
14 9
15 3
16 4

1 3
2 2
3 5
4 0
5 9
6 9
7 8
8 9
9 1
10 7
11 4
12 9
13 1
14 1
15 8
16 6

1 1
2 7
3 0
4 4
5 7
6 2
7 4
8 8
9 6
10 2
11 2
12 8
13 5
14 7
15 3
16 0

1 9
2 1
3 1
4 2
5 6
6 7
7 7
8 5
9 8
10 1
11 9
12 7
13 6
14 4
15 5
16 3

1 0
2 9
3 3
4 8
5 8
6 2
7 4
8 0
9 6
10 8
11 8
12 8
13 3
14 9
15 3
16 4

1 3
2 2
3 5
4 0
5 9
6 9
7 8
8 9
9 1
10 7
11 4
12 9
13 1
14 1
15 8
16 6

1 1
2 7
3 0
4 4
5 7
6 2
7 4
8 8
9 6
10 2
11 2
12 8
13 5
14 7
15 3
16 0

1 9
2 1
3 1
4 2
5 6
6 7
7 7
8 5
9 8
10 1
11 9
12 7
13 6
14 4
15 5
16 3

1 0
2 9
3 3
4 8
5 8
6 2
7 4
8 0
9 6
10 8
11 8
12 8
13 3
14 9
15 3
16 4

1 3
2 2
3 5
4 0
5 9
6 9
7 8
8 9
9 1
10 7
11 4
12 9
13 1
14 1
15 8
16 6

1 1
2 7
3 0
4 4
5 7
6 2
7 4
8 8
9 6
10 2
11 2
12 8
13 5
14 7
15 3
16 0