1 0
2 0
3 0
4 0
5 0
6 0
7 0
8 0
9 0
10 0
11 0
12 0
13 0
14 0
15 0
16 0

1 10
2 13
3 18
4 10
5 19
6 11
7 15
8 11
9 16
10 18
11 12
12 11
13 19
14 19
15 18
16 18

1 18
2 10
3 19
4 11
5 16
6 16
7 16
8 11
9 17
10 16
11 13
12 16
13 17
14 11
15 13
16 12

1 10
2 13
3 18
4 10
5 19
6 11
7 15
8 11
9 16
10 18
11 12
12 11
13 19
14 19
15 18
16 18

1 18
2 10
3 19
4 11
5 16
6 16
7 16
8 11
9 17
10 16
11 13
12 16
13 17
14 11
15 13
16 12

1 10
2 13
3 18
4 10
5 19
6 11
7 15
8 11
9 16
10 18
11 12
12 11
13 19
14 19
15 18
16 18

1 18
2 10
3 19
4 11
5 16
6 16
7 16
8 11
9 17
10 16
11 13
12 16
13 17
14 11
15 13
16 12

1 10
2 13
3 18
4 10
5 19
6 11
7 15
8 11
9 16
10 18
11 12
12 11
13 19
14 19
15 18
16 18

1 18
2 10
3 19
4 11
5 16
6 16
7 16
8 11
9 17
10 16
11 13
12 16
13 17
14 11
15 13
16 12

1 10
2 13
3 18
4 10
5 19
6 11
7 15
8 11
9 16
10 18
11 12
12 11
13 19
14 19
15 18
16 18

1 18
2 10
3 19
4 11
5 16
6 16
7 16
8 11
9 17
10 16
11 13
12 16
13 17
14 11
15 13
16 12

1 10
2 13
3 18
4 10
5 19
6 11
7 15
8 11
9 16
10 18
11 12
12 11
13 19
14 19
15 18
16 18

1 18
2 10
3 19
4 11
5 16
6 16
7 16
8 11
9 17
10 16
11 13
12 16
13 17
14 11
15 13
16 12

1 10
2 13
3 18
4 10
5 19
6 11
7 15
8 11
9 16
10 18
11 12
12 11
13 19
14 19
15 18
16 18

1 18
2 10
3 19
4 11
5 16
6 16
7 16
8 11
9 17
10 16
11 13
12 16
13 17
14 11
15 13
16 12

1 10
2 13
3 18
4 10
5 19
6 11
7 15
8 11
9 16
10 18
11 12
12 11
13 19
14 19
15 18
16 18

1 18
2 10
3 19
4 11
5 16
6 16
7 16
8 11
9 17
10 16
11 13
12 16
13 17
14 11
15 13
16 12

1 10
2 13
3 18
4 10
5 19
6 11
7 15
8 11
9 16
10 18
11 12
12 11
13 19
14 19
15 18
16 18

1 18
2 10
3 19
4 11
5 16
6 16
7 16
8 11
9 17
10 16
11 13
12 16
13 17
14 11
15 13
16 12

1 10
2 13
3 18
4 10
5 19
6 11
7 15
8 11
9 16
10 18
11 12
12 11
13 19
14 19
15 18
16 18

1 18
2 10
3 19
4 11
5 16
6 16
7 16
8 11
9 17
10 16
11 13
12 16
13 17
14 11
15 13
16 12

1 10
2 13
3 18
4 10
5 19
6 11
7 15
8 11
9 16
10 18
11 12
12 11
13 19
14 19
15 18
16 18

1 18
2 10
3 19
4 11
5 16
6 16
7 16
8 11
9 17
10 16
11 13
12 16
13 17
14 11
15 13
16 12

1 10
2 13
3 18
4 10
5 19
6 11
7 15
8 11
9 16
10 18
11 12
12 11
13 19
14 19
15 18
16 18

1 18
2 10
3 19
4 11
5 16
6 16
7 16
8 11
9 17
10 16
11 13
12 16
13 17
14 11
15 13
16 12

1 10
2 13
3 18
4 10
5 19
6 11
7 15
8 11
9 16
10 18
11 12
12 11
13 19
14 19
15 18
16 18

1 18
2 10
3 19
4 11
5 16
6 16
7 16
8 11
9 17
10 16
11 13
12 16
13 17
14 11
15 13
16 12

1 10
2 13
3 18
4 10
5 19
6 11
7 15
8 11
9 16
10 18
11 12
12 11
13 19
14 19
15 18
16 18

1 18
2 10
3 19
4 11
5 16
6 16
7 16
8 11
9 17
10 16
11 13
12 16
13 17
14 11
15 13
16 12

1 10
2 13
3 18
4 10
5 19
6 11
7 15
8 11
9 16
10 18
11 12
12 11
13 19
14 19
15 18
16 18

1 18
2 10
3 19
4 11
5 16
6 16
7 16
8 11
9 17
10 16
11 13
12 16
13 17
14 11
15 13
16 12

1 10
2 13
3 18
4 10
5 19
6 11
7 15
8 11
9 16
10 18
11 12
12 11
13 19
14 19
15 18
16 18

1 18
2 10
3 19
4 11
5 16
6 16
7 16
8 11
9 17
10 16
11 13
12 16
13 17
14 11
15 13
16 12

1 10
2 13
3 18
4 10
5 19
6 11
7 15
8 11
9 16
10 18
11 12
12 11
13 19
14 19
15 18
16 18

1 18
2 10
3 19
4 11
5 16
6 16
7 16
8 11
9 17
10 16
11 13
12 16
13 17
14 11
15 13
16 12

1 10
2 13
3 18
4 10
5 19
6 11
7 15
8 11
9 16
10 18
11 12
12 11
13 19
14 19
15 18
16 18

1 18
2 10
3 19
4 11
5 16
6 16
7 16
8 11
9 17
10 16
11 13
12 16
13 17
14 11
15 13
16 12

1 10
2 13
3 18
4 10
5 19
6 11
7 15
8 11
9 16
10 18
11 12
12 11
13 19
14 19
15 18
16 18

1 18
2 10
3 19
4 11
5 16
6 16
7 16
8 11
9 17
10 16
11 13
12 16
13 17
14 11
15 13
16 12

1 10
2 13
3 18
4 10
5 19
6 11
7 15
8 11
9 16
10 18
11 12
12 11
13 19
14 19
15 18
16 18

1 18
2 10
3 19
4 11
5 16
6 16
7 16
8 11
9 17
10 16
11 13
12 16
13 17
14 11
15 13
16 12