1 0
2 0
3 0
4 0
5 0
6 0
7 0
8 0
9 0
10 0
11 0
12 0
13 0
14 0
15 0
16 0

1 8
2 3
3 1
4 2
5 8
6 0
7 8
8 9
9 8
10 5
11 5
12 7
13 8
14 5
15 9
16 7

1 4
2 6
3 3
4 3
5 5
6 4
7 6
8 2
9 6
10 8
11 3
12 5
13 7
14 0
15 1
16 2

1 6
2 1
3 1
4 3
5 7
6 0
7 1
8 8
9 1
10 1
11 0
12 2
13 6
14 0
15 7
16 8

1 1
2 9
3 3
4 4
5 1
6 1
7 3
8 6
9 8
10 5
11 6
12 8
13 8
14 8
15 9
16 8

1 2
2 1
3 4
4 0
5 9
6 1
7 9
8 0
9 2
10 4
11 4
12 7
13 7
14 7
15 1
16 9

1 7
2 7
3 4
4 1
5 1
6 7
7 1
8 0
9 1
10 4
11 0
12 7
13 3
14 7
15 6
16 4

1 8
2 3
3 1
4 2
5 8
6 0
7 8
8 9
9 8
10 5
11 5
12 7
13 8
14 5
15 9
16 7

1 4
2 6
3 3
4 3
5 5
6 4
7 6
8 2
9 6
10 8
11 3
12 5
13 7
14 0
15 1
16 2

1 6
2 1
3 1
4 3
5 7
6 0
7 1
8 8
9 1
10 1
11 0
12 2
13 6
14 0
15 7
16 8

1 1
2 9
3 3
4 4
5 1
6 1
7 3
8 6
9 8
10 5
11 6
12 8
13 8
14 8
15 9
16 8

1 2
2 1
3 4
4 0
5 9
6 1
7 9
8 0
9 2
10 4
11 4
12 7
13 7
14 7
15 1
16 9

1 7
2 7
3 4
4 1
5 1
6 7
7 1
8 0
9 1
10 4
11 0
12 7
13 3
14 7
15 6
16 4

1 8
2 3
3 1
4 2
5 8
6 0
7 8
8 9
9 8
10 5
11 5
12 7
13 8
14 5
15 9
16 7

1 4
2 6
3 3
4 3
5 5
6 4
7 6
8 2
9 6
10 8
11 3
12 5
13 7
14 0
15 1
16 2

1 6
2 1
3 1
4 3
5 7
6 0
7 1
8 8
9 1
10 1
11 0
12 2
13 6
14 0
15 7
16 8

1 1
2 9
3 3
4 4
5 1
6 1
7 3
8 6
9 8
10 5
11 6
12 8
13 8
14 8
15 9
16 8

1 2
2 1
3 4
4 0
5 9
6 1
7 9
8 0
9 2
10 4
11 4
12 7
13 7
14 7
15 1
16 9

1 7
2 7
3 4
4 1
5 1
6 7
7 1
8 0
9 1
10 4
11 0
12 7
13 3
14 7
15 6
16 4

1 8
2 3
3 1
4 2
5 8
6 0
7 8
8 9
9 8
10 5
11 5
12 7
13 8
14 5
15 9
16 7

1 4
2 6
3 3
4 3
5 5
6 4
7 6
8 2
9 6
10 8
11 3
12 5
13 7
14 0
15 1
16 2

1 6
2 1
3 1
4 3
5 7
6 0
7 1
8 8
9 1
10 1
11 0
12 2
13 6
14 0
15 7
16 8

1 1
2 9
3 3
4 4
5 1
6 1
7 3
8 6
9 8
10 5
11 6
12 8
13 8
14 8
15 9
16 8

1 2
2 1
3 4
4 0
5 9
6 1
7 9
8 0
9 2
10 4
11 4
12 7
13 7
14 7
15 1
16 9

1 7
2 7
3 4
4 1
5 1
6 7
7 1
8 0
9 1
10 4
11 0
12 7
13 3
14 7
15 6
16 4

1 8
2 3
3 1
4 2
5 8
6 0
7 8
8 9
9 8
10 5
11 5
12 7
13 8
14 5
15 9
16 7

1 4
2 6
3 3
4 3
5 5
6 4
7 6
8 2
9 6
10 8
11 3
12 5
13 7
14 0
15 1
16 2

1 6
2 1
3 1
4 3
5 7
6 0
7 1
8 8
9 1
10 1
11 0
12 2
13 6
14 0
15 7
16 8

1 1
2 9
3 3
4 4
5 1
6 1
7 3
8 6
9 8
10 5
11 6
12 8
13 8
14 8
15 9
16 8

1 2
2 1
3 4
4 0
5 9
6 1
7 9
8 0
9 2
10 4
11 4
12 7
13 7
14 7
15 1
16 9

1 7
2 7
3 4
4 1
5 1
6 7
7 1
8 0
9 1
10 4
11 0
12 7
13 3
14 7
15 6
16 4

1 8
2 3
3 1
4 2
5 8
6 0
7 8
8 9
9 8
10 5
11 5
12 7
13 8
14 5
15 9
16 7

1 4
2 6
3 3
4 3
5 5
6 4
7 6
8 2
9 6
10 8
11 3
12 5
13 7
14 0
15 1
16 2

1 6
2 1
3 1
4 3
5 7
6 0
7 1
8 8
9 1
10 1
11 0
12 2
13 6
14 0
15 7
16 8

1 1
2 9
3 3
4 4
5 1
6 1
7 3
8 6
9 8
10 5
11 6
12 8
13 8
14 8
15 9
16 8

1 2
2 1
3 4
4 0
5 9
6 1
7 9
8 0
9 2
10 4
11 4
12 7
13 7
14 7
15 1
16 9

1 7
2 7
3 4
4 1
5 1
6 7
7 1
8 0
9 1
10 4
11 0
12 7
13 3
14 7
15 6
16 4

1 8
2 3
3 1
4 2
5 8
6 0
7 8
8 9
9 8
10 5
11 5
12 7
13 8
14 5
15 9
16 7

1 4
2 6
3 3
4 3
5 5
6 4
7 6
8 2
9 6
10 8
11 3
12 5
13 7
14 0
15 1
16 2

1 6
2 1
3 1
4 3
5 7
6 0
7 1
8 8
9 1
10 1
11 0
12 2
13 6
14 0
15 7
16 8

1 1
2 9
3 3
4 4
5 1
6 1
7 3
8 6
9 8
10 5
11 6
12 8
13 8
14 8
15 9
16 8

1 2
2 1
3 4
4 0
5 9
6 1
7 9
8 0
9 2
10 4
11 4
12 7
13 7
14 7
15 1
16 9

1 7
2 7
3 4
4 1
5 1
6 7
7 1
8 0
9 1
10 4
11 0
12 7
13 3
14 7
15 6
16 4

1 8
2 3
3 1
4 2
5 8
6 0
7 8
8 9
9 8
10 5
11 5
12 7
13 8
14 5
15 9
16 7

1 4
2 6
3 3
4 3
5 5
6 4
7 6
8 2
9 6
10 8
11 3
12 5
13 7
14 0
15 1
16 2

1 6
2 1
3 1
4 3
5 7
6 0
7 1
8 8
9 1
10 1
11 0
12 2
13 6
14 0
15 7
16 8

1 1
2 9
3 3
4 4
5 1
6 1
7 3
8 6
9 8
10 5
11 6
12 8
13 8
14 8
15 9
16 8

1 2
2 1
3 4
4 0
5 9
6 1
7 9
8 0
9 2
10 4
11 4
12 7
13 7
14 7
15 1
16 9

1 7
2 7
3 4
4 1
5 1
6 7
7 1
8 0
9 1
10 4
11 0
12 7
13 3
14 7
15 6
16 4

1 8
2 3
3 1
4 2
5 8
6 0
7 8
8 9
9 8
10 5
11 5
12 7
13 8
14 5
15 9
16 7

1 4
2 6
3 3
4 3
5 5
6 4
7 6
8 2
9 6
10 8
11 3
12 5
13 7
14 0
15 1
16 2

1 6
2 1
3 1
4 3
5 7
6 0
7 1
8 8
9 1
10 1
11 0
12 2
13 6
14 0
15 7
16 8

1 1
2 9
3 3
4 4
5 1
6 1
7 3
8 6
9 8
10 5
11 6
12 8
13 8
14 8
15 9
16 8

1 2
2 1
3 4
4 0
5 9
6 1
7 9
8 0
9 2
10 4
11 4
12 7
13 7
14 7
15 1
16 9

1 7
2 7
3 4
4 1
5 1
6 7
7 1
8 0
9 1
10 4
11 0
12 7
13 3
14 7
15 6
16 4

1 8
2 3
3 1
4 2
5 8
6 0
7 8
8 9
9 8
10 5
11 5
12 7
13 8
14 5
15 9
16 7

1 4
2 6
3 3
4 3
5 5
6 4
7 6
8 2
9 6
10 8
11 3
12 5
13 7
14 0
15 1
16 2

1 6
2 1
3 1
4 3
5 7
6 0
7 1
8 8
9 1
10 1
11 0
12 2
13 6
14 0
15 7
16 8

1 1
2 9
3 3
4 4
5 1
6 1
7 3
8 6
9 8
10 5
11 6
12 8
13 8
14 8
15 9
16 8

1 2
2 1
3 4
4 0
5 9
6 1
7 9
8 0
9 2
10 4
11 4
12 7
13 7
14 7
15 1
16 9

1 7
2 7
3 4
4 1
5 1
6 7
7 1
8 0
9 1
10 4
11 0
12 7
13 3
14 7
15 6
16 4