1 0
2 0
3 0
4 0

1 12
2 12
3 11
4 13

1 16
2 13
3 17
4 12

1 12
2 12
3 11
4 13

1 16
2 13
3 17
4 12

1 12
2 12
3 11
4 13

1 16
2 13
3 17
4 12

1 12
2 12
3 11
4 13

1 16
2 13
3 17
4 12

1 12
2 12
3 11
4 13

1 16
2 13
3 17
4 12

1 12
2 12
3 11
4 13

1 16
2 13
3 17
4 12

1 12
2 12
3 11
4 13

1 16
2 13
3 17
4 12

1 12
2 12
3 11
4 13

1 16
2 13
3 17
4 12

1 12
2 12
3 11
4 13

1 16
2 13
3 17
4 12

1 12
2 12
3 11
4 13

1 16
2 13
3 17
4 12

1 12
2 12
3 11
4 13

1 16
2 13
3 17
4 12

1 12
2 12
3 11
4 13

1 16
2 13
3 17
4 12

1 12
2 12
3 11
4 13

1 16
2 13
3 17
4 12

1 12
2 12
3 11
4 13

1 16
2 13
3 17
4 12

1 12
2 12
3 11
4 13

1 16
2 13
3 17
4 12

1 12
2 12
3 11
4 13

1 16
2 13
3 17
4 12

1 12
2 12
3 11
4 13

1 16
2 13
3 17
4 12

1 12
2 12
3 11
4 13

1 16
2 13
3 17
4 12

1 12
2 12
3 11
4 13

1 16
2 13
3 17
4 12

1 12
2 12
3 11
4 13

1 16
2 13
3 17
4 12