1 0
2 0
3 0
4 0
5 0
6 0
7 0
8 0
9 0
10 0
11 0
12 0
13 0
14 0
15 0
16 0

1 2
2 2
3 8
4 7
5 6
6 1
7 2
8 0
9 5
10 4
11 8
12 7
13 1
14 6
15 4
16 9

1 5
2 4
3 8
4 4
5 9
6 1
7 4
8 3
9 5
10 7
11 5
12 0
13 3
14 8
15 8
16 0

1 6
2 2
3 3
4 1
5 0
6 1
7 2
8 9
9 4
10 5
11 1
12 7
13 8
14 3
15 0
16 6

1 4
2 9
3 3
4 9
5 5
6 2
7 6
8 6
9 8
10 6
11 1
12 3
13 6
14 1
15 4
16 0

1 2
2 2
3 8
4 7
5 6
6 1
7 2
8 0
9 5
10 4
11 8
12 7
13 1
14 6
15 4
16 9

1 5
2 4
3 8
4 4
5 9
6 1
7 4
8 3
9 5
10 7
11 5
12 0
13 3
14 8
15 8
16 0

1 6
2 2
3 3
4 1
5 0
6 1
7 2
8 9
9 4
10 5
11 1
12 7
13 8
14 3
15 0
16 6

1 4
2 9
3 3
4 9
5 5
6 2
7 6
8 6
9 8
10 6
11 1
12 3
13 6
14 1
15 4
16 0

1 2
2 2
3 8
4 7
5 6
6 1
7 2
8 0
9 5
10 4
11 8
12 7
13 1
14 6
15 4
16 9

1 5
2 4
3 8
4 4
5 9
6 1
7 4
8 3
9 5
10 7
11 5
12 0
13 3
14 8
15 8
16 0

1 6
2 2
3 3
4 1
5 0
6 1
7 2
8 9
9 4
10 5
11 1
12 7
13 8
14 3
15 0
16 6

1 4
2 9
3 3
4 9
5 5
6 2
7 6
8 6
9 8
10 6
11 1
12 3
13 6
14 1
15 4
16 0

1 2
2 2
3 8
4 7
5 6
6 1
7 2
8 0
9 5
10 4
11 8
12 7
13 1
14 6
15 4
16 9

1 5
2 4
3 8
4 4
5 9
6 1
7 4
8 3
9 5
10 7
11 5
12 0
13 3
14 8
15 8
16 0

1 6
2 2
3 3
4 1
5 0
6 1
7 2
8 9
9 4
10 5
11 1
12 7
13 8
14 3
15 0
16 6

1 4
2 9
3 3
4 9
5 5
6 2
7 6
8 6
9 8
10 6
11 1
12 3
13 6
14 1
15 4
16 0

1 2
2 2
3 8
4 7
5 6
6 1
7 2
8 0
9 5
10 4
11 8
12 7
13 1
14 6
15 4
16 9

1 5
2 4
3 8
4 4
5 9
6 1
7 4
8 3
9 5
10 7
11 5
12 0
13 3
14 8
15 8
16 0

1 6
2 2
3 3
4 1
5 0
6 1
7 2
8 9
9 4
10 5
11 1
12 7
13 8
14 3
15 0
16 6

1 4
2 9
3 3
4 9
5 5
6 2
7 6
8 6
9 8
10 6
11 1
12 3
13 6
14 1
15 4
16 0

1 2
2 2
3 8
4 7
5 6
6 1
7 2
8 0
9 5
10 4
11 8
12 7
13 1
14 6
15 4
16 9

1 5
2 4
3 8
4 4
5 9
6 1
7 4
8 3
9 5
10 7
11 5
12 0
13 3
14 8
15 8
16 0

1 6
2 2
3 3
4 1
5 0
6 1
7 2
8 9
9 4
10 5
11 1
12 7
13 8
14 3
15 0
16 6

1 4
2 9
3 3
4 9
5 5
6 2
7 6
8 6
9 8
10 6
11 1
12 3
13 6
14 1
15 4
16 0

1 2
2 2
3 8
4 7
5 6
6 1
7 2
8 0
9 5
10 4
11 8
12 7
13 1
14 6
15 4
16 9

1 5
2 4
3 8
4 4
5 9
6 1
7 4
8 3
9 5
10 7
11 5
12 0
13 3
14 8
15 8
16 0

1 6
2 2
3 3
4 1
5 0
6 1
7 2
8 9
9 4
10 5
11 1
12 7
13 8
14 3
15 0
16 6

1 4
2 9
3 3
4 9
5 5
6 2
7 6
8 6
9 8
10 6
11 1
12 3
13 6
14 1
15 4
16 0

1 2
2 2
3 8
4 7
5 6
6 1
7 2
8 0
9 5
10 4
11 8
12 7
13 1
14 6
15 4
16 9

1 5
2 4
3 8
4 4
5 9
6 1
7 4
8 3
9 5
10 7
11 5
12 0
13 3
14 8
15 8
16 0

1 6
2 2
3 3
4 1
5 0
6 1
7 2
8 9
9 4
10 5
11 1
12 7
13 8
14 3
15 0
16 6

1 4
2 9
3 3
4 9
5 5
6 2
7 6
8 6
9 8
10 6
11 1
12 3
13 6
14 1
15 4
16 0

1 2
2 2
3 8
4 7
5 6
6 1
7 2
8 0
9 5
10 4
11 8
12 7
13 1
14 6
15 4
16 9

1 5
2 4
3 8
4 4
5 9
6 1
7 4
8 3
9 5
10 7
11 5
12 0
13 3
14 8
15 8
16 0

1 6
2 2
3 3
4 1
5 0
6 1
7 2
8 9
9 4
10 5
11 1
12 7
13 8
14 3
15 0
16 6

1 4
2 9
3 3
4 9
5 5
6 2
7 6
8 6
9 8
10 6
11 1
12 3
13 6
14 1
15 4
16 0

1 2
2 2
3 8
4 7
5 6
6 1
7 2
8 0
9 5
10 4
11 8
12 7
13 1
14 6
15 4
16 9

1 5
2 4
3 8
4 4
5 9
6 1
7 4
8 3
9 5
10 7
11 5
12 0
13 3
14 8
15 8
16 0

1 6
2 2
3 3
4 1
5 0
6 1
7 2
8 9
9 4
10 5
11 1
12 7
13 8
14 3
15 0
16 6

1 4
2 9
3 3
4 9
5 5
6 2
7 6
8 6
9 8
10 6
11 1
12 3
13 6
14 1
15 4
16 0

1 2
2 2
3 8
4 7
5 6
6 1
7 2
8 0
9 5
10 4
11 8
12 7
13 1
14 6
15 4
16 9

1 5
2 4
3 8
4 4
5 9
6 1
7 4
8 3
9 5
10 7
11 5
12 0
13 3
14 8
15 8
16 0

1 6
2 2
3 3
4 1
5 0
6 1
7 2
8 9
9 4
10 5
11 1
12 7
13 8
14 3
15 0
16 6

1 4
2 9
3 3
4 9
5 5
6 2
7 6
8 6
9 8
10 6
11 1
12 3
13 6
14 1
15 4
16 0

1 2
2 2
3 8
4 7
5 6
6 1
7 2
8 0
9 5
10 4
11 8
12 7
13 1
14 6
15 4
16 9

1 5
2 4
3 8
4 4
5 9
6 1
7 4
8 3
9 5
10 7
11 5
12 0
13 3
14 8
15 8
16 0

1 6
2 2
3 3
4 1
5 0
6 1
7 2
8 9
9 4
10 5
11 1
12 7
13 8
14 3
15 0
16 6

1 4
2 9
3 3
4 9
5 5
6 2
7 6
8 6
9 8
10 6
11 1
12 3
13 6
14 1
15 4
16 0

1 2
2 2
3 8
4 7
5 6
6 1
7 2
8 0
9 5
10 4
11 8
12 7
13 1
14 6
15 4
16 9

1 5
2 4
3 8
4 4
5 9
6 1
7 4
8 3
9 5
10 7
11 5
12 0
13 3
14 8
15 8
16 0

1 6
2 2
3 3
4 1
5 0
6 1
7 2
8 9
9 4
10 5
11 1
12 7
13 8
14 3
15 0
16 6

1 4
2 9
3 3
4 9
5 5
6 2
7 6
8 6
9 8
10 6
11 1
12 3
13 6
14 1
15 4
16 0

1 2
2 2
3 8
4 7
5 6
6 1
7 2
8 0
9 5
10 4
11 8
12 7
13 1
14 6
15 4
16 9

1 5
2 4
3 8
4 4
5 9
6 1
7 4
8 3
9 5
10 7
11 5
12 0
13 3
14 8
15 8
16 0

1 6
2 2
3 3
4 1
5 0
6 1
7 2
8 9
9 4
10 5
11 1
12 7
13 8
14 3
15 0
16 6

1 4
2 9
3 3
4 9
5 5
6 2
7 6
8 6
9 8
10 6
11 1
12 3
13 6
14 1
15 4
16 0

1 2
2 2
3 8
4 7
5 6
6 1
7 2
8 0
9 5
10 4
11 8
12 7
13 1
14 6
15 4
16 9

1 5
2 4
3 8
4 4
5 9
6 1
7 4
8 3
9 5
10 7
11 5
12 0
13 3
14 8
15 8
16 0

1 6
2 2
3 3
4 1
5 0
6 1
7 2
8 9
9 4
10 5
11 1
12 7
13 8
14 3
15 0
16 6

1 4
2 9
3 3
4 9
5 5
6 2
7 6
8 6
9 8
10 6
11 1
12 3
13 6
14 1
15 4
16 0