1 0
2 0
3 0
4 0
5 0
6 0
7 0
8 0

1 16
2 15
3 14
4 14
5 19
6 18
7 14
8 18

1 20
2 18
3 18
4 10
5 17
6 15
7 14
8 16

1 13
2 10
3 20
4 16
5 14
6 20
7 15
8 20

1 16
2 16
3 17
4 14
5 17
6 12
7 17
8 12

1 16
2 15
3 14
4 14
5 19
6 18
7 14
8 18

1 20
2 18
3 18
4 10
5 17
6 15
7 14
8 16

1 13
2 10
3 20
4 16
5 14
6 20
7 15
8 20

1 16
2 16
3 17
4 14
5 17
6 12
7 17
8 12

1 16
2 15
3 14
4 14
5 19
6 18
7 14
8 18

1 20
2 18
3 18
4 10
5 17
6 15
7 14
8 16

1 13
2 10
3 20
4 16
5 14
6 20
7 15
8 20

1 16
2 16
3 17
4 14
5 17
6 12
7 17
8 12

1 16
2 15
3 14
4 14
5 19
6 18
7 14
8 18

1 20
2 18
3 18
4 10
5 17
6 15
7 14
8 16

1 13
2 10
3 20
4 16
5 14
6 20
7 15
8 20

1 16
2 16
3 17
4 14
5 17
6 12
7 17
8 12

1 16
2 15
3 14
4 14
5 19
6 18
7 14
8 18

1 20
2 18
3 18
4 10
5 17
6 15
7 14
8 16

1 13
2 10
3 20
4 16
5 14
6 20
7 15
8 20

1 16
2 16
3 17
4 14
5 17
6 12
7 17
8 12

1 16
2 15
3 14
4 14
5 19
6 18
7 14
8 18

1 20
2 18
3 18
4 10
5 17
6 15
7 14
8 16

1 13
2 10
3 20
4 16
5 14
6 20
7 15
8 20

1 16
2 16
3 17
4 14
5 17
6 12
7 17
8 12

1 16
2 15
3 14
4 14
5 19
6 18
7 14
8 18

1 20
2 18
3 18
4 10
5 17
6 15
7 14
8 16

1 13
2 10
3 20
4 16
5 14
6 20
7 15
8 20

1 16
2 16
3 17
4 14
5 17
6 12
7 17
8 12

1 16
2 15
3 14
4 14
5 19
6 18
7 14
8 18

1 20
2 18
3 18
4 10
5 17
6 15
7 14
8 16

1 13
2 10
3 20
4 16
5 14
6 20
7 15
8 20

1 16
2 16
3 17
4 14
5 17
6 12
7 17
8 12

1 16
2 15
3 14
4 14
5 19
6 18
7 14
8 18

1 20
2 18
3 18
4 10
5 17
6 15
7 14
8 16

1 13
2 10
3 20
4 16
5 14
6 20
7 15
8 20

1 16
2 16
3 17
4 14
5 17
6 12
7 17
8 12

1 16
2 15
3 14
4 14
5 19
6 18
7 14
8 18

1 20
2 18
3 18
4 10
5 17
6 15
7 14
8 16

1 13
2 10
3 20
4 16
5 14
6 20
7 15
8 20

1 16
2 16
3 17
4 14
5 17
6 12
7 17
8 12

1 16
2 15
3 14
4 14
5 19
6 18
7 14
8 18

1 20
2 18
3 18
4 10
5 17
6 15
7 14
8 16

1 13
2 10
3 20
4 16
5 14
6 20
7 15
8 20

1 16
2 16
3 17
4 14
5 17
6 12
7 17
8 12

1 16
2 15
3 14
4 14
5 19
6 18
7 14
8 18

1 20
2 18
3 18
4 10
5 17
6 15
7 14
8 16

1 13
2 10
3 20
4 16
5 14
6 20
7 15
8 20

1 16
2 16
3 17
4 14
5 17
6 12
7 17
8 12

1 16
2 15
3 14
4 14
5 19
6 18
7 14
8 18

1 20
2 18
3 18
4 10
5 17
6 15
7 14
8 16

1 13
2 10
3 20
4 16
5 14
6 20
7 15
8 20

1 16
2 16
3 17
4 14
5 17
6 12
7 17
8 12

1 16
2 15
3 14
4 14
5 19
6 18
7 14
8 18

1 20
2 18
3 18
4 10
5 17
6 15
7 14
8 16

1 13
2 10
3 20
4 16
5 14
6 20
7 15
8 20

1 16
2 16
3 17
4 14
5 17
6 12
7 17
8 12

1 16
2 15
3 14
4 14
5 19
6 18
7 14
8 18

1 20
2 18
3 18
4 10
5 17
6 15
7 14
8 16

1 13
2 10
3 20
4 16
5 14
6 20
7 15
8 20

1 16
2 16
3 17
4 14
5 17
6 12
7 17
8 12