1 0
2 0
3 0
4 0
5 0
6 0
7 0
8 0

1 17
2 13
3 16
4 19
5 12
6 14
7 11
8 20

1 18
2 10
3 12
4 13
5 11
6 19
7 18
8 11

1 20
2 20
3 16
4 13
5 17
6 13
7 14
8 16

1 12
2 10
3 19
4 11
5 13
6 11
7 17
8 19

1 12
2 14
3 13
4 19
5 15
6 13
7 20
8 18

1 12
2 10
3 10
4 16
5 10
6 19
7 13
8 11

1 17
2 13
3 16
4 19
5 12
6 14
7 11
8 20

1 18
2 10
3 12
4 13
5 11
6 19
7 18
8 11

1 20
2 20
3 16
4 13
5 17
6 13
7 14
8 16

1 12
2 10
3 19
4 11
5 13
6 11
7 17
8 19

1 12
2 14
3 13
4 19
5 15
6 13
7 20
8 18

1 12
2 10
3 10
4 16
5 10
6 19
7 13
8 11

1 17
2 13
3 16
4 19
5 12
6 14
7 11
8 20

1 18
2 10
3 12
4 13
5 11
6 19
7 18
8 11

1 20
2 20
3 16
4 13
5 17
6 13
7 14
8 16

1 12
2 10
3 19
4 11
5 13
6 11
7 17
8 19

1 12
2 14
3 13
4 19
5 15
6 13
7 20
8 18

1 12
2 10
3 10
4 16
5 10
6 19
7 13
8 11

1 17
2 13
3 16
4 19
5 12
6 14
7 11
8 20

1 18
2 10
3 12
4 13
5 11
6 19
7 18
8 11

1 20
2 20
3 16
4 13
5 17
6 13
7 14
8 16

1 12
2 10
3 19
4 11
5 13
6 11
7 17
8 19

1 12
2 14
3 13
4 19
5 15
6 13
7 20
8 18

1 12
2 10
3 10
4 16
5 10
6 19
7 13
8 11

1 17
2 13
3 16
4 19
5 12
6 14
7 11
8 20

1 18
2 10
3 12
4 13
5 11
6 19
7 18
8 11

1 20
2 20
3 16
4 13
5 17
6 13
7 14
8 16

1 12
2 10
3 19
4 11
5 13
6 11
7 17
8 19

1 12
2 14
3 13
4 19
5 15
6 13
7 20
8 18

1 12
2 10
3 10
4 16
5 10
6 19
7 13
8 11

1 17
2 13
3 16
4 19
5 12
6 14
7 11
8 20

1 18
2 10
3 12
4 13
5 11
6 19
7 18
8 11

1 20
2 20
3 16
4 13
5 17
6 13
7 14
8 16

1 12
2 10
3 19
4 11
5 13
6 11
7 17
8 19

1 12
2 14
3 13
4 19
5 15
6 13
7 20
8 18

1 12
2 10
3 10
4 16
5 10
6 19
7 13
8 11

1 17
2 13
3 16
4 19
5 12
6 14
7 11
8 20

1 18
2 10
3 12
4 13
5 11
6 19
7 18
8 11

1 20
2 20
3 16
4 13
5 17
6 13
7 14
8 16

1 12
2 10
3 19
4 11
5 13
6 11
7 17
8 19

1 12
2 14
3 13
4 19
5 15
6 13
7 20
8 18

1 12
2 10
3 10
4 16
5 10
6 19
7 13
8 11

1 17
2 13
3 16
4 19
5 12
6 14
7 11
8 20

1 18
2 10
3 12
4 13
5 11
6 19
7 18
8 11

1 20
2 20
3 16
4 13
5 17
6 13
7 14
8 16

1 12
2 10
3 19
4 11
5 13
6 11
7 17
8 19

1 12
2 14
3 13
4 19
5 15
6 13
7 20
8 18

1 12
2 10
3 10
4 16
5 10
6 19
7 13
8 11

1 17
2 13
3 16
4 19
5 12
6 14
7 11
8 20

1 18
2 10
3 12
4 13
5 11
6 19
7 18
8 11

1 20
2 20
3 16
4 13
5 17
6 13
7 14
8 16

1 12
2 10
3 19
4 11
5 13
6 11
7 17
8 19

1 12
2 14
3 13
4 19
5 15
6 13
7 20
8 18

1 12
2 10
3 10
4 16
5 10
6 19
7 13
8 11

1 17
2 13
3 16
4 19
5 12
6 14
7 11
8 20

1 18
2 10
3 12
4 13
5 11
6 19
7 18
8 11

1 20
2 20
3 16
4 13
5 17
6 13
7 14
8 16

1 12
2 10
3 19
4 11
5 13
6 11
7 17
8 19

1 12
2 14
3 13
4 19
5 15
6 13
7 20
8 18

1 12
2 10
3 10
4 16
5 10
6 19
7 13
8 11