1 0
2 0
3 0
4 0
5 0
6 0
7 0
8 0
9 0
10 0
11 0
12 0
13 0
14 0
15 0
16 0

1 12
2 12
3 10
4 19
5 17
6 14
7 13
8 20
9 10
10 15
11 11
12 14
13 11
14 15
15 15
16 15

1 17
2 11
3 20
4 16
5 20
6 17
7 17
8 14
9 18
10 13
11 15
12 13
13 17
14 10
15 18
16 19

1 15
2 12
3 14
4 13
5 13
6 10
7 18
8 12
9 10
10 19
11 11
12 11
13 13
14 11
15 11
16 15

1 13
2 14
3 11
4 16
5 15
6 19
7 19
8 19
9 12
10 16
11 16
12 18
13 12
14 11
15 11
16 14

1 19
2 13
3 11
4 16
5 10
6 11
7 19
8 14
9 14
10 13
11 17
12 17
13 10
14 20
15 14
16 20

1 10
2 13
3 20
4 18
5 11
6 13
7 20
8 12
9 14
10 11
11 17
12 10
13 15
14 12
15 13
16 15

1 12
2 12
3 10
4 19
5 17
6 14
7 13
8 20
9 10
10 15
11 11
12 14
13 11
14 15
15 15
16 15

1 17
2 11
3 20
4 16
5 20
6 17
7 17
8 14
9 18
10 13
11 15
12 13
13 17
14 10
15 18
16 19

1 15
2 12
3 14
4 13
5 13
6 10
7 18
8 12
9 10
10 19
11 11
12 11
13 13
14 11
15 11
16 15

1 13
2 14
3 11
4 16
5 15
6 19
7 19
8 19
9 12
10 16
11 16
12 18
13 12
14 11
15 11
16 14

1 19
2 13
3 11
4 16
5 10
6 11
7 19
8 14
9 14
10 13
11 17
12 17
13 10
14 20
15 14
16 20

1 10
2 13
3 20
4 18
5 11
6 13
7 20
8 12
9 14
10 11
11 17
12 10
13 15
14 12
15 13
16 15

1 12
2 12
3 10
4 19
5 17
6 14
7 13
8 20
9 10
10 15
11 11
12 14
13 11
14 15
15 15
16 15

1 17
2 11
3 20
4 16
5 20
6 17
7 17
8 14
9 18
10 13
11 15
12 13
13 17
14 10
15 18
16 19

1 15
2 12
3 14
4 13
5 13
6 10
7 18
8 12
9 10
10 19
11 11
12 11
13 13
14 11
15 11
16 15

1 13
2 14
3 11
4 16
5 15
6 19
7 19
8 19
9 12
10 16
11 16
12 18
13 12
14 11
15 11
16 14

1 19
2 13
3 11
4 16
5 10
6 11
7 19
8 14
9 14
10 13
11 17
12 17
13 10
14 20
15 14
16 20

1 10
2 13
3 20
4 18
5 11
6 13
7 20
8 12
9 14
10 11
11 17
12 10
13 15
14 12
15 13
16 15

1 12
2 12
3 10
4 19
5 17
6 14
7 13
8 20
9 10
10 15
11 11
12 14
13 11
14 15
15 15
16 15

1 17
2 11
3 20
4 16
5 20
6 17
7 17
8 14
9 18
10 13
11 15
12 13
13 17
14 10
15 18
16 19

1 15
2 12
3 14
4 13
5 13
6 10
7 18
8 12
9 10
10 19
11 11
12 11
13 13
14 11
15 11
16 15

1 13
2 14
3 11
4 16
5 15
6 19
7 19
8 19
9 12
10 16
11 16
12 18
13 12
14 11
15 11
16 14

1 19
2 13
3 11
4 16
5 10
6 11
7 19
8 14
9 14
10 13
11 17
12 17
13 10
14 20
15 14
16 20

1 10
2 13
3 20
4 18
5 11
6 13
7 20
8 12
9 14
10 11
11 17
12 10
13 15
14 12
15 13
16 15

1 12
2 12
3 10
4 19
5 17
6 14
7 13
8 20
9 10
10 15
11 11
12 14
13 11
14 15
15 15
16 15

1 17
2 11
3 20
4 16
5 20
6 17
7 17
8 14
9 18
10 13
11 15
12 13
13 17
14 10
15 18
16 19

1 15
2 12
3 14
4 13
5 13
6 10
7 18
8 12
9 10
10 19
11 11
12 11
13 13
14 11
15 11
16 15

1 13
2 14
3 11
4 16
5 15
6 19
7 19
8 19
9 12
10 16
11 16
12 18
13 12
14 11
15 11
16 14

1 19
2 13
3 11
4 16
5 10
6 11
7 19
8 14
9 14
10 13
11 17
12 17
13 10
14 20
15 14
16 20

1 10
2 13
3 20
4 18
5 11
6 13
7 20
8 12
9 14
10 11
11 17
12 10
13 15
14 12
15 13
16 15

1 12
2 12
3 10
4 19
5 17
6 14
7 13
8 20
9 10
10 15
11 11
12 14
13 11
14 15
15 15
16 15

1 17
2 11
3 20
4 16
5 20
6 17
7 17
8 14
9 18
10 13
11 15
12 13
13 17
14 10
15 18
16 19

1 15
2 12
3 14
4 13
5 13
6 10
7 18
8 12
9 10
10 19
11 11
12 11
13 13
14 11
15 11
16 15

1 13
2 14
3 11
4 16
5 15
6 19
7 19
8 19
9 12
10 16
11 16
12 18
13 12
14 11
15 11
16 14

1 19
2 13
3 11
4 16
5 10
6 11
7 19
8 14
9 14
10 13
11 17
12 17
13 10
14 20
15 14
16 20

1 10
2 13
3 20
4 18
5 11
6 13
7 20
8 12
9 14
10 11
11 17
12 10
13 15
14 12
15 13
16 15

1 12
2 12
3 10
4 19
5 17
6 14
7 13
8 20
9 10
10 15
11 11
12 14
13 11
14 15
15 15
16 15

1 17
2 11
3 20
4 16
5 20
6 17
7 17
8 14
9 18
10 13
11 15
12 13
13 17
14 10
15 18
16 19

1 15
2 12
3 14
4 13
5 13
6 10
7 18
8 12
9 10
10 19
11 11
12 11
13 13
14 11
15 11
16 15

1 13
2 14
3 11
4 16
5 15
6 19
7 19
8 19
9 12
10 16
11 16
12 18
13 12
14 11
15 11
16 14

1 19
2 13
3 11
4 16
5 10
6 11
7 19
8 14
9 14
10 13
11 17
12 17
13 10
14 20
15 14
16 20

1 10
2 13
3 20
4 18
5 11
6 13
7 20
8 12
9 14
10 11
11 17
12 10
13 15
14 12
15 13
16 15

1 12
2 12
3 10
4 19
5 17
6 14
7 13
8 20
9 10
10 15
11 11
12 14
13 11
14 15
15 15
16 15

1 17
2 11
3 20
4 16
5 20
6 17
7 17
8 14
9 18
10 13
11 15
12 13
13 17
14 10
15 18
16 19

1 15
2 12
3 14
4 13
5 13
6 10
7 18
8 12
9 10
10 19
11 11
12 11
13 13
14 11
15 11
16 15

1 13
2 14
3 11
4 16
5 15
6 19
7 19
8 19
9 12
10 16
11 16
12 18
13 12
14 11
15 11
16 14

1 19
2 13
3 11
4 16
5 10
6 11
7 19
8 14
9 14
10 13
11 17
12 17
13 10
14 20
15 14
16 20

1 10
2 13
3 20
4 18
5 11
6 13
7 20
8 12
9 14
10 11
11 17
12 10
13 15
14 12
15 13
16 15

1 12
2 12
3 10
4 19
5 17
6 14
7 13
8 20
9 10
10 15
11 11
12 14
13 11
14 15
15 15
16 15

1 17
2 11
3 20
4 16
5 20
6 17
7 17
8 14
9 18
10 13
11 15
12 13
13 17
14 10
15 18
16 19

1 15
2 12
3 14
4 13
5 13
6 10
7 18
8 12
9 10
10 19
11 11
12 11
13 13
14 11
15 11
16 15

1 13
2 14
3 11
4 16
5 15
6 19
7 19
8 19
9 12
10 16
11 16
12 18
13 12
14 11
15 11
16 14

1 19
2 13
3 11
4 16
5 10
6 11
7 19
8 14
9 14
10 13
11 17
12 17
13 10
14 20
15 14
16 20

1 10
2 13
3 20
4 18
5 11
6 13
7 20
8 12
9 14
10 11
11 17
12 10
13 15
14 12
15 13
16 15

1 12
2 12
3 10
4 19
5 17
6 14
7 13
8 20
9 10
10 15
11 11
12 14
13 11
14 15
15 15
16 15

1 17
2 11
3 20
4 16
5 20
6 17
7 17
8 14
9 18
10 13
11 15
12 13
13 17
14 10
15 18
16 19

1 15
2 12
3 14
4 13
5 13
6 10
7 18
8 12
9 10
10 19
11 11
12 11
13 13
14 11
15 11
16 15

1 13
2 14
3 11
4 16
5 15
6 19
7 19
8 19
9 12
10 16
11 16
12 18
13 12
14 11
15 11
16 14

1 19
2 13
3 11
4 16
5 10
6 11
7 19
8 14
9 14
10 13
11 17
12 17
13 10
14 20
15 14
16 20

1 10
2 13
3 20
4 18
5 11
6 13
7 20
8 12
9 14
10 11
11 17
12 10
13 15
14 12
15 13
16 15

1 12
2 12
3 10
4 19
5 17
6 14
7 13
8 20
9 10
10 15
11 11
12 14
13 11
14 15
15 15
16 15

1 17
2 11
3 20
4 16
5 20
6 17
7 17
8 14
9 18
10 13
11 15
12 13
13 17
14 10
15 18
16 19

1 15
2 12
3 14
4 13
5 13
6 10
7 18
8 12
9 10
10 19
11 11
12 11
13 13
14 11
15 11
16 15

1 13
2 14
3 11
4 16
5 15
6 19
7 19
8 19
9 12
10 16
11 16
12 18
13 12
14 11
15 11
16 14

1 19
2 13
3 11
4 16
5 10
6 11
7 19
8 14
9 14
10 13
11 17
12 17
13 10
14 20
15 14
16 20

1 10
2 13
3 20
4 18
5 11
6 13
7 20
8 12
9 14
10 11
11 17
12 10
13 15
14 12
15 13
16 15

1 12
2 12
3 10
4 19
5 17
6 14
7 13
8 20
9 10
10 15
11 11
12 14
13 11
14 15
15 15
16 15

1 17
2 11
3 20
4 16
5 20
6 17
7 17
8 14
9 18
10 13
11 15
12 13
13 17
14 10
15 18
16 19

1 15
2 12
3 14
4 13
5 13
6 10
7 18
8 12
9 10
10 19
11 11
12 11
13 13
14 11
15 11
16 15

1 13
2 14
3 11
4 16
5 15
6 19
7 19
8 19
9 12
10 16
11 16
12 18
13 12
14 11
15 11
16 14

1 19
2 13
3 11
4 16
5 10
6 11
7 19
8 14
9 14
10 13
11 17
12 17
13 10
14 20
15 14
16 20

1 10
2 13
3 20
4 18
5 11
6 13
7 20
8 12
9 14
10 11
11 17
12 10
13 15
14 12
15 13
16 15

1 12
2 12
3 10
4 19
5 17
6 14
7 13
8 20
9 10
10 15
11 11
12 14
13 11
14 15
15 15
16 15

1 17
2 11
3 20
4 16
5 20
6 17
7 17
8 14
9 18
10 13
11 15
12 13
13 17
14 10
15 18
16 19

1 15
2 12
3 14
4 13
5 13
6 10
7 18
8 12
9 10
10 19
11 11
12 11
13 13
14 11
15 11
16 15

1 13
2 14
3 11
4 16
5 15
6 19
7 19
8 19
9 12
10 16
11 16
12 18
13 12
14 11
15 11
16 14

1 19
2 13
3 11
4 16
5 10
6 11
7 19
8 14
9 14
10 13
11 17
12 17
13 10
14 20
15 14
16 20

1 10
2 13
3 20
4 18
5 11
6 13
7 20
8 12
9 14
10 11
11 17
12 10
13 15
14 12
15 13
16 15

1 12
2 12
3 10
4 19
5 17
6 14
7 13
8 20
9 10
10 15
11 11
12 14
13 11
14 15
15 15
16 15

1 17
2 11
3 20
4 16
5 20
6 17
7 17
8 14
9 18
10 13
11 15
12 13
13 17
14 10
15 18
16 19

1 15
2 12
3 14
4 13
5 13
6 10
7 18
8 12
9 10
10 19
11 11
12 11
13 13
14 11
15 11
16 15

1 13
2 14
3 11
4 16
5 15
6 19
7 19
8 19
9 12
10 16
11 16
12 18
13 12
14 11
15 11
16 14

1 19
2 13
3 11
4 16
5 10
6 11
7 19
8 14
9 14
10 13
11 17
12 17
13 10
14 20
15 14
16 20

1 10
2 13
3 20
4 18
5 11
6 13
7 20
8 12
9 14
10 11
11 17
12 10
13 15
14 12
15 13
16 15

1 12
2 12
3 10
4 19
5 17
6 14
7 13
8 20
9 10
10 15
11 11
12 14
13 11
14 15
15 15
16 15

1 17
2 11
3 20
4 16
5 20
6 17
7 17
8 14
9 18
10 13
11 15
12 13
13 17
14 10
15 18
16 19

1 15
2 12
3 14
4 13
5 13
6 10
7 18
8 12
9 10
10 19
11 11
12 11
13 13
14 11
15 11
16 15

1 13
2 14
3 11
4 16
5 15
6 19
7 19
8 19
9 12
10 16
11 16
12 18
13 12
14 11
15 11
16 14

1 19
2 13
3 11
4 16
5 10
6 11
7 19
8 14
9 14
10 13
11 17
12 17
13 10
14 20
15 14
16 20

1 10
2 13
3 20
4 18
5 11
6 13
7 20
8 12
9 14
10 11
11 17
12 10
13 15
14 12
15 13
16 15