1 0
2 0
3 0
4 0

1 19
2 13
3 20
4 17

1 15
2 18
3 17
4 14

1 17
2 19
3 20
4 10

1 11
2 12
3 16
4 17

1 14
2 11
3 14
4 17

1 17
2 18
3 14
4 15

1 19
2 13
3 20
4 17

1 15
2 18
3 17
4 14

1 17
2 19
3 20
4 10

1 11
2 12
3 16
4 17

1 14
2 11
3 14
4 17

1 17
2 18
3 14
4 15

1 19
2 13
3 20
4 17

1 15
2 18
3 17
4 14

1 17
2 19
3 20
4 10

1 11
2 12
3 16
4 17

1 14
2 11
3 14
4 17

1 17
2 18
3 14
4 15

1 19
2 13
3 20
4 17

1 15
2 18
3 17
4 14

1 17
2 19
3 20
4 10

1 11
2 12
3 16
4 17

1 14
2 11
3 14
4 17

1 17
2 18
3 14
4 15

1 19
2 13
3 20
4 17

1 15
2 18
3 17
4 14

1 17
2 19
3 20
4 10

1 11
2 12
3 16
4 17

1 14
2 11
3 14
4 17

1 17
2 18
3 14
4 15

1 19
2 13
3 20
4 17

1 15
2 18
3 17
4 14

1 17
2 19
3 20
4 10

1 11
2 12
3 16
4 17

1 14
2 11
3 14
4 17

1 17
2 18
3 14
4 15

1 19
2 13
3 20
4 17

1 15
2 18
3 17
4 14

1 17
2 19
3 20
4 10

1 11
2 12
3 16
4 17

1 14
2 11
3 14
4 17

1 17
2 18
3 14
4 15

1 19
2 13
3 20
4 17

1 15
2 18
3 17
4 14

1 17
2 19
3 20
4 10

1 11
2 12
3 16
4 17

1 14
2 11
3 14
4 17

1 17
2 18
3 14
4 15

1 19
2 13
3 20
4 17

1 15
2 18
3 17
4 14

1 17
2 19
3 20
4 10

1 11
2 12
3 16
4 17

1 14
2 11
3 14
4 17

1 17
2 18
3 14
4 15

1 19
2 13
3 20
4 17

1 15
2 18
3 17
4 14

1 17
2 19
3 20
4 10

1 11
2 12
3 16
4 17

1 14
2 11
3 14
4 17

1 17
2 18
3 14
4 15

1 19
2 13
3 20
4 17

1 15
2 18
3 17
4 14

1 17
2 19
3 20
4 10

1 11
2 12
3 16
4 17

1 14
2 11
3 14
4 17

1 17
2 18
3 14
4 15

1 19
2 13
3 20
4 17

1 15
2 18
3 17
4 14

1 17
2 19
3 20
4 10

1 11
2 12
3 16
4 17

1 14
2 11
3 14
4 17

1 17
2 18
3 14
4 15

1 19
2 13
3 20
4 17

1 15
2 18
3 17
4 14

1 17
2 19
3 20
4 10

1 11
2 12
3 16
4 17

1 14
2 11
3 14
4 17

1 17
2 18
3 14
4 15

1 19
2 13
3 20
4 17

1 15
2 18
3 17
4 14

1 17
2 19
3 20
4 10

1 11
2 12
3 16
4 17

1 14
2 11
3 14
4 17

1 17
2 18
3 14
4 15

1 19
2 13
3 20
4 17

1 15
2 18
3 17
4 14

1 17
2 19
3 20
4 10

1 11
2 12
3 16
4 17

1 14
2 11
3 14
4 17

1 17
2 18
3 14
4 15

1 19
2 13
3 20
4 17

1 15
2 18
3 17
4 14

1 17
2 19
3 20
4 10

1 11
2 12
3 16
4 17

1 14
2 11
3 14
4 17

1 17
2 18
3 14
4 15

1 19
2 13
3 20
4 17

1 15
2 18
3 17
4 14

1 17
2 19
3 20
4 10

1 11
2 12
3 16
4 17

1 14
2 11
3 14
4 17

1 17
2 18
3 14
4 15

1 19
2 13
3 20
4 17

1 15
2 18
3 17
4 14

1 17
2 19
3 20
4 10

1 11
2 12
3 16
4 17

1 14
2 11
3 14
4 17

1 17
2 18
3 14
4 15

1 19
2 13
3 20
4 17

1 15
2 18
3 17
4 14

1 17
2 19
3 20
4 10

1 11
2 12
3 16
4 17

1 14
2 11
3 14
4 17

1 17
2 18
3 14
4 15

1 19
2 13
3 20
4 17

1 15
2 18
3 17
4 14

1 17
2 19
3 20
4 10

1 11
2 12
3 16
4 17

1 14
2 11
3 14
4 17

1 17
2 18
3 14
4 15