1 0
2 0
3 0
4 0
5 0
6 0
7 0
8 0

1 5
2 1
3 4
4 8
5 6
6 3
7 1
8 2

1 5
2 7
3 3
4 9
5 2
6 4
7 3
8 6

1 5
2 1
3 4
4 8
5 6
6 3
7 1
8 2

1 5
2 7
3 3
4 9
5 2
6 4
7 3
8 6

1 5
2 1
3 4
4 8
5 6
6 3
7 1
8 2

1 5
2 7
3 3
4 9
5 2
6 4
7 3
8 6

1 5
2 1
3 4
4 8
5 6
6 3
7 1
8 2

1 5
2 7
3 3
4 9
5 2
6 4
7 3
8 6

1 5
2 1
3 4
4 8
5 6
6 3
7 1
8 2

1 5
2 7
3 3
4 9
5 2
6 4
7 3
8 6

1 5
2 1
3 4
4 8
5 6
6 3
7 1
8 2

1 5
2 7
3 3
4 9
5 2
6 4
7 3
8 6

1 5
2 1
3 4
4 8
5 6
6 3
7 1
8 2

1 5
2 7
3 3
4 9
5 2
6 4
7 3
8 6

1 5
2 1
3 4
4 8
5 6
6 3
7 1
8 2

1 5
2 7
3 3
4 9
5 2
6 4
7 3
8 6

1 5
2 1
3 4
4 8
5 6
6 3
7 1
8 2

1 5
2 7
3 3
4 9
5 2
6 4
7 3
8 6

1 5
2 1
3 4
4 8
5 6
6 3
7 1
8 2

1 5
2 7
3 3
4 9
5 2
6 4
7 3
8 6

1 5
2 1
3 4
4 8
5 6
6 3
7 1
8 2

1 5
2 7
3 3
4 9
5 2
6 4
7 3
8 6

1 5
2 1
3 4
4 8
5 6
6 3
7 1
8 2

1 5
2 7
3 3
4 9
5 2
6 4
7 3
8 6

1 5
2 1
3 4
4 8
5 6
6 3
7 1
8 2

1 5
2 7
3 3
4 9
5 2
6 4
7 3
8 6

1 5
2 1
3 4
4 8
5 6
6 3
7 1
8 2

1 5
2 7
3 3
4 9
5 2
6 4
7 3
8 6

1 5
2 1
3 4
4 8
5 6
6 3
7 1
8 2

1 5
2 7
3 3
4 9
5 2
6 4
7 3
8 6

1 5
2 1
3 4
4 8
5 6
6 3
7 1
8 2

1 5
2 7
3 3
4 9
5 2
6 4
7 3
8 6

1 5
2 1
3 4
4 8
5 6
6 3
7 1
8 2

1 5
2 7
3 3
4 9
5 2
6 4
7 3
8 6

1 5
2 1
3 4
4 8
5 6
6 3
7 1
8 2

1 5
2 7
3 3
4 9
5 2
6 4
7 3
8 6

1 5
2 1
3 4
4 8
5 6
6 3
7 1
8 2

1 5
2 7
3 3
4 9
5 2
6 4
7 3
8 6

1 5
2 1
3 4
4 8
5 6
6 3
7 1
8 2

1 5
2 7
3 3
4 9
5 2
6 4
7 3
8 6