1 0
2 0
3 0
4 0
5 0
6 0
7 0
8 0

1 20
2 19
3 18
4 17
5 10
6 11
7 17
8 12

1 11
2 15
3 20
4 16
5 10
6 13
7 20
8 17

1 11
2 17
3 10
4 20
5 10
6 13
7 13
8 15

1 10
2 13
3 16
4 16
5 17
6 12
7 17
8 13

1 13
2 13
3 16
4 19
5 19
6 14
7 15
8 16

1 15
2 11
3 13
4 13
5 17
6 12
7 11
8 10

1 20
2 19
3 18
4 17
5 10
6 11
7 17
8 12

1 11
2 15
3 20
4 16
5 10
6 13
7 20
8 17

1 11
2 17
3 10
4 20
5 10
6 13
7 13
8 15

1 10
2 13
3 16
4 16
5 17
6 12
7 17
8 13

1 13
2 13
3 16
4 19
5 19
6 14
7 15
8 16

1 15
2 11
3 13
4 13
5 17
6 12
7 11
8 10

1 20
2 19
3 18
4 17
5 10
6 11
7 17
8 12

1 11
2 15
3 20
4 16
5 10
6 13
7 20
8 17

1 11
2 17
3 10
4 20
5 10
6 13
7 13
8 15

1 10
2 13
3 16
4 16
5 17
6 12
7 17
8 13

1 13
2 13
3 16
4 19
5 19
6 14
7 15
8 16

1 15
2 11
3 13
4 13
5 17
6 12
7 11
8 10

1 20
2 19
3 18
4 17
5 10
6 11
7 17
8 12

1 11
2 15
3 20
4 16
5 10
6 13
7 20
8 17

1 11
2 17
3 10
4 20
5 10
6 13
7 13
8 15

1 10
2 13
3 16
4 16
5 17
6 12
7 17
8 13

1 13
2 13
3 16
4 19
5 19
6 14
7 15
8 16

1 15
2 11
3 13
4 13
5 17
6 12
7 11
8 10

1 20
2 19
3 18
4 17
5 10
6 11
7 17
8 12

1 11
2 15
3 20
4 16
5 10
6 13
7 20
8 17

1 11
2 17
3 10
4 20
5 10
6 13
7 13
8 15

1 10
2 13
3 16
4 16
5 17
6 12
7 17
8 13

1 13
2 13
3 16
4 19
5 19
6 14
7 15
8 16

1 15
2 11
3 13
4 13
5 17
6 12
7 11
8 10

1 20
2 19
3 18
4 17
5 10
6 11
7 17
8 12

1 11
2 15
3 20
4 16
5 10
6 13
7 20
8 17

1 11
2 17
3 10
4 20
5 10
6 13
7 13
8 15

1 10
2 13
3 16
4 16
5 17
6 12
7 17
8 13

1 13
2 13
3 16
4 19
5 19
6 14
7 15
8 16

1 15
2 11
3 13
4 13
5 17
6 12
7 11
8 10

1 20
2 19
3 18
4 17
5 10
6 11
7 17
8 12

1 11
2 15
3 20
4 16
5 10
6 13
7 20
8 17

1 11
2 17
3 10
4 20
5 10
6 13
7 13
8 15

1 10
2 13
3 16
4 16
5 17
6 12
7 17
8 13

1 13
2 13
3 16
4 19
5 19
6 14
7 15
8 16

1 15
2 11
3 13
4 13
5 17
6 12
7 11
8 10

1 20
2 19
3 18
4 17
5 10
6 11
7 17
8 12

1 11
2 15
3 20
4 16
5 10
6 13
7 20
8 17

1 11
2 17
3 10
4 20
5 10
6 13
7 13
8 15

1 10
2 13
3 16
4 16
5 17
6 12
7 17
8 13

1 13
2 13
3 16
4 19
5 19
6 14
7 15
8 16

1 15
2 11
3 13
4 13
5 17
6 12
7 11
8 10

1 20
2 19
3 18
4 17
5 10
6 11
7 17
8 12

1 11
2 15
3 20
4 16
5 10
6 13
7 20
8 17

1 11
2 17
3 10
4 20
5 10
6 13
7 13
8 15

1 10
2 13
3 16
4 16
5 17
6 12
7 17
8 13

1 13
2 13
3 16
4 19
5 19
6 14
7 15
8 16

1 15
2 11
3 13
4 13
5 17
6 12
7 11
8 10

1 20
2 19
3 18
4 17
5 10
6 11
7 17
8 12

1 11
2 15
3 20
4 16
5 10
6 13
7 20
8 17

1 11
2 17
3 10
4 20
5 10
6 13
7 13
8 15

1 10
2 13
3 16
4 16
5 17
6 12
7 17
8 13

1 13
2 13
3 16
4 19
5 19
6 14
7 15
8 16

1 15
2 11
3 13
4 13
5 17
6 12
7 11
8 10

1 20
2 19
3 18
4 17
5 10
6 11
7 17
8 12

1 11
2 15
3 20
4 16
5 10
6 13
7 20
8 17

1 11
2 17
3 10
4 20
5 10
6 13
7 13
8 15

1 10
2 13
3 16
4 16
5 17
6 12
7 17
8 13

1 13
2 13
3 16
4 19
5 19
6 14
7 15
8 16

1 15
2 11
3 13
4 13
5 17
6 12
7 11
8 10

1 20
2 19
3 18
4 17
5 10
6 11
7 17
8 12

1 11
2 15
3 20
4 16
5 10
6 13
7 20
8 17

1 11
2 17
3 10
4 20
5 10
6 13
7 13
8 15

1 10
2 13
3 16
4 16
5 17
6 12
7 17
8 13

1 13
2 13
3 16
4 19
5 19
6 14
7 15
8 16

1 15
2 11
3 13
4 13
5 17
6 12
7 11
8 10

1 20
2 19
3 18
4 17
5 10
6 11
7 17
8 12

1 11
2 15
3 20
4 16
5 10
6 13
7 20
8 17

1 11
2 17
3 10
4 20
5 10
6 13
7 13
8 15

1 10
2 13
3 16
4 16
5 17
6 12
7 17
8 13

1 13
2 13
3 16
4 19
5 19
6 14
7 15
8 16

1 15
2 11
3 13
4 13
5 17
6 12
7 11
8 10

1 20
2 19
3 18
4 17
5 10
6 11
7 17
8 12

1 11
2 15
3 20
4 16
5 10
6 13
7 20
8 17

1 11
2 17
3 10
4 20
5 10
6 13
7 13
8 15

1 10
2 13
3 16
4 16
5 17
6 12
7 17
8 13

1 13
2 13
3 16
4 19
5 19
6 14
7 15
8 16

1 15
2 11
3 13
4 13
5 17
6 12
7 11
8 10

1 20
2 19
3 18
4 17
5 10
6 11
7 17
8 12

1 11
2 15
3 20
4 16
5 10
6 13
7 20
8 17

1 11
2 17
3 10
4 20
5 10
6 13
7 13
8 15

1 10
2 13
3 16
4 16
5 17
6 12
7 17
8 13

1 13
2 13
3 16
4 19
5 19
6 14
7 15
8 16

1 15
2 11
3 13
4 13
5 17
6 12
7 11
8 10

1 20
2 19
3 18
4 17
5 10
6 11
7 17
8 12

1 11
2 15
3 20
4 16
5 10
6 13
7 20
8 17

1 11
2 17
3 10
4 20
5 10
6 13
7 13
8 15

1 10
2 13
3 16
4 16
5 17
6 12
7 17
8 13

1 13
2 13
3 16
4 19
5 19
6 14
7 15
8 16

1 15
2 11
3 13
4 13
5 17
6 12
7 11
8 10

1 20
2 19
3 18
4 17
5 10
6 11
7 17
8 12

1 11
2 15
3 20
4 16
5 10
6 13
7 20
8 17

1 11
2 17
3 10
4 20
5 10
6 13
7 13
8 15

1 10
2 13
3 16
4 16
5 17
6 12
7 17
8 13

1 13
2 13
3 16
4 19
5 19
6 14
7 15
8 16

1 15
2 11
3 13
4 13
5 17
6 12
7 11
8 10

1 20
2 19
3 18
4 17
5 10
6 11
7 17
8 12

1 11
2 15
3 20
4 16
5 10
6 13
7 20
8 17

1 11
2 17
3 10
4 20
5 10
6 13
7 13
8 15

1 10
2 13
3 16
4 16
5 17
6 12
7 17
8 13

1 13
2 13
3 16
4 19
5 19
6 14
7 15
8 16

1 15
2 11
3 13
4 13
5 17
6 12
7 11
8 10

1 20
2 19
3 18
4 17
5 10
6 11
7 17
8 12

1 11
2 15
3 20
4 16
5 10
6 13
7 20
8 17

1 11
2 17
3 10
4 20
5 10
6 13
7 13
8 15

1 10
2 13
3 16
4 16
5 17
6 12
7 17
8 13

1 13
2 13
3 16
4 19
5 19
6 14
7 15
8 16

1 15
2 11
3 13
4 13
5 17
6 12
7 11
8 10

1 20
2 19
3 18
4 17
5 10
6 11
7 17
8 12

1 11
2 15
3 20
4 16
5 10
6 13
7 20
8 17

1 11
2 17
3 10
4 20
5 10
6 13
7 13
8 15

1 10
2 13
3 16
4 16
5 17
6 12
7 17
8 13

1 13
2 13
3 16
4 19
5 19
6 14
7 15
8 16

1 15
2 11
3 13
4 13
5 17
6 12
7 11
8 10