1 0
2 0
3 0
4 0

1 9
2 7
3 0
4 6

1 8
2 8
3 4
4 8

1 3
2 2
3 9
4 5

1 5
2 5
3 1
4 5

1 8
2 2
3 1
4 7

1 9
2 4
3 0
4 9

1 9
2 7
3 0
4 6

1 8
2 8
3 4
4 8

1 3
2 2
3 9
4 5

1 5
2 5
3 1
4 5

1 8
2 2
3 1
4 7

1 9
2 4
3 0
4 9

1 9
2 7
3 0
4 6

1 8
2 8
3 4
4 8

1 3
2 2
3 9
4 5

1 5
2 5
3 1
4 5

1 8
2 2
3 1
4 7

1 9
2 4
3 0
4 9

1 9
2 7
3 0
4 6

1 8
2 8
3 4
4 8

1 3
2 2
3 9
4 5

1 5
2 5
3 1
4 5

1 8
2 2
3 1
4 7

1 9
2 4
3 0
4 9

1 9
2 7
3 0
4 6

1 8
2 8
3 4
4 8

1 3
2 2
3 9
4 5

1 5
2 5
3 1
4 5

1 8
2 2
3 1
4 7

1 9
2 4
3 0
4 9

1 9
2 7
3 0
4 6

1 8
2 8
3 4
4 8

1 3
2 2
3 9
4 5

1 5
2 5
3 1
4 5

1 8
2 2
3 1
4 7

1 9
2 4
3 0
4 9

1 9
2 7
3 0
4 6

1 8
2 8
3 4
4 8

1 3
2 2
3 9
4 5

1 5
2 5
3 1
4 5

1 8
2 2
3 1
4 7

1 9
2 4
3 0
4 9

1 9
2 7
3 0
4 6

1 8
2 8
3 4
4 8

1 3
2 2
3 9
4 5

1 5
2 5
3 1
4 5

1 8
2 2
3 1
4 7

1 9
2 4
3 0
4 9

1 9
2 7
3 0
4 6

1 8
2 8
3 4
4 8

1 3
2 2
3 9
4 5

1 5
2 5
3 1
4 5

1 8
2 2
3 1
4 7

1 9
2 4
3 0
4 9

1 9
2 7
3 0
4 6

1 8
2 8
3 4
4 8

1 3
2 2
3 9
4 5

1 5
2 5
3 1
4 5

1 8
2 2
3 1
4 7

1 9
2 4
3 0
4 9