1 0
2 0
3 0
4 0
5 0
6 0
7 0
8 0

1 2
2 1
3 6
4 1
5 5
6 1
7 6
8 3

1 2
2 3
3 7
4 9
5 1
6 3
7 5
8 1

1 5
2 9
3 4
4 4
5 6
6 9
7 6
8 0

1 4
2 6
3 4
4 0
5 0
6 6
7 6
8 7

1 7
2 9
3 3
4 3
5 7
6 1
7 6
8 6

1 6
2 5
3 5
4 3
5 1
6 5
7 8
8 7

1 2
2 1
3 6
4 1
5 5
6 1
7 6
8 3

1 2
2 3
3 7
4 9
5 1
6 3
7 5
8 1

1 5
2 9
3 4
4 4
5 6
6 9
7 6
8 0

1 4
2 6
3 4
4 0
5 0
6 6
7 6
8 7

1 7
2 9
3 3
4 3
5 7
6 1
7 6
8 6

1 6
2 5
3 5
4 3
5 1
6 5
7 8
8 7

1 2
2 1
3 6
4 1
5 5
6 1
7 6
8 3

1 2
2 3
3 7
4 9
5 1
6 3
7 5
8 1

1 5
2 9
3 4
4 4
5 6
6 9
7 6
8 0

1 4
2 6
3 4
4 0
5 0
6 6
7 6
8 7

1 7
2 9
3 3
4 3
5 7
6 1
7 6
8 6

1 6
2 5
3 5
4 3
5 1
6 5
7 8
8 7

1 2
2 1
3 6
4 1
5 5
6 1
7 6
8 3

1 2
2 3
3 7
4 9
5 1
6 3
7 5
8 1

1 5
2 9
3 4
4 4
5 6
6 9
7 6
8 0

1 4
2 6
3 4
4 0
5 0
6 6
7 6
8 7

1 7
2 9
3 3
4 3
5 7
6 1
7 6
8 6

1 6
2 5
3 5
4 3
5 1
6 5
7 8
8 7

1 2
2 1
3 6
4 1
5 5
6 1
7 6
8 3

1 2
2 3
3 7
4 9
5 1
6 3
7 5
8 1

1 5
2 9
3 4
4 4
5 6
6 9
7 6
8 0

1 4
2 6
3 4
4 0
5 0
6 6
7 6
8 7

1 7
2 9
3 3
4 3
5 7
6 1
7 6
8 6

1 6
2 5
3 5
4 3
5 1
6 5
7 8
8 7

1 2
2 1
3 6
4 1
5 5
6 1
7 6
8 3

1 2
2 3
3 7
4 9
5 1
6 3
7 5
8 1

1 5
2 9
3 4
4 4
5 6
6 9
7 6
8 0

1 4
2 6
3 4
4 0
5 0
6 6
7 6
8 7

1 7
2 9
3 3
4 3
5 7
6 1
7 6
8 6

1 6
2 5
3 5
4 3
5 1
6 5
7 8
8 7

1 2
2 1
3 6
4 1
5 5
6 1
7 6
8 3

1 2
2 3
3 7
4 9
5 1
6 3
7 5
8 1

1 5
2 9
3 4
4 4
5 6
6 9
7 6
8 0

1 4
2 6
3 4
4 0
5 0
6 6
7 6
8 7

1 7
2 9
3 3
4 3
5 7
6 1
7 6
8 6

1 6
2 5
3 5
4 3
5 1
6 5
7 8
8 7

1 2
2 1
3 6
4 1
5 5
6 1
7 6
8 3

1 2
2 3
3 7
4 9
5 1
6 3
7 5
8 1

1 5
2 9
3 4
4 4
5 6
6 9
7 6
8 0

1 4
2 6
3 4
4 0
5 0
6 6
7 6
8 7

1 7
2 9
3 3
4 3
5 7
6 1
7 6
8 6

1 6
2 5
3 5
4 3
5 1
6 5
7 8
8 7

1 2
2 1
3 6
4 1
5 5
6 1
7 6
8 3

1 2
2 3
3 7
4 9
5 1
6 3
7 5
8 1

1 5
2 9
3 4
4 4
5 6
6 9
7 6
8 0

1 4
2 6
3 4
4 0
5 0
6 6
7 6
8 7

1 7
2 9
3 3
4 3
5 7
6 1
7 6
8 6

1 6
2 5
3 5
4 3
5 1
6 5
7 8
8 7

1 2
2 1
3 6
4 1
5 5
6 1
7 6
8 3

1 2
2 3
3 7
4 9
5 1
6 3
7 5
8 1

1 5
2 9
3 4
4 4
5 6
6 9
7 6
8 0

1 4
2 6
3 4
4 0
5 0
6 6
7 6
8 7

1 7
2 9
3 3
4 3
5 7
6 1
7 6
8 6

1 6
2 5
3 5
4 3
5 1
6 5
7 8
8 7

1 2
2 1
3 6
4 1
5 5
6 1
7 6
8 3

1 2
2 3
3 7
4 9
5 1
6 3
7 5
8 1

1 5
2 9
3 4
4 4
5 6
6 9
7 6
8 0

1 4
2 6
3 4
4 0
5 0
6 6
7 6
8 7

1 7
2 9
3 3
4 3
5 7
6 1
7 6
8 6

1 6
2 5
3 5
4 3
5 1
6 5
7 8
8 7

1 2
2 1
3 6
4 1
5 5
6 1
7 6
8 3

1 2
2 3
3 7
4 9
5 1
6 3
7 5
8 1

1 5
2 9
3 4
4 4
5 6
6 9
7 6
8 0

1 4
2 6
3 4
4 0
5 0
6 6
7 6
8 7

1 7
2 9
3 3
4 3
5 7
6 1
7 6
8 6

1 6
2 5
3 5
4 3
5 1
6 5
7 8
8 7

1 2
2 1
3 6
4 1
5 5
6 1
7 6
8 3

1 2
2 3
3 7
4 9
5 1
6 3
7 5
8 1

1 5
2 9
3 4
4 4
5 6
6 9
7 6
8 0

1 4
2 6
3 4
4 0
5 0
6 6
7 6
8 7

1 7
2 9
3 3
4 3
5 7
6 1
7 6
8 6

1 6
2 5
3 5
4 3
5 1
6 5
7 8
8 7

1 2
2 1
3 6
4 1
5 5
6 1
7 6
8 3

1 2
2 3
3 7
4 9
5 1
6 3
7 5
8 1

1 5
2 9
3 4
4 4
5 6
6 9
7 6
8 0

1 4
2 6
3 4
4 0
5 0
6 6
7 6
8 7

1 7
2 9
3 3
4 3
5 7
6 1
7 6
8 6

1 6
2 5
3 5
4 3
5 1
6 5
7 8
8 7

1 2
2 1
3 6
4 1
5 5
6 1
7 6
8 3

1 2
2 3
3 7
4 9
5 1
6 3
7 5
8 1

1 5
2 9
3 4
4 4
5 6
6 9
7 6
8 0

1 4
2 6
3 4
4 0
5 0
6 6
7 6
8 7

1 7
2 9
3 3
4 3
5 7
6 1
7 6
8 6

1 6
2 5
3 5
4 3
5 1
6 5
7 8
8 7

1 2
2 1
3 6
4 1
5 5
6 1
7 6
8 3

1 2
2 3
3 7
4 9
5 1
6 3
7 5
8 1

1 5
2 9
3 4
4 4
5 6
6 9
7 6
8 0

1 4
2 6
3 4
4 0
5 0
6 6
7 6
8 7

1 7
2 9
3 3
4 3
5 7
6 1
7 6
8 6

1 6
2 5
3 5
4 3
5 1
6 5
7 8
8 7

1 2
2 1
3 6
4 1
5 5
6 1
7 6
8 3

1 2
2 3
3 7
4 9
5 1
6 3
7 5
8 1

1 5
2 9
3 4
4 4
5 6
6 9
7 6
8 0

1 4
2 6
3 4
4 0
5 0
6 6
7 6
8 7

1 7
2 9
3 3
4 3
5 7
6 1
7 6
8 6

1 6
2 5
3 5
4 3
5 1
6 5
7 8
8 7

1 2
2 1
3 6
4 1
5 5
6 1
7 6
8 3

1 2
2 3
3 7
4 9
5 1
6 3
7 5
8 1

1 5
2 9
3 4
4 4
5 6
6 9
7 6
8 0

1 4
2 6
3 4
4 0
5 0
6 6
7 6
8 7

1 7
2 9
3 3
4 3
5 7
6 1
7 6
8 6

1 6
2 5
3 5
4 3
5 1
6 5
7 8
8 7

1 2
2 1
3 6
4 1
5 5
6 1
7 6
8 3

1 2
2 3
3 7
4 9
5 1
6 3
7 5
8 1

1 5
2 9
3 4
4 4
5 6
6 9
7 6
8 0

1 4
2 6
3 4
4 0
5 0
6 6
7 6
8 7

1 7
2 9
3 3
4 3
5 7
6 1
7 6
8 6

1 6
2 5
3 5
4 3
5 1
6 5
7 8
8 7

1 2
2 1
3 6
4 1
5 5
6 1
7 6
8 3

1 2
2 3
3 7
4 9
5 1
6 3
7 5
8 1

1 5
2 9
3 4
4 4
5 6
6 9
7 6
8 0

1 4
2 6
3 4
4 0
5 0
6 6
7 6
8 7

1 7
2 9
3 3
4 3
5 7
6 1
7 6
8 6

1 6
2 5
3 5
4 3
5 1
6 5
7 8
8 7