1 0
2 0
3 0
4 0
5 0
6 0
7 0
8 0
9 0
10 0
11 0
12 0
13 0
14 0
15 0
16 0

1 17
2 16
3 17
4 18
5 10
6 20
7 12
8 16
9 19
10 12
11 16
12 10
13 15
14 19
15 15
16 16

1 20
2 13
3 14
4 14
5 15
6 17
7 11
8 19
9 17
10 17
11 10
12 19
13 15
14 15
15 17
16 12

1 17
2 16
3 17
4 18
5 10
6 20
7 12
8 16
9 19
10 12
11 16
12 10
13 15
14 19
15 15
16 16

1 20
2 13
3 14
4 14
5 15
6 17
7 11
8 19
9 17
10 17
11 10
12 19
13 15
14 15
15 17
16 12

1 17
2 16
3 17
4 18
5 10
6 20
7 12
8 16
9 19
10 12
11 16
12 10
13 15
14 19
15 15
16 16

1 20
2 13
3 14
4 14
5 15
6 17
7 11
8 19
9 17
10 17
11 10
12 19
13 15
14 15
15 17
16 12

1 17
2 16
3 17
4 18
5 10
6 20
7 12
8 16
9 19
10 12
11 16
12 10
13 15
14 19
15 15
16 16

1 20
2 13
3 14
4 14
5 15
6 17
7 11
8 19
9 17
10 17
11 10
12 19
13 15
14 15
15 17
16 12

1 17
2 16
3 17
4 18
5 10
6 20
7 12
8 16
9 19
10 12
11 16
12 10
13 15
14 19
15 15
16 16

1 20
2 13
3 14
4 14
5 15
6 17
7 11
8 19
9 17
10 17
11 10
12 19
13 15
14 15
15 17
16 12

1 17
2 16
3 17
4 18
5 10
6 20
7 12
8 16
9 19
10 12
11 16
12 10
13 15
14 19
15 15
16 16

1 20
2 13
3 14
4 14
5 15
6 17
7 11
8 19
9 17
10 17
11 10
12 19
13 15
14 15
15 17
16 12

1 17
2 16
3 17
4 18
5 10
6 20
7 12
8 16
9 19
10 12
11 16
12 10
13 15
14 19
15 15
16 16

1 20
2 13
3 14
4 14
5 15
6 17
7 11
8 19
9 17
10 17
11 10
12 19
13 15
14 15
15 17
16 12

1 17
2 16
3 17
4 18
5 10
6 20
7 12
8 16
9 19
10 12
11 16
12 10
13 15
14 19
15 15
16 16

1 20
2 13
3 14
4 14
5 15
6 17
7 11
8 19
9 17
10 17
11 10
12 19
13 15
14 15
15 17
16 12

1 17
2 16
3 17
4 18
5 10
6 20
7 12
8 16
9 19
10 12
11 16
12 10
13 15
14 19
15 15
16 16

1 20
2 13
3 14
4 14
5 15
6 17
7 11
8 19
9 17
10 17
11 10
12 19
13 15
14 15
15 17
16 12

1 17
2 16
3 17
4 18
5 10
6 20
7 12
8 16
9 19
10 12
11 16
12 10
13 15
14 19
15 15
16 16

1 20
2 13
3 14
4 14
5 15
6 17
7 11
8 19
9 17
10 17
11 10
12 19
13 15
14 15
15 17
16 12