1 0
2 0
3 0
4 0
5 0
6 0
7 0
8 0

1 1
2 8
3 0
4 8
5 0
6 1
7 2
8 7

1 0
2 8
3 1
4 1
5 2
6 4
7 5
8 9

1 1
2 8
3 0
4 8
5 0
6 1
7 2
8 7

1 0
2 8
3 1
4 1
5 2
6 4
7 5
8 9

1 1
2 8
3 0
4 8
5 0
6 1
7 2
8 7

1 0
2 8
3 1
4 1
5 2
6 4
7 5
8 9

1 1
2 8
3 0
4 8
5 0
6 1
7 2
8 7

1 0
2 8
3 1
4 1
5 2
6 4
7 5
8 9

1 1
2 8
3 0
4 8
5 0
6 1
7 2
8 7

1 0
2 8
3 1
4 1
5 2
6 4
7 5
8 9

1 1
2 8
3 0
4 8
5 0
6 1
7 2
8 7

1 0
2 8
3 1
4 1
5 2
6 4
7 5
8 9

1 1
2 8
3 0
4 8
5 0
6 1
7 2
8 7

1 0
2 8
3 1
4 1
5 2
6 4
7 5
8 9

1 1
2 8
3 0
4 8
5 0
6 1
7 2
8 7

1 0
2 8
3 1
4 1
5 2
6 4
7 5
8 9

1 1
2 8
3 0
4 8
5 0
6 1
7 2
8 7

1 0
2 8
3 1
4 1
5 2
6 4
7 5
8 9

1 1
2 8
3 0
4 8
5 0
6 1
7 2
8 7

1 0
2 8
3 1
4 1
5 2
6 4
7 5
8 9