1 0
2 0
3 0
4 0
5 0
6 0
7 0
8 0

1 13
2 19
3 13
4 20
5 14
6 12
7 20
8 12

1 18
2 15
3 11
4 13
5 16
6 17
7 20
8 15

1 13
2 19
3 13
4 20
5 14
6 12
7 20
8 12

1 18
2 15
3 11
4 13
5 16
6 17
7 20
8 15

1 13
2 19
3 13
4 20
5 14
6 12
7 20
8 12

1 18
2 15
3 11
4 13
5 16
6 17
7 20
8 15

1 13
2 19
3 13
4 20
5 14
6 12
7 20
8 12

1 18
2 15
3 11
4 13
5 16
6 17
7 20
8 15

1 13
2 19
3 13
4 20
5 14
6 12
7 20
8 12

1 18
2 15
3 11
4 13
5 16
6 17
7 20
8 15

1 13
2 19
3 13
4 20
5 14
6 12
7 20
8 12

1 18
2 15
3 11
4 13
5 16
6 17
7 20
8 15

1 13
2 19
3 13
4 20
5 14
6 12
7 20
8 12

1 18
2 15
3 11
4 13
5 16
6 17
7 20
8 15

1 13
2 19
3 13
4 20
5 14
6 12
7 20
8 12

1 18
2 15
3 11
4 13
5 16
6 17
7 20
8 15

1 13
2 19
3 13
4 20
5 14
6 12
7 20
8 12

1 18
2 15
3 11
4 13
5 16
6 17
7 20
8 15

1 13
2 19
3 13
4 20
5 14
6 12
7 20
8 12

1 18
2 15
3 11
4 13
5 16
6 17
7 20
8 15

1 13
2 19
3 13
4 20
5 14
6 12
7 20
8 12

1 18
2 15
3 11
4 13
5 16
6 17
7 20
8 15

1 13
2 19
3 13
4 20
5 14
6 12
7 20
8 12

1 18
2 15
3 11
4 13
5 16
6 17
7 20
8 15

1 13
2 19
3 13
4 20
5 14
6 12
7 20
8 12

1 18
2 15
3 11
4 13
5 16
6 17
7 20
8 15

1 13
2 19
3 13
4 20
5 14
6 12
7 20
8 12

1 18
2 15
3 11
4 13
5 16
6 17
7 20
8 15

1 13
2 19
3 13
4 20
5 14
6 12
7 20
8 12

1 18
2 15
3 11
4 13
5 16
6 17
7 20
8 15