1 0
2 0
3 0
4 0
5 0
6 0
7 0
8 0
9 0
10 0
11 0
12 0
13 0
14 0
15 0
16 0

1 18
2 13
3 19
4 12
5 16
6 20
7 11
8 13
9 20
10 11
11 20
12 20
13 20
14 11
15 10
16 16

1 12
2 12
3 20
4 18
5 17
6 12
7 20
8 19
9 13
10 11
11 12
12 19
13 17
14 14
15 11
16 14

1 18
2 13
3 19
4 12
5 16
6 20
7 11
8 13
9 20
10 11
11 20
12 20
13 20
14 11
15 10
16 16

1 12
2 12
3 20
4 18
5 17
6 12
7 20
8 19
9 13
10 11
11 12
12 19
13 17
14 14
15 11
16 14

1 18
2 13
3 19
4 12
5 16
6 20
7 11
8 13
9 20
10 11
11 20
12 20
13 20
14 11
15 10
16 16

1 12
2 12
3 20
4 18
5 17
6 12
7 20
8 19
9 13
10 11
11 12
12 19
13 17
14 14
15 11
16 14

1 18
2 13
3 19
4 12
5 16
6 20
7 11
8 13
9 20
10 11
11 20
12 20
13 20
14 11
15 10
16 16

1 12
2 12
3 20
4 18
5 17
6 12
7 20
8 19
9 13
10 11
11 12
12 19
13 17
14 14
15 11
16 14

1 18
2 13
3 19
4 12
5 16
6 20
7 11
8 13
9 20
10 11
11 20
12 20
13 20
14 11
15 10
16 16

1 12
2 12
3 20
4 18
5 17
6 12
7 20
8 19
9 13
10 11
11 12
12 19
13 17
14 14
15 11
16 14

1 18
2 13
3 19
4 12
5 16
6 20
7 11
8 13
9 20
10 11
11 20
12 20
13 20
14 11
15 10
16 16

1 12
2 12
3 20
4 18
5 17
6 12
7 20
8 19
9 13
10 11
11 12
12 19
13 17
14 14
15 11
16 14

1 18
2 13
3 19
4 12
5 16
6 20
7 11
8 13
9 20
10 11
11 20
12 20
13 20
14 11
15 10
16 16

1 12
2 12
3 20
4 18
5 17
6 12
7 20
8 19
9 13
10 11
11 12
12 19
13 17
14 14
15 11
16 14

1 18
2 13
3 19
4 12
5 16
6 20
7 11
8 13
9 20
10 11
11 20
12 20
13 20
14 11
15 10
16 16

1 12
2 12
3 20
4 18
5 17
6 12
7 20
8 19
9 13
10 11
11 12
12 19
13 17
14 14
15 11
16 14

1 18
2 13
3 19
4 12
5 16
6 20
7 11
8 13
9 20
10 11
11 20
12 20
13 20
14 11
15 10
16 16

1 12
2 12
3 20
4 18
5 17
6 12
7 20
8 19
9 13
10 11
11 12
12 19
13 17
14 14
15 11
16 14

1 18
2 13
3 19
4 12
5 16
6 20
7 11
8 13
9 20
10 11
11 20
12 20
13 20
14 11
15 10
16 16

1 12
2 12
3 20
4 18
5 17
6 12
7 20
8 19
9 13
10 11
11 12
12 19
13 17
14 14
15 11
16 14