1 0
2 0
3 0
4 0
5 0
6 0
7 0
8 0

1 1
2 8
3 9
4 9
5 2
6 5
7 9
8 8

1 7
2 5
3 8
4 3
5 6
6 3
7 8
8 0

1 4
2 9
3 9
4 3
5 6
6 5
7 6
8 7

1 7
2 2
3 3
4 4
5 8
6 4
7 0
8 1

1 9
2 5
3 7
4 8
5 8
6 9
7 5
8 8

1 7
2 7
3 5
4 6
5 4
6 5
7 8
8 9

1 1
2 8
3 9
4 9
5 2
6 5
7 9
8 8

1 7
2 5
3 8
4 3
5 6
6 3
7 8
8 0

1 4
2 9
3 9
4 3
5 6
6 5
7 6
8 7

1 7
2 2
3 3
4 4
5 8
6 4
7 0
8 1

1 9
2 5
3 7
4 8
5 8
6 9
7 5
8 8

1 7
2 7
3 5
4 6
5 4
6 5
7 8
8 9

1 1
2 8
3 9
4 9
5 2
6 5
7 9
8 8

1 7
2 5
3 8
4 3
5 6
6 3
7 8
8 0

1 4
2 9
3 9
4 3
5 6
6 5
7 6
8 7

1 7
2 2
3 3
4 4
5 8
6 4
7 0
8 1

1 9
2 5
3 7
4 8
5 8
6 9
7 5
8 8

1 7
2 7
3 5
4 6
5 4
6 5
7 8
8 9

1 1
2 8
3 9
4 9
5 2
6 5
7 9
8 8

1 7
2 5
3 8
4 3
5 6
6 3
7 8
8 0

1 4
2 9
3 9
4 3
5 6
6 5
7 6
8 7

1 7
2 2
3 3
4 4
5 8
6 4
7 0
8 1

1 9
2 5
3 7
4 8
5 8
6 9
7 5
8 8

1 7
2 7
3 5
4 6
5 4
6 5
7 8
8 9

1 1
2 8
3 9
4 9
5 2
6 5
7 9
8 8

1 7
2 5
3 8
4 3
5 6
6 3
7 8
8 0

1 4
2 9
3 9
4 3
5 6
6 5
7 6
8 7

1 7
2 2
3 3
4 4
5 8
6 4
7 0
8 1

1 9
2 5
3 7
4 8
5 8
6 9
7 5
8 8

1 7
2 7
3 5
4 6
5 4
6 5
7 8
8 9

1 1
2 8
3 9
4 9
5 2
6 5
7 9
8 8

1 7
2 5
3 8
4 3
5 6
6 3
7 8
8 0

1 4
2 9
3 9
4 3
5 6
6 5
7 6
8 7

1 7
2 2
3 3
4 4
5 8
6 4
7 0
8 1

1 9
2 5
3 7
4 8
5 8
6 9
7 5
8 8

1 7
2 7
3 5
4 6
5 4
6 5
7 8
8 9

1 1
2 8
3 9
4 9
5 2
6 5
7 9
8 8

1 7
2 5
3 8
4 3
5 6
6 3
7 8
8 0

1 4
2 9
3 9
4 3
5 6
6 5
7 6
8 7

1 7
2 2
3 3
4 4
5 8
6 4
7 0
8 1

1 9
2 5
3 7
4 8
5 8
6 9
7 5
8 8

1 7
2 7
3 5
4 6
5 4
6 5
7 8
8 9

1 1
2 8
3 9
4 9
5 2
6 5
7 9
8 8

1 7
2 5
3 8
4 3
5 6
6 3
7 8
8 0

1 4
2 9
3 9
4 3
5 6
6 5
7 6
8 7

1 7
2 2
3 3
4 4
5 8
6 4
7 0
8 1

1 9
2 5
3 7
4 8
5 8
6 9
7 5
8 8

1 7
2 7
3 5
4 6
5 4
6 5
7 8
8 9

1 1
2 8
3 9
4 9
5 2
6 5
7 9
8 8

1 7
2 5
3 8
4 3
5 6
6 3
7 8
8 0

1 4
2 9
3 9
4 3
5 6
6 5
7 6
8 7

1 7
2 2
3 3
4 4
5 8
6 4
7 0
8 1

1 9
2 5
3 7
4 8
5 8
6 9
7 5
8 8

1 7
2 7
3 5
4 6
5 4
6 5
7 8
8 9

1 1
2 8
3 9
4 9
5 2
6 5
7 9
8 8

1 7
2 5
3 8
4 3
5 6
6 3
7 8
8 0

1 4
2 9
3 9
4 3
5 6
6 5
7 6
8 7

1 7
2 2
3 3
4 4
5 8
6 4
7 0
8 1

1 9
2 5
3 7
4 8
5 8
6 9
7 5
8 8

1 7
2 7
3 5
4 6
5 4
6 5
7 8
8 9

1 1
2 8
3 9
4 9
5 2
6 5
7 9
8 8

1 7
2 5
3 8
4 3
5 6
6 3
7 8
8 0

1 4
2 9
3 9
4 3
5 6
6 5
7 6
8 7

1 7
2 2
3 3
4 4
5 8
6 4
7 0
8 1

1 9
2 5
3 7
4 8
5 8
6 9
7 5
8 8

1 7
2 7
3 5
4 6
5 4
6 5
7 8
8 9

1 1
2 8
3 9
4 9
5 2
6 5
7 9
8 8

1 7
2 5
3 8
4 3
5 6
6 3
7 8
8 0

1 4
2 9
3 9
4 3
5 6
6 5
7 6
8 7

1 7
2 2
3 3
4 4
5 8
6 4
7 0
8 1

1 9
2 5
3 7
4 8
5 8
6 9
7 5
8 8

1 7
2 7
3 5
4 6
5 4
6 5
7 8
8 9

1 1
2 8
3 9
4 9
5 2
6 5
7 9
8 8

1 7
2 5
3 8
4 3
5 6
6 3
7 8
8 0

1 4
2 9
3 9
4 3
5 6
6 5
7 6
8 7

1 7
2 2
3 3
4 4
5 8
6 4
7 0
8 1

1 9
2 5
3 7
4 8
5 8
6 9
7 5
8 8

1 7
2 7
3 5
4 6
5 4
6 5
7 8
8 9

1 1
2 8
3 9
4 9
5 2
6 5
7 9
8 8

1 7
2 5
3 8
4 3
5 6
6 3
7 8
8 0

1 4
2 9
3 9
4 3
5 6
6 5
7 6
8 7

1 7
2 2
3 3
4 4
5 8
6 4
7 0
8 1

1 9
2 5
3 7
4 8
5 8
6 9
7 5
8 8

1 7
2 7
3 5
4 6
5 4
6 5
7 8
8 9

1 1
2 8
3 9
4 9
5 2
6 5
7 9
8 8

1 7
2 5
3 8
4 3
5 6
6 3
7 8
8 0

1 4
2 9
3 9
4 3
5 6
6 5
7 6
8 7

1 7
2 2
3 3
4 4
5 8
6 4
7 0
8 1

1 9
2 5
3 7
4 8
5 8
6 9
7 5
8 8

1 7
2 7
3 5
4 6
5 4
6 5
7 8
8 9

1 1
2 8
3 9
4 9
5 2
6 5
7 9
8 8

1 7
2 5
3 8
4 3
5 6
6 3
7 8
8 0

1 4
2 9
3 9
4 3
5 6
6 5
7 6
8 7

1 7
2 2
3 3
4 4
5 8
6 4
7 0
8 1

1 9
2 5
3 7
4 8
5 8
6 9
7 5
8 8

1 7
2 7
3 5
4 6
5 4
6 5
7 8
8 9

1 1
2 8
3 9
4 9
5 2
6 5
7 9
8 8

1 7
2 5
3 8
4 3
5 6
6 3
7 8
8 0

1 4
2 9
3 9
4 3
5 6
6 5
7 6
8 7

1 7
2 2
3 3
4 4
5 8
6 4
7 0
8 1

1 9
2 5
3 7
4 8
5 8
6 9
7 5
8 8

1 7
2 7
3 5
4 6
5 4
6 5
7 8
8 9

1 1
2 8
3 9
4 9
5 2
6 5
7 9
8 8

1 7
2 5
3 8
4 3
5 6
6 3
7 8
8 0

1 4
2 9
3 9
4 3
5 6
6 5
7 6
8 7

1 7
2 2
3 3
4 4
5 8
6 4
7 0
8 1

1 9
2 5
3 7
4 8
5 8
6 9
7 5
8 8

1 7
2 7
3 5
4 6
5 4
6 5
7 8
8 9

1 1
2 8
3 9
4 9
5 2
6 5
7 9
8 8

1 7
2 5
3 8
4 3
5 6
6 3
7 8
8 0

1 4
2 9
3 9
4 3
5 6
6 5
7 6
8 7

1 7
2 2
3 3
4 4
5 8
6 4
7 0
8 1

1 9
2 5
3 7
4 8
5 8
6 9
7 5
8 8

1 7
2 7
3 5
4 6
5 4
6 5
7 8
8 9

1 1
2 8
3 9
4 9
5 2
6 5
7 9
8 8

1 7
2 5
3 8
4 3
5 6
6 3
7 8
8 0

1 4
2 9
3 9
4 3
5 6
6 5
7 6
8 7

1 7
2 2
3 3
4 4
5 8
6 4
7 0
8 1

1 9
2 5
3 7
4 8
5 8
6 9
7 5
8 8

1 7
2 7
3 5
4 6
5 4
6 5
7 8
8 9