1 0
2 0
3 0
4 0

1 10
2 15
3 12
4 14

1 10
2 15
3 18
4 18

1 10
2 15
3 12
4 14

1 10
2 15
3 18
4 18

1 10
2 15
3 12
4 14

1 10
2 15
3 18
4 18

1 10
2 15
3 12
4 14

1 10
2 15
3 18
4 18

1 10
2 15
3 12
4 14

1 10
2 15
3 18
4 18

1 10
2 15
3 12
4 14

1 10
2 15
3 18
4 18

1 10
2 15
3 12
4 14

1 10
2 15
3 18
4 18

1 10
2 15
3 12
4 14

1 10
2 15
3 18
4 18

1 10
2 15
3 12
4 14

1 10
2 15
3 18
4 18

1 10
2 15
3 12
4 14

1 10
2 15
3 18
4 18

1 10
2 15
3 12
4 14

1 10
2 15
3 18
4 18

1 10
2 15
3 12
4 14

1 10
2 15
3 18
4 18

1 10
2 15
3 12
4 14

1 10
2 15
3 18
4 18

1 10
2 15
3 12
4 14

1 10
2 15
3 18
4 18

1 10
2 15
3 12
4 14

1 10
2 15
3 18
4 18

1 10
2 15
3 12
4 14

1 10
2 15
3 18
4 18

1 10
2 15
3 12
4 14

1 10
2 15
3 18
4 18

1 10
2 15
3 12
4 14

1 10
2 15
3 18
4 18

1 10
2 15
3 12
4 14

1 10
2 15
3 18
4 18

1 10
2 15
3 12
4 14

1 10
2 15
3 18
4 18