1 0
2 0
3 0
4 0
5 0
6 0
7 0
8 0

1 6
2 5
3 0
4 4
5 0
6 2
7 9
8 1

1 0
2 8
3 8
4 4
5 8
6 9
7 3
8 0

1 7
2 1
3 2
4 6
5 5
6 5
7 9
8 7

1 8
2 7
3 5
4 1
5 8
6 4
7 1
8 9

1 4
2 6
3 6
4 3
5 1
6 0
7 8
8 5

1 7
2 4
3 8
4 1
5 4
6 4
7 2
8 1

1 6
2 5
3 0
4 4
5 0
6 2
7 9
8 1

1 0
2 8
3 8
4 4
5 8
6 9
7 3
8 0

1 7
2 1
3 2
4 6
5 5
6 5
7 9
8 7

1 8
2 7
3 5
4 1
5 8
6 4
7 1
8 9

1 4
2 6
3 6
4 3
5 1
6 0
7 8
8 5

1 7
2 4
3 8
4 1
5 4
6 4
7 2
8 1

1 6
2 5
3 0
4 4
5 0
6 2
7 9
8 1

1 0
2 8
3 8
4 4
5 8
6 9
7 3
8 0

1 7
2 1
3 2
4 6
5 5
6 5
7 9
8 7

1 8
2 7
3 5
4 1
5 8
6 4
7 1
8 9

1 4
2 6
3 6
4 3
5 1
6 0
7 8
8 5

1 7
2 4
3 8
4 1
5 4
6 4
7 2
8 1

1 6
2 5
3 0
4 4
5 0
6 2
7 9
8 1

1 0
2 8
3 8
4 4
5 8
6 9
7 3
8 0

1 7
2 1
3 2
4 6
5 5
6 5
7 9
8 7

1 8
2 7
3 5
4 1
5 8
6 4
7 1
8 9

1 4
2 6
3 6
4 3
5 1
6 0
7 8
8 5

1 7
2 4
3 8
4 1
5 4
6 4
7 2
8 1

1 6
2 5
3 0
4 4
5 0
6 2
7 9
8 1

1 0
2 8
3 8
4 4
5 8
6 9
7 3
8 0

1 7
2 1
3 2
4 6
5 5
6 5
7 9
8 7

1 8
2 7
3 5
4 1
5 8
6 4
7 1
8 9

1 4
2 6
3 6
4 3
5 1
6 0
7 8
8 5

1 7
2 4
3 8
4 1
5 4
6 4
7 2
8 1

1 6
2 5
3 0
4 4
5 0
6 2
7 9
8 1

1 0
2 8
3 8
4 4
5 8
6 9
7 3
8 0

1 7
2 1
3 2
4 6
5 5
6 5
7 9
8 7

1 8
2 7
3 5
4 1
5 8
6 4
7 1
8 9

1 4
2 6
3 6
4 3
5 1
6 0
7 8
8 5

1 7
2 4
3 8
4 1
5 4
6 4
7 2
8 1

1 6
2 5
3 0
4 4
5 0
6 2
7 9
8 1

1 0
2 8
3 8
4 4
5 8
6 9
7 3
8 0

1 7
2 1
3 2
4 6
5 5
6 5
7 9
8 7

1 8
2 7
3 5
4 1
5 8
6 4
7 1
8 9

1 4
2 6
3 6
4 3
5 1
6 0
7 8
8 5

1 7
2 4
3 8
4 1
5 4
6 4
7 2
8 1

1 6
2 5
3 0
4 4
5 0
6 2
7 9
8 1

1 0
2 8
3 8
4 4
5 8
6 9
7 3
8 0

1 7
2 1
3 2
4 6
5 5
6 5
7 9
8 7

1 8
2 7
3 5
4 1
5 8
6 4
7 1
8 9

1 4
2 6
3 6
4 3
5 1
6 0
7 8
8 5

1 7
2 4
3 8
4 1
5 4
6 4
7 2
8 1

1 6
2 5
3 0
4 4
5 0
6 2
7 9
8 1

1 0
2 8
3 8
4 4
5 8
6 9
7 3
8 0

1 7
2 1
3 2
4 6
5 5
6 5
7 9
8 7

1 8
2 7
3 5
4 1
5 8
6 4
7 1
8 9

1 4
2 6
3 6
4 3
5 1
6 0
7 8
8 5

1 7
2 4
3 8
4 1
5 4
6 4
7 2
8 1

1 6
2 5
3 0
4 4
5 0
6 2
7 9
8 1

1 0
2 8
3 8
4 4
5 8
6 9
7 3
8 0

1 7
2 1
3 2
4 6
5 5
6 5
7 9
8 7

1 8
2 7
3 5
4 1
5 8
6 4
7 1
8 9

1 4
2 6
3 6
4 3
5 1
6 0
7 8
8 5

1 7
2 4
3 8
4 1
5 4
6 4
7 2
8 1

1 6
2 5
3 0
4 4
5 0
6 2
7 9
8 1

1 0
2 8
3 8
4 4
5 8
6 9
7 3
8 0

1 7
2 1
3 2
4 6
5 5
6 5
7 9
8 7

1 8
2 7
3 5
4 1
5 8
6 4
7 1
8 9

1 4
2 6
3 6
4 3
5 1
6 0
7 8
8 5

1 7
2 4
3 8
4 1
5 4
6 4
7 2
8 1

1 6
2 5
3 0
4 4
5 0
6 2
7 9
8 1

1 0
2 8
3 8
4 4
5 8
6 9
7 3
8 0

1 7
2 1
3 2
4 6
5 5
6 5
7 9
8 7

1 8
2 7
3 5
4 1
5 8
6 4
7 1
8 9

1 4
2 6
3 6
4 3
5 1
6 0
7 8
8 5

1 7
2 4
3 8
4 1
5 4
6 4
7 2
8 1

1 6
2 5
3 0
4 4
5 0
6 2
7 9
8 1

1 0
2 8
3 8
4 4
5 8
6 9
7 3
8 0

1 7
2 1
3 2
4 6
5 5
6 5
7 9
8 7

1 8
2 7
3 5
4 1
5 8
6 4
7 1
8 9

1 4
2 6
3 6
4 3
5 1
6 0
7 8
8 5

1 7
2 4
3 8
4 1
5 4
6 4
7 2
8 1

1 6
2 5
3 0
4 4
5 0
6 2
7 9
8 1

1 0
2 8
3 8
4 4
5 8
6 9
7 3
8 0

1 7
2 1
3 2
4 6
5 5
6 5
7 9
8 7

1 8
2 7
3 5
4 1
5 8
6 4
7 1
8 9

1 4
2 6
3 6
4 3
5 1
6 0
7 8
8 5

1 7
2 4
3 8
4 1
5 4
6 4
7 2
8 1

1 6
2 5
3 0
4 4
5 0
6 2
7 9
8 1

1 0
2 8
3 8
4 4
5 8
6 9
7 3
8 0

1 7
2 1
3 2
4 6
5 5
6 5
7 9
8 7

1 8
2 7
3 5
4 1
5 8
6 4
7 1
8 9

1 4
2 6
3 6
4 3
5 1
6 0
7 8
8 5

1 7
2 4
3 8
4 1
5 4
6 4
7 2
8 1