1 0
2 0
3 0
4 0
5 0
6 0
7 0
8 0

1 18
2 10
3 14
4 20
5 10
6 18
7 20
8 11

1 17
2 17
3 17
4 20
5 17
6 18
7 13
8 15

1 18
2 10
3 14
4 20
5 10
6 18
7 20
8 11

1 17
2 17
3 17
4 20
5 17
6 18
7 13
8 15

1 18
2 10
3 14
4 20
5 10
6 18
7 20
8 11

1 17
2 17
3 17
4 20
5 17
6 18
7 13
8 15

1 18
2 10
3 14
4 20
5 10
6 18
7 20
8 11

1 17
2 17
3 17
4 20
5 17
6 18
7 13
8 15

1 18
2 10
3 14
4 20
5 10
6 18
7 20
8 11

1 17
2 17
3 17
4 20
5 17
6 18
7 13
8 15

1 18
2 10
3 14
4 20
5 10
6 18
7 20
8 11

1 17
2 17
3 17
4 20
5 17
6 18
7 13
8 15

1 18
2 10
3 14
4 20
5 10
6 18
7 20
8 11

1 17
2 17
3 17
4 20
5 17
6 18
7 13
8 15

1 18
2 10
3 14
4 20
5 10
6 18
7 20
8 11

1 17
2 17
3 17
4 20
5 17
6 18
7 13
8 15

1 18
2 10
3 14
4 20
5 10
6 18
7 20
8 11

1 17
2 17
3 17
4 20
5 17
6 18
7 13
8 15

1 18
2 10
3 14
4 20
5 10
6 18
7 20
8 11

1 17
2 17
3 17
4 20
5 17
6 18
7 13
8 15

1 18
2 10
3 14
4 20
5 10
6 18
7 20
8 11

1 17
2 17
3 17
4 20
5 17
6 18
7 13
8 15

1 18
2 10
3 14
4 20
5 10
6 18
7 20
8 11

1 17
2 17
3 17
4 20
5 17
6 18
7 13
8 15

1 18
2 10
3 14
4 20
5 10
6 18
7 20
8 11

1 17
2 17
3 17
4 20
5 17
6 18
7 13
8 15

1 18
2 10
3 14
4 20
5 10
6 18
7 20
8 11

1 17
2 17
3 17
4 20
5 17
6 18
7 13
8 15

1 18
2 10
3 14
4 20
5 10
6 18
7 20
8 11

1 17
2 17
3 17
4 20
5 17
6 18
7 13
8 15