1 0
2 0
3 0
4 0
5 0
6 0
7 0
8 0

1 8
2 1
3 5
4 4
5 2
6 5
7 8
8 7

1 3
2 5
3 5
4 8
5 9
6 9
7 8
8 3

1 5
2 5
3 3
4 8
5 3
6 2
7 7
8 5

1 2
2 0
3 1
4 2
5 4
6 1
7 0
8 5

1 8
2 1
3 5
4 4
5 2
6 5
7 8
8 7

1 3
2 5
3 5
4 8
5 9
6 9
7 8
8 3

1 5
2 5
3 3
4 8
5 3
6 2
7 7
8 5

1 2
2 0
3 1
4 2
5 4
6 1
7 0
8 5

1 8
2 1
3 5
4 4
5 2
6 5
7 8
8 7

1 3
2 5
3 5
4 8
5 9
6 9
7 8
8 3

1 5
2 5
3 3
4 8
5 3
6 2
7 7
8 5

1 2
2 0
3 1
4 2
5 4
6 1
7 0
8 5

1 8
2 1
3 5
4 4
5 2
6 5
7 8
8 7

1 3
2 5
3 5
4 8
5 9
6 9
7 8
8 3

1 5
2 5
3 3
4 8
5 3
6 2
7 7
8 5

1 2
2 0
3 1
4 2
5 4
6 1
7 0
8 5

1 8
2 1
3 5
4 4
5 2
6 5
7 8
8 7

1 3
2 5
3 5
4 8
5 9
6 9
7 8
8 3

1 5
2 5
3 3
4 8
5 3
6 2
7 7
8 5

1 2
2 0
3 1
4 2
5 4
6 1
7 0
8 5

1 8
2 1
3 5
4 4
5 2
6 5
7 8
8 7

1 3
2 5
3 5
4 8
5 9
6 9
7 8
8 3

1 5
2 5
3 3
4 8
5 3
6 2
7 7
8 5

1 2
2 0
3 1
4 2
5 4
6 1
7 0
8 5

1 8
2 1
3 5
4 4
5 2
6 5
7 8
8 7

1 3
2 5
3 5
4 8
5 9
6 9
7 8
8 3

1 5
2 5
3 3
4 8
5 3
6 2
7 7
8 5

1 2
2 0
3 1
4 2
5 4
6 1
7 0
8 5

1 8
2 1
3 5
4 4
5 2
6 5
7 8
8 7

1 3
2 5
3 5
4 8
5 9
6 9
7 8
8 3

1 5
2 5
3 3
4 8
5 3
6 2
7 7
8 5

1 2
2 0
3 1
4 2
5 4
6 1
7 0
8 5

1 8
2 1
3 5
4 4
5 2
6 5
7 8
8 7

1 3
2 5
3 5
4 8
5 9
6 9
7 8
8 3

1 5
2 5
3 3
4 8
5 3
6 2
7 7
8 5

1 2
2 0
3 1
4 2
5 4
6 1
7 0
8 5

1 8
2 1
3 5
4 4
5 2
6 5
7 8
8 7

1 3
2 5
3 5
4 8
5 9
6 9
7 8
8 3

1 5
2 5
3 3
4 8
5 3
6 2
7 7
8 5

1 2
2 0
3 1
4 2
5 4
6 1
7 0
8 5