1 0
2 0
3 0
4 0
5 0
6 0
7 0
8 0

1 3
2 1
3 6
4 1
5 9
6 1
7 2
8 1

1 3
2 5
3 4
4 9
5 2
6 5
7 2
8 0

1 3
2 1
3 6
4 1
5 9
6 1
7 2
8 1

1 3
2 5
3 4
4 9
5 2
6 5
7 2
8 0

1 3
2 1
3 6
4 1
5 9
6 1
7 2
8 1

1 3
2 5
3 4
4 9
5 2
6 5
7 2
8 0

1 3
2 1
3 6
4 1
5 9
6 1
7 2
8 1

1 3
2 5
3 4
4 9
5 2
6 5
7 2
8 0

1 3
2 1
3 6
4 1
5 9
6 1
7 2
8 1

1 3
2 5
3 4
4 9
5 2
6 5
7 2
8 0

1 3
2 1
3 6
4 1
5 9
6 1
7 2
8 1

1 3
2 5
3 4
4 9
5 2
6 5
7 2
8 0

1 3
2 1
3 6
4 1
5 9
6 1
7 2
8 1

1 3
2 5
3 4
4 9
5 2
6 5
7 2
8 0

1 3
2 1
3 6
4 1
5 9
6 1
7 2
8 1

1 3
2 5
3 4
4 9
5 2
6 5
7 2
8 0

1 3
2 1
3 6
4 1
5 9
6 1
7 2
8 1

1 3
2 5
3 4
4 9
5 2
6 5
7 2
8 0

1 3
2 1
3 6
4 1
5 9
6 1
7 2
8 1

1 3
2 5
3 4
4 9
5 2
6 5
7 2
8 0

1 3
2 1
3 6
4 1
5 9
6 1
7 2
8 1

1 3
2 5
3 4
4 9
5 2
6 5
7 2
8 0

1 3
2 1
3 6
4 1
5 9
6 1
7 2
8 1

1 3
2 5
3 4
4 9
5 2
6 5
7 2
8 0

1 3
2 1
3 6
4 1
5 9
6 1
7 2
8 1

1 3
2 5
3 4
4 9
5 2
6 5
7 2
8 0

1 3
2 1
3 6
4 1
5 9
6 1
7 2
8 1

1 3
2 5
3 4
4 9
5 2
6 5
7 2
8 0

1 3
2 1
3 6
4 1
5 9
6 1
7 2
8 1

1 3
2 5
3 4
4 9
5 2
6 5
7 2
8 0

1 3
2 1
3 6
4 1
5 9
6 1
7 2
8 1

1 3
2 5
3 4
4 9
5 2
6 5
7 2
8 0

1 3
2 1
3 6
4 1
5 9
6 1
7 2
8 1

1 3
2 5
3 4
4 9
5 2
6 5
7 2
8 0

1 3
2 1
3 6
4 1
5 9
6 1
7 2
8 1

1 3
2 5
3 4
4 9
5 2
6 5
7 2
8 0

1 3
2 1
3 6
4 1
5 9
6 1
7 2
8 1

1 3
2 5
3 4
4 9
5 2
6 5
7 2
8 0

1 3
2 1
3 6
4 1
5 9
6 1
7 2
8 1

1 3
2 5
3 4
4 9
5 2
6 5
7 2
8 0