1 0
2 0
3 0
4 0
5 0
6 0
7 0
8 0
9 0
10 0
11 0
12 0
13 0
14 0
15 0
16 0

1 12
2 13
3 18
4 11
5 13
6 16
7 10
8 20
9 11
10 15
11 20
12 14
13 19
14 18
15 18
16 10

1 13
2 16
3 18
4 10
5 12
6 15
7 17
8 16
9 14
10 19
11 18
12 18
13 13
14 10
15 16
16 15

1 11
2 18
3 18
4 12
5 17
6 14
7 13
8 12
9 13
10 15
11 11
12 16
13 10
14 10
15 10
16 18

1 15
2 10
3 17
4 20
5 13
6 13
7 13
8 19
9 18
10 18
11 11
12 18
13 15
14 14
15 15
16 15

1 20
2 14
3 16
4 20
5 14
6 10
7 20
8 19
9 18
10 18
11 18
12 11
13 10
14 11
15 17
16 15

1 18
2 14
3 16
4 16
5 10
6 20
7 12
8 14
9 13
10 14
11 11
12 15
13 16
14 16
15 15
16 11

1 12
2 13
3 18
4 11
5 13
6 16
7 10
8 20
9 11
10 15
11 20
12 14
13 19
14 18
15 18
16 10

1 13
2 16
3 18
4 10
5 12
6 15
7 17
8 16
9 14
10 19
11 18
12 18
13 13
14 10
15 16
16 15

1 11
2 18
3 18
4 12
5 17
6 14
7 13
8 12
9 13
10 15
11 11
12 16
13 10
14 10
15 10
16 18

1 15
2 10
3 17
4 20
5 13
6 13
7 13
8 19
9 18
10 18
11 11
12 18
13 15
14 14
15 15
16 15

1 20
2 14
3 16
4 20
5 14
6 10
7 20
8 19
9 18
10 18
11 18
12 11
13 10
14 11
15 17
16 15

1 18
2 14
3 16
4 16
5 10
6 20
7 12
8 14
9 13
10 14
11 11
12 15
13 16
14 16
15 15
16 11

1 12
2 13
3 18
4 11
5 13
6 16
7 10
8 20
9 11
10 15
11 20
12 14
13 19
14 18
15 18
16 10

1 13
2 16
3 18
4 10
5 12
6 15
7 17
8 16
9 14
10 19
11 18
12 18
13 13
14 10
15 16
16 15

1 11
2 18
3 18
4 12
5 17
6 14
7 13
8 12
9 13
10 15
11 11
12 16
13 10
14 10
15 10
16 18

1 15
2 10
3 17
4 20
5 13
6 13
7 13
8 19
9 18
10 18
11 11
12 18
13 15
14 14
15 15
16 15

1 20
2 14
3 16
4 20
5 14
6 10
7 20
8 19
9 18
10 18
11 18
12 11
13 10
14 11
15 17
16 15

1 18
2 14
3 16
4 16
5 10
6 20
7 12
8 14
9 13
10 14
11 11
12 15
13 16
14 16
15 15
16 11

1 12
2 13
3 18
4 11
5 13
6 16
7 10
8 20
9 11
10 15
11 20
12 14
13 19
14 18
15 18
16 10

1 13
2 16
3 18
4 10
5 12
6 15
7 17
8 16
9 14
10 19
11 18
12 18
13 13
14 10
15 16
16 15

1 11
2 18
3 18
4 12
5 17
6 14
7 13
8 12
9 13
10 15
11 11
12 16
13 10
14 10
15 10
16 18

1 15
2 10
3 17
4 20
5 13
6 13
7 13
8 19
9 18
10 18
11 11
12 18
13 15
14 14
15 15
16 15

1 20
2 14
3 16
4 20
5 14
6 10
7 20
8 19
9 18
10 18
11 18
12 11
13 10
14 11
15 17
16 15

1 18
2 14
3 16
4 16
5 10
6 20
7 12
8 14
9 13
10 14
11 11
12 15
13 16
14 16
15 15
16 11

1 12
2 13
3 18
4 11
5 13
6 16
7 10
8 20
9 11
10 15
11 20
12 14
13 19
14 18
15 18
16 10

1 13
2 16
3 18
4 10
5 12
6 15
7 17
8 16
9 14
10 19
11 18
12 18
13 13
14 10
15 16
16 15

1 11
2 18
3 18
4 12
5 17
6 14
7 13
8 12
9 13
10 15
11 11
12 16
13 10
14 10
15 10
16 18

1 15
2 10
3 17
4 20
5 13
6 13
7 13
8 19
9 18
10 18
11 11
12 18
13 15
14 14
15 15
16 15

1 20
2 14
3 16
4 20
5 14
6 10
7 20
8 19
9 18
10 18
11 18
12 11
13 10
14 11
15 17
16 15

1 18
2 14
3 16
4 16
5 10
6 20
7 12
8 14
9 13
10 14
11 11
12 15
13 16
14 16
15 15
16 11

1 12
2 13
3 18
4 11
5 13
6 16
7 10
8 20
9 11
10 15
11 20
12 14
13 19
14 18
15 18
16 10

1 13
2 16
3 18
4 10
5 12
6 15
7 17
8 16
9 14
10 19
11 18
12 18
13 13
14 10
15 16
16 15

1 11
2 18
3 18
4 12
5 17
6 14
7 13
8 12
9 13
10 15
11 11
12 16
13 10
14 10
15 10
16 18

1 15
2 10
3 17
4 20
5 13
6 13
7 13
8 19
9 18
10 18
11 11
12 18
13 15
14 14
15 15
16 15

1 20
2 14
3 16
4 20
5 14
6 10
7 20
8 19
9 18
10 18
11 18
12 11
13 10
14 11
15 17
16 15

1 18
2 14
3 16
4 16
5 10
6 20
7 12
8 14
9 13
10 14
11 11
12 15
13 16
14 16
15 15
16 11

1 12
2 13
3 18
4 11
5 13
6 16
7 10
8 20
9 11
10 15
11 20
12 14
13 19
14 18
15 18
16 10

1 13
2 16
3 18
4 10
5 12
6 15
7 17
8 16
9 14
10 19
11 18
12 18
13 13
14 10
15 16
16 15

1 11
2 18
3 18
4 12
5 17
6 14
7 13
8 12
9 13
10 15
11 11
12 16
13 10
14 10
15 10
16 18

1 15
2 10
3 17
4 20
5 13
6 13
7 13
8 19
9 18
10 18
11 11
12 18
13 15
14 14
15 15
16 15

1 20
2 14
3 16
4 20
5 14
6 10
7 20
8 19
9 18
10 18
11 18
12 11
13 10
14 11
15 17
16 15

1 18
2 14
3 16
4 16
5 10
6 20
7 12
8 14
9 13
10 14
11 11
12 15
13 16
14 16
15 15
16 11

1 12
2 13
3 18
4 11
5 13
6 16
7 10
8 20
9 11
10 15
11 20
12 14
13 19
14 18
15 18
16 10

1 13
2 16
3 18
4 10
5 12
6 15
7 17
8 16
9 14
10 19
11 18
12 18
13 13
14 10
15 16
16 15

1 11
2 18
3 18
4 12
5 17
6 14
7 13
8 12
9 13
10 15
11 11
12 16
13 10
14 10
15 10
16 18

1 15
2 10
3 17
4 20
5 13
6 13
7 13
8 19
9 18
10 18
11 11
12 18
13 15
14 14
15 15
16 15

1 20
2 14
3 16
4 20
5 14
6 10
7 20
8 19
9 18
10 18
11 18
12 11
13 10
14 11
15 17
16 15

1 18
2 14
3 16
4 16
5 10
6 20
7 12
8 14
9 13
10 14
11 11
12 15
13 16
14 16
15 15
16 11

1 12
2 13
3 18
4 11
5 13
6 16
7 10
8 20
9 11
10 15
11 20
12 14
13 19
14 18
15 18
16 10

1 13
2 16
3 18
4 10
5 12
6 15
7 17
8 16
9 14
10 19
11 18
12 18
13 13
14 10
15 16
16 15

1 11
2 18
3 18
4 12
5 17
6 14
7 13
8 12
9 13
10 15
11 11
12 16
13 10
14 10
15 10
16 18

1 15
2 10
3 17
4 20
5 13
6 13
7 13
8 19
9 18
10 18
11 11
12 18
13 15
14 14
15 15
16 15

1 20
2 14
3 16
4 20
5 14
6 10
7 20
8 19
9 18
10 18
11 18
12 11
13 10
14 11
15 17
16 15

1 18
2 14
3 16
4 16
5 10
6 20
7 12
8 14
9 13
10 14
11 11
12 15
13 16
14 16
15 15
16 11

1 12
2 13
3 18
4 11
5 13
6 16
7 10
8 20
9 11
10 15
11 20
12 14
13 19
14 18
15 18
16 10

1 13
2 16
3 18
4 10
5 12
6 15
7 17
8 16
9 14
10 19
11 18
12 18
13 13
14 10
15 16
16 15

1 11
2 18
3 18
4 12
5 17
6 14
7 13
8 12
9 13
10 15
11 11
12 16
13 10
14 10
15 10
16 18

1 15
2 10
3 17
4 20
5 13
6 13
7 13
8 19
9 18
10 18
11 11
12 18
13 15
14 14
15 15
16 15

1 20
2 14
3 16
4 20
5 14
6 10
7 20
8 19
9 18
10 18
11 18
12 11
13 10
14 11
15 17
16 15

1 18
2 14
3 16
4 16
5 10
6 20
7 12
8 14
9 13
10 14
11 11
12 15
13 16
14 16
15 15
16 11

1 12
2 13
3 18
4 11
5 13
6 16
7 10
8 20
9 11
10 15
11 20
12 14
13 19
14 18
15 18
16 10

1 13
2 16
3 18
4 10
5 12
6 15
7 17
8 16
9 14
10 19
11 18
12 18
13 13
14 10
15 16
16 15

1 11
2 18
3 18
4 12
5 17
6 14
7 13
8 12
9 13
10 15
11 11
12 16
13 10
14 10
15 10
16 18

1 15
2 10
3 17
4 20
5 13
6 13
7 13
8 19
9 18
10 18
11 11
12 18
13 15
14 14
15 15
16 15

1 20
2 14
3 16
4 20
5 14
6 10
7 20
8 19
9 18
10 18
11 18
12 11
13 10
14 11
15 17
16 15

1 18
2 14
3 16
4 16
5 10
6 20
7 12
8 14
9 13
10 14
11 11
12 15
13 16
14 16
15 15
16 11

1 12
2 13
3 18
4 11
5 13
6 16
7 10
8 20
9 11
10 15
11 20
12 14
13 19
14 18
15 18
16 10

1 13
2 16
3 18
4 10
5 12
6 15
7 17
8 16
9 14
10 19
11 18
12 18
13 13
14 10
15 16
16 15

1 11
2 18
3 18
4 12
5 17
6 14
7 13
8 12
9 13
10 15
11 11
12 16
13 10
14 10
15 10
16 18

1 15
2 10
3 17
4 20
5 13
6 13
7 13
8 19
9 18
10 18
11 11
12 18
13 15
14 14
15 15
16 15

1 20
2 14
3 16
4 20
5 14
6 10
7 20
8 19
9 18
10 18
11 18
12 11
13 10
14 11
15 17
16 15

1 18
2 14
3 16
4 16
5 10
6 20
7 12
8 14
9 13
10 14
11 11
12 15
13 16
14 16
15 15
16 11

1 12
2 13
3 18
4 11
5 13
6 16
7 10
8 20
9 11
10 15
11 20
12 14
13 19
14 18
15 18
16 10

1 13
2 16
3 18
4 10
5 12
6 15
7 17
8 16
9 14
10 19
11 18
12 18
13 13
14 10
15 16
16 15

1 11
2 18
3 18
4 12
5 17
6 14
7 13
8 12
9 13
10 15
11 11
12 16
13 10
14 10
15 10
16 18

1 15
2 10
3 17
4 20
5 13
6 13
7 13
8 19
9 18
10 18
11 11
12 18
13 15
14 14
15 15
16 15

1 20
2 14
3 16
4 20
5 14
6 10
7 20
8 19
9 18
10 18
11 18
12 11
13 10
14 11
15 17
16 15

1 18
2 14
3 16
4 16
5 10
6 20
7 12
8 14
9 13
10 14
11 11
12 15
13 16
14 16
15 15
16 11

1 12
2 13
3 18
4 11
5 13
6 16
7 10
8 20
9 11
10 15
11 20
12 14
13 19
14 18
15 18
16 10

1 13
2 16
3 18
4 10
5 12
6 15
7 17
8 16
9 14
10 19
11 18
12 18
13 13
14 10
15 16
16 15

1 11
2 18
3 18
4 12
5 17
6 14
7 13
8 12
9 13
10 15
11 11
12 16
13 10
14 10
15 10
16 18

1 15
2 10
3 17
4 20
5 13
6 13
7 13
8 19
9 18
10 18
11 11
12 18
13 15
14 14
15 15
16 15

1 20
2 14
3 16
4 20
5 14
6 10
7 20
8 19
9 18
10 18
11 18
12 11
13 10
14 11
15 17
16 15

1 18
2 14
3 16
4 16
5 10
6 20
7 12
8 14
9 13
10 14
11 11
12 15
13 16
14 16
15 15
16 11

1 12
2 13
3 18
4 11
5 13
6 16
7 10
8 20
9 11
10 15
11 20
12 14
13 19
14 18
15 18
16 10

1 13
2 16
3 18
4 10
5 12
6 15
7 17
8 16
9 14
10 19
11 18
12 18
13 13
14 10
15 16
16 15

1 11
2 18
3 18
4 12
5 17
6 14
7 13
8 12
9 13
10 15
11 11
12 16
13 10
14 10
15 10
16 18

1 15
2 10
3 17
4 20
5 13
6 13
7 13
8 19
9 18
10 18
11 11
12 18
13 15
14 14
15 15
16 15

1 20
2 14
3 16
4 20
5 14
6 10
7 20
8 19
9 18
10 18
11 18
12 11
13 10
14 11
15 17
16 15

1 18
2 14
3 16
4 16
5 10
6 20
7 12
8 14
9 13
10 14
11 11
12 15
13 16
14 16
15 15
16 11

1 12
2 13
3 18
4 11
5 13
6 16
7 10
8 20
9 11
10 15
11 20
12 14
13 19
14 18
15 18
16 10

1 13
2 16
3 18
4 10
5 12
6 15
7 17
8 16
9 14
10 19
11 18
12 18
13 13
14 10
15 16
16 15

1 11
2 18
3 18
4 12
5 17
6 14
7 13
8 12
9 13
10 15
11 11
12 16
13 10
14 10
15 10
16 18

1 15
2 10
3 17
4 20
5 13
6 13
7 13
8 19
9 18
10 18
11 11
12 18
13 15
14 14
15 15
16 15

1 20
2 14
3 16
4 20
5 14
6 10
7 20
8 19
9 18
10 18
11 18
12 11
13 10
14 11
15 17
16 15

1 18
2 14
3 16
4 16
5 10
6 20
7 12
8 14
9 13
10 14
11 11
12 15
13 16
14 16
15 15
16 11

1 12
2 13
3 18
4 11
5 13
6 16
7 10
8 20
9 11
10 15
11 20
12 14
13 19
14 18
15 18
16 10

1 13
2 16
3 18
4 10
5 12
6 15
7 17
8 16
9 14
10 19
11 18
12 18
13 13
14 10
15 16
16 15

1 11
2 18
3 18
4 12
5 17
6 14
7 13
8 12
9 13
10 15
11 11
12 16
13 10
14 10
15 10
16 18

1 15
2 10
3 17
4 20
5 13
6 13
7 13
8 19
9 18
10 18
11 11
12 18
13 15
14 14
15 15
16 15

1 20
2 14
3 16
4 20
5 14
6 10
7 20
8 19
9 18
10 18
11 18
12 11
13 10
14 11
15 17
16 15

1 18
2 14
3 16
4 16
5 10
6 20
7 12
8 14
9 13
10 14
11 11
12 15
13 16
14 16
15 15
16 11

1 12
2 13
3 18
4 11
5 13
6 16
7 10
8 20
9 11
10 15
11 20
12 14
13 19
14 18
15 18
16 10

1 13
2 16
3 18
4 10
5 12
6 15
7 17
8 16
9 14
10 19
11 18
12 18
13 13
14 10
15 16
16 15

1 11
2 18
3 18
4 12
5 17
6 14
7 13
8 12
9 13
10 15
11 11
12 16
13 10
14 10
15 10
16 18

1 15
2 10
3 17
4 20
5 13
6 13
7 13
8 19
9 18
10 18
11 11
12 18
13 15
14 14
15 15
16 15

1 20
2 14
3 16
4 20
5 14
6 10
7 20
8 19
9 18
10 18
11 18
12 11
13 10
14 11
15 17
16 15

1 18
2 14
3 16
4 16
5 10
6 20
7 12
8 14
9 13
10 14
11 11
12 15
13 16
14 16
15 15
16 11

1 12
2 13
3 18
4 11
5 13
6 16
7 10
8 20
9 11
10 15
11 20
12 14
13 19
14 18
15 18
16 10

1 13
2 16
3 18
4 10
5 12
6 15
7 17
8 16
9 14
10 19
11 18
12 18
13 13
14 10
15 16
16 15

1 11
2 18
3 18
4 12
5 17
6 14
7 13
8 12
9 13
10 15
11 11
12 16
13 10
14 10
15 10
16 18

1 15
2 10
3 17
4 20
5 13
6 13
7 13
8 19
9 18
10 18
11 11
12 18
13 15
14 14
15 15
16 15

1 20
2 14
3 16
4 20
5 14
6 10
7 20
8 19
9 18
10 18
11 18
12 11
13 10
14 11
15 17
16 15

1 18
2 14
3 16
4 16
5 10
6 20
7 12
8 14
9 13
10 14
11 11
12 15
13 16
14 16
15 15
16 11

1 12
2 13
3 18
4 11
5 13
6 16
7 10
8 20
9 11
10 15
11 20
12 14
13 19
14 18
15 18
16 10

1 13
2 16
3 18
4 10
5 12
6 15
7 17
8 16
9 14
10 19
11 18
12 18
13 13
14 10
15 16
16 15

1 11
2 18
3 18
4 12
5 17
6 14
7 13
8 12
9 13
10 15
11 11
12 16
13 10
14 10
15 10
16 18

1 15
2 10
3 17
4 20
5 13
6 13
7 13
8 19
9 18
10 18
11 11
12 18
13 15
14 14
15 15
16 15

1 20
2 14
3 16
4 20
5 14
6 10
7 20
8 19
9 18
10 18
11 18
12 11
13 10
14 11
15 17
16 15

1 18
2 14
3 16
4 16
5 10
6 20
7 12
8 14
9 13
10 14
11 11
12 15
13 16
14 16
15 15
16 11