1 0
2 0
3 0
4 0

1 12
2 14
3 12
4 18

1 10
2 16
3 20
4 15

1 12
2 14
3 12
4 18

1 10
2 16
3 20
4 15

1 12
2 14
3 12
4 18

1 10
2 16
3 20
4 15

1 12
2 14
3 12
4 18

1 10
2 16
3 20
4 15

1 12
2 14
3 12
4 18

1 10
2 16
3 20
4 15

1 12
2 14
3 12
4 18

1 10
2 16
3 20
4 15

1 12
2 14
3 12
4 18

1 10
2 16
3 20
4 15

1 12
2 14
3 12
4 18

1 10
2 16
3 20
4 15

1 12
2 14
3 12
4 18

1 10
2 16
3 20
4 15

1 12
2 14
3 12
4 18

1 10
2 16
3 20
4 15

1 12
2 14
3 12
4 18

1 10
2 16
3 20
4 15

1 12
2 14
3 12
4 18

1 10
2 16
3 20
4 15

1 12
2 14
3 12
4 18

1 10
2 16
3 20
4 15

1 12
2 14
3 12
4 18

1 10
2 16
3 20
4 15

1 12
2 14
3 12
4 18

1 10
2 16
3 20
4 15