1 0
2 0
3 0
4 0

1 6
2 5
3 3
4 7

1 9
2 8
3 7
4 6

1 7
2 7
3 2
4 9

1 4
2 9
3 0
4 2

1 6
2 5
3 3
4 7

1 9
2 8
3 7
4 6

1 7
2 7
3 2
4 9

1 4
2 9
3 0
4 2

1 6
2 5
3 3
4 7

1 9
2 8
3 7
4 6

1 7
2 7
3 2
4 9

1 4
2 9
3 0
4 2

1 6
2 5
3 3
4 7

1 9
2 8
3 7
4 6

1 7
2 7
3 2
4 9

1 4
2 9
3 0
4 2

1 6
2 5
3 3
4 7

1 9
2 8
3 7
4 6

1 7
2 7
3 2
4 9

1 4
2 9
3 0
4 2

1 6
2 5
3 3
4 7

1 9
2 8
3 7
4 6

1 7
2 7
3 2
4 9

1 4
2 9
3 0
4 2

1 6
2 5
3 3
4 7

1 9
2 8
3 7
4 6

1 7
2 7
3 2
4 9

1 4
2 9
3 0
4 2

1 6
2 5
3 3
4 7

1 9
2 8
3 7
4 6

1 7
2 7
3 2
4 9

1 4
2 9
3 0
4 2

1 6
2 5
3 3
4 7

1 9
2 8
3 7
4 6

1 7
2 7
3 2
4 9

1 4
2 9
3 0
4 2

1 6
2 5
3 3
4 7

1 9
2 8
3 7
4 6

1 7
2 7
3 2
4 9

1 4
2 9
3 0
4 2

1 6
2 5
3 3
4 7

1 9
2 8
3 7
4 6

1 7
2 7
3 2
4 9

1 4
2 9
3 0
4 2

1 6
2 5
3 3
4 7

1 9
2 8
3 7
4 6

1 7
2 7
3 2
4 9

1 4
2 9
3 0
4 2

1 6
2 5
3 3
4 7

1 9
2 8
3 7
4 6

1 7
2 7
3 2
4 9

1 4
2 9
3 0
4 2

1 6
2 5
3 3
4 7

1 9
2 8
3 7
4 6

1 7
2 7
3 2
4 9

1 4
2 9
3 0
4 2

1 6
2 5
3 3
4 7

1 9
2 8
3 7
4 6

1 7
2 7
3 2
4 9

1 4
2 9
3 0
4 2

1 6
2 5
3 3
4 7

1 9
2 8
3 7
4 6

1 7
2 7
3 2
4 9

1 4
2 9
3 0
4 2

1 6
2 5
3 3
4 7

1 9
2 8
3 7
4 6

1 7
2 7
3 2
4 9

1 4
2 9
3 0
4 2

1 6
2 5
3 3
4 7

1 9
2 8
3 7
4 6

1 7
2 7
3 2
4 9

1 4
2 9
3 0
4 2

1 6
2 5
3 3
4 7

1 9
2 8
3 7
4 6

1 7
2 7
3 2
4 9

1 4
2 9
3 0
4 2

1 6
2 5
3 3
4 7

1 9
2 8
3 7
4 6

1 7
2 7
3 2
4 9

1 4
2 9
3 0
4 2