1 0
2 0
3 0
4 0

1 11
2 18
3 12
4 16

1 13
2 12
3 17
4 12

1 13
2 16
3 10
4 20

1 19
2 19
3 15
4 16

1 11
2 18
3 12
4 16

1 13
2 12
3 17
4 12

1 13
2 16
3 10
4 20

1 19
2 19
3 15
4 16

1 11
2 18
3 12
4 16

1 13
2 12
3 17
4 12

1 13
2 16
3 10
4 20

1 19
2 19
3 15
4 16

1 11
2 18
3 12
4 16

1 13
2 12
3 17
4 12

1 13
2 16
3 10
4 20

1 19
2 19
3 15
4 16

1 11
2 18
3 12
4 16

1 13
2 12
3 17
4 12

1 13
2 16
3 10
4 20

1 19
2 19
3 15
4 16

1 11
2 18
3 12
4 16

1 13
2 12
3 17
4 12

1 13
2 16
3 10
4 20

1 19
2 19
3 15
4 16

1 11
2 18
3 12
4 16

1 13
2 12
3 17
4 12

1 13
2 16
3 10
4 20

1 19
2 19
3 15
4 16

1 11
2 18
3 12
4 16

1 13
2 12
3 17
4 12

1 13
2 16
3 10
4 20

1 19
2 19
3 15
4 16

1 11
2 18
3 12
4 16

1 13
2 12
3 17
4 12

1 13
2 16
3 10
4 20

1 19
2 19
3 15
4 16

1 11
2 18
3 12
4 16

1 13
2 12
3 17
4 12

1 13
2 16
3 10
4 20

1 19
2 19
3 15
4 16