1 0
2 0
3 0
4 0

1 1
2 9
3 0
4 7

1 9
2 7
3 8
4 9

1 3
2 0
3 2
4 8

1 4
2 3
3 6
4 0

1 1
2 9
3 0
4 7

1 9
2 7
3 8
4 9

1 3
2 0
3 2
4 8

1 4
2 3
3 6
4 0

1 1
2 9
3 0
4 7

1 9
2 7
3 8
4 9

1 3
2 0
3 2
4 8

1 4
2 3
3 6
4 0

1 1
2 9
3 0
4 7

1 9
2 7
3 8
4 9

1 3
2 0
3 2
4 8

1 4
2 3
3 6
4 0

1 1
2 9
3 0
4 7

1 9
2 7
3 8
4 9

1 3
2 0
3 2
4 8

1 4
2 3
3 6
4 0

1 1
2 9
3 0
4 7

1 9
2 7
3 8
4 9

1 3
2 0
3 2
4 8

1 4
2 3
3 6
4 0

1 1
2 9
3 0
4 7

1 9
2 7
3 8
4 9

1 3
2 0
3 2
4 8

1 4
2 3
3 6
4 0

1 1
2 9
3 0
4 7

1 9
2 7
3 8
4 9

1 3
2 0
3 2
4 8

1 4
2 3
3 6
4 0

1 1
2 9
3 0
4 7

1 9
2 7
3 8
4 9

1 3
2 0
3 2
4 8

1 4
2 3
3 6
4 0

1 1
2 9
3 0
4 7

1 9
2 7
3 8
4 9

1 3
2 0
3 2
4 8

1 4
2 3
3 6
4 0

1 1
2 9
3 0
4 7

1 9
2 7
3 8
4 9

1 3
2 0
3 2
4 8

1 4
2 3
3 6
4 0

1 1
2 9
3 0
4 7

1 9
2 7
3 8
4 9

1 3
2 0
3 2
4 8

1 4
2 3
3 6
4 0

1 1
2 9
3 0
4 7

1 9
2 7
3 8
4 9

1 3
2 0
3 2
4 8

1 4
2 3
3 6
4 0

1 1
2 9
3 0
4 7

1 9
2 7
3 8
4 9

1 3
2 0
3 2
4 8

1 4
2 3
3 6
4 0

1 1
2 9
3 0
4 7

1 9
2 7
3 8
4 9

1 3
2 0
3 2
4 8

1 4
2 3
3 6
4 0

1 1
2 9
3 0
4 7

1 9
2 7
3 8
4 9

1 3
2 0
3 2
4 8

1 4
2 3
3 6
4 0

1 1
2 9
3 0
4 7

1 9
2 7
3 8
4 9

1 3
2 0
3 2
4 8

1 4
2 3
3 6
4 0

1 1
2 9
3 0
4 7

1 9
2 7
3 8
4 9

1 3
2 0
3 2
4 8

1 4
2 3
3 6
4 0

1 1
2 9
3 0
4 7

1 9
2 7
3 8
4 9

1 3
2 0
3 2
4 8

1 4
2 3
3 6
4 0

1 1
2 9
3 0
4 7

1 9
2 7
3 8
4 9

1 3
2 0
3 2
4 8

1 4
2 3
3 6
4 0