1 0
2 0
3 0
4 0
5 0
6 0
7 0
8 0
9 0
10 0
11 0
12 0
13 0
14 0
15 0
16 0

1 1
2 2
3 4
4 8
5 0
6 9
7 3
8 6
9 4
10 5
11 9
12 5
13 8
14 4
15 9
16 5

1 4
2 2
3 5
4 5
5 1
6 4
7 9
8 4
9 1
10 8
11 0
12 5
13 6
14 8
15 0
16 0

1 1
2 2
3 4
4 8
5 0
6 9
7 3
8 6
9 4
10 5
11 9
12 5
13 8
14 4
15 9
16 5

1 4
2 2
3 5
4 5
5 1
6 4
7 9
8 4
9 1
10 8
11 0
12 5
13 6
14 8
15 0
16 0

1 1
2 2
3 4
4 8
5 0
6 9
7 3
8 6
9 4
10 5
11 9
12 5
13 8
14 4
15 9
16 5

1 4
2 2
3 5
4 5
5 1
6 4
7 9
8 4
9 1
10 8
11 0
12 5
13 6
14 8
15 0
16 0

1 1
2 2
3 4
4 8
5 0
6 9
7 3
8 6
9 4
10 5
11 9
12 5
13 8
14 4
15 9
16 5

1 4
2 2
3 5
4 5
5 1
6 4
7 9
8 4
9 1
10 8
11 0
12 5
13 6
14 8
15 0
16 0

1 1
2 2
3 4
4 8
5 0
6 9
7 3
8 6
9 4
10 5
11 9
12 5
13 8
14 4
15 9
16 5

1 4
2 2
3 5
4 5
5 1
6 4
7 9
8 4
9 1
10 8
11 0
12 5
13 6
14 8
15 0
16 0

1 1
2 2
3 4
4 8
5 0
6 9
7 3
8 6
9 4
10 5
11 9
12 5
13 8
14 4
15 9
16 5

1 4
2 2
3 5
4 5
5 1
6 4
7 9
8 4
9 1
10 8
11 0
12 5
13 6
14 8
15 0
16 0

1 1
2 2
3 4
4 8
5 0
6 9
7 3
8 6
9 4
10 5
11 9
12 5
13 8
14 4
15 9
16 5

1 4
2 2
3 5
4 5
5 1
6 4
7 9
8 4
9 1
10 8
11 0
12 5
13 6
14 8
15 0
16 0

1 1
2 2
3 4
4 8
5 0
6 9
7 3
8 6
9 4
10 5
11 9
12 5
13 8
14 4
15 9
16 5

1 4
2 2
3 5
4 5
5 1
6 4
7 9
8 4
9 1
10 8
11 0
12 5
13 6
14 8
15 0
16 0

1 1
2 2
3 4
4 8
5 0
6 9
7 3
8 6
9 4
10 5
11 9
12 5
13 8
14 4
15 9
16 5

1 4
2 2
3 5
4 5
5 1
6 4
7 9
8 4
9 1
10 8
11 0
12 5
13 6
14 8
15 0
16 0

1 1
2 2
3 4
4 8
5 0
6 9
7 3
8 6
9 4
10 5
11 9
12 5
13 8
14 4
15 9
16 5

1 4
2 2
3 5
4 5
5 1
6 4
7 9
8 4
9 1
10 8
11 0
12 5
13 6
14 8
15 0
16 0

1 1
2 2
3 4
4 8
5 0
6 9
7 3
8 6
9 4
10 5
11 9
12 5
13 8
14 4
15 9
16 5

1 4
2 2
3 5
4 5
5 1
6 4
7 9
8 4
9 1
10 8
11 0
12 5
13 6
14 8
15 0
16 0

1 1
2 2
3 4
4 8
5 0
6 9
7 3
8 6
9 4
10 5
11 9
12 5
13 8
14 4
15 9
16 5

1 4
2 2
3 5
4 5
5 1
6 4
7 9
8 4
9 1
10 8
11 0
12 5
13 6
14 8
15 0
16 0

1 1
2 2
3 4
4 8
5 0
6 9
7 3
8 6
9 4
10 5
11 9
12 5
13 8
14 4
15 9
16 5

1 4
2 2
3 5
4 5
5 1
6 4
7 9
8 4
9 1
10 8
11 0
12 5
13 6
14 8
15 0
16 0

1 1
2 2
3 4
4 8
5 0
6 9
7 3
8 6
9 4
10 5
11 9
12 5
13 8
14 4
15 9
16 5

1 4
2 2
3 5
4 5
5 1
6 4
7 9
8 4
9 1
10 8
11 0
12 5
13 6
14 8
15 0
16 0

1 1
2 2
3 4
4 8
5 0
6 9
7 3
8 6
9 4
10 5
11 9
12 5
13 8
14 4
15 9
16 5

1 4
2 2
3 5
4 5
5 1
6 4
7 9
8 4
9 1
10 8
11 0
12 5
13 6
14 8
15 0
16 0