1 0
2 0
3 0
4 0

1 5
2 5
3 9
4 1

1 3
2 0
3 0
4 4

1 4
2 2
3 1
4 8

1 0
2 7
3 4
4 7

1 5
2 5
3 9
4 1

1 3
2 0
3 0
4 4

1 4
2 2
3 1
4 8

1 0
2 7
3 4
4 7

1 5
2 5
3 9
4 1

1 3
2 0
3 0
4 4

1 4
2 2
3 1
4 8

1 0
2 7
3 4
4 7

1 5
2 5
3 9
4 1

1 3
2 0
3 0
4 4

1 4
2 2
3 1
4 8

1 0
2 7
3 4
4 7

1 5
2 5
3 9
4 1

1 3
2 0
3 0
4 4

1 4
2 2
3 1
4 8

1 0
2 7
3 4
4 7

1 5
2 5
3 9
4 1

1 3
2 0
3 0
4 4

1 4
2 2
3 1
4 8

1 0
2 7
3 4
4 7

1 5
2 5
3 9
4 1

1 3
2 0
3 0
4 4

1 4
2 2
3 1
4 8

1 0
2 7
3 4
4 7

1 5
2 5
3 9
4 1

1 3
2 0
3 0
4 4

1 4
2 2
3 1
4 8

1 0
2 7
3 4
4 7

1 5
2 5
3 9
4 1

1 3
2 0
3 0
4 4

1 4
2 2
3 1
4 8

1 0
2 7
3 4
4 7

1 5
2 5
3 9
4 1

1 3
2 0
3 0
4 4

1 4
2 2
3 1
4 8

1 0
2 7
3 4
4 7

1 5
2 5
3 9
4 1

1 3
2 0
3 0
4 4

1 4
2 2
3 1
4 8

1 0
2 7
3 4
4 7

1 5
2 5
3 9
4 1

1 3
2 0
3 0
4 4

1 4
2 2
3 1
4 8

1 0
2 7
3 4
4 7

1 5
2 5
3 9
4 1

1 3
2 0
3 0
4 4

1 4
2 2
3 1
4 8

1 0
2 7
3 4
4 7

1 5
2 5
3 9
4 1

1 3
2 0
3 0
4 4

1 4
2 2
3 1
4 8

1 0
2 7
3 4
4 7

1 5
2 5
3 9
4 1

1 3
2 0
3 0
4 4

1 4
2 2
3 1
4 8

1 0
2 7
3 4
4 7

1 5
2 5
3 9
4 1

1 3
2 0
3 0
4 4

1 4
2 2
3 1
4 8

1 0
2 7
3 4
4 7

1 5
2 5
3 9
4 1

1 3
2 0
3 0
4 4

1 4
2 2
3 1
4 8

1 0
2 7
3 4
4 7

1 5
2 5
3 9
4 1

1 3
2 0
3 0
4 4

1 4
2 2
3 1
4 8

1 0
2 7
3 4
4 7

1 5
2 5
3 9
4 1

1 3
2 0
3 0
4 4

1 4
2 2
3 1
4 8

1 0
2 7
3 4
4 7

1 5
2 5
3 9
4 1

1 3
2 0
3 0
4 4

1 4
2 2
3 1
4 8

1 0
2 7
3 4
4 7