1 0
2 0
3 0
4 0

1 11
2 11
3 19
4 18

1 13
2 17
3 17
4 19

1 11
2 11
3 19
4 18

1 13
2 17
3 17
4 19

1 11
2 11
3 19
4 18

1 13
2 17
3 17
4 19

1 11
2 11
3 19
4 18

1 13
2 17
3 17
4 19

1 11
2 11
3 19
4 18

1 13
2 17
3 17
4 19

1 11
2 11
3 19
4 18

1 13
2 17
3 17
4 19

1 11
2 11
3 19
4 18

1 13
2 17
3 17
4 19

1 11
2 11
3 19
4 18

1 13
2 17
3 17
4 19

1 11
2 11
3 19
4 18

1 13
2 17
3 17
4 19

1 11
2 11
3 19
4 18

1 13
2 17
3 17
4 19

1 11
2 11
3 19
4 18

1 13
2 17
3 17
4 19

1 11
2 11
3 19
4 18

1 13
2 17
3 17
4 19

1 11
2 11
3 19
4 18

1 13
2 17
3 17
4 19

1 11
2 11
3 19
4 18

1 13
2 17
3 17
4 19

1 11
2 11
3 19
4 18

1 13
2 17
3 17
4 19