1 0
2 0
3 0
4 0
5 0
6 0
7 0
8 0

1 10
2 10
3 15
4 11
5 16
6 15
7 15
8 11

1 15
2 18
3 14
4 18
5 13
6 18
7 12
8 11

1 14
2 12
3 10
4 11
5 20
6 18
7 15
8 16

1 15
2 10
3 11
4 16
5 17
6 12
7 16
8 11

1 10
2 10
3 15
4 11
5 16
6 15
7 15
8 11

1 15
2 18
3 14
4 18
5 13
6 18
7 12
8 11

1 14
2 12
3 10
4 11
5 20
6 18
7 15
8 16

1 15
2 10
3 11
4 16
5 17
6 12
7 16
8 11

1 10
2 10
3 15
4 11
5 16
6 15
7 15
8 11

1 15
2 18
3 14
4 18
5 13
6 18
7 12
8 11

1 14
2 12
3 10
4 11
5 20
6 18
7 15
8 16

1 15
2 10
3 11
4 16
5 17
6 12
7 16
8 11

1 10
2 10
3 15
4 11
5 16
6 15
7 15
8 11

1 15
2 18
3 14
4 18
5 13
6 18
7 12
8 11

1 14
2 12
3 10
4 11
5 20
6 18
7 15
8 16

1 15
2 10
3 11
4 16
5 17
6 12
7 16
8 11

1 10
2 10
3 15
4 11
5 16
6 15
7 15
8 11

1 15
2 18
3 14
4 18
5 13
6 18
7 12
8 11

1 14
2 12
3 10
4 11
5 20
6 18
7 15
8 16

1 15
2 10
3 11
4 16
5 17
6 12
7 16
8 11

1 10
2 10
3 15
4 11
5 16
6 15
7 15
8 11

1 15
2 18
3 14
4 18
5 13
6 18
7 12
8 11

1 14
2 12
3 10
4 11
5 20
6 18
7 15
8 16

1 15
2 10
3 11
4 16
5 17
6 12
7 16
8 11

1 10
2 10
3 15
4 11
5 16
6 15
7 15
8 11

1 15
2 18
3 14
4 18
5 13
6 18
7 12
8 11

1 14
2 12
3 10
4 11
5 20
6 18
7 15
8 16

1 15
2 10
3 11
4 16
5 17
6 12
7 16
8 11

1 10
2 10
3 15
4 11
5 16
6 15
7 15
8 11

1 15
2 18
3 14
4 18
5 13
6 18
7 12
8 11

1 14
2 12
3 10
4 11
5 20
6 18
7 15
8 16

1 15
2 10
3 11
4 16
5 17
6 12
7 16
8 11

1 10
2 10
3 15
4 11
5 16
6 15
7 15
8 11

1 15
2 18
3 14
4 18
5 13
6 18
7 12
8 11

1 14
2 12
3 10
4 11
5 20
6 18
7 15
8 16

1 15
2 10
3 11
4 16
5 17
6 12
7 16
8 11

1 10
2 10
3 15
4 11
5 16
6 15
7 15
8 11

1 15
2 18
3 14
4 18
5 13
6 18
7 12
8 11

1 14
2 12
3 10
4 11
5 20
6 18
7 15
8 16

1 15
2 10
3 11
4 16
5 17
6 12
7 16
8 11

1 10
2 10
3 15
4 11
5 16
6 15
7 15
8 11

1 15
2 18
3 14
4 18
5 13
6 18
7 12
8 11

1 14
2 12
3 10
4 11
5 20
6 18
7 15
8 16

1 15
2 10
3 11
4 16
5 17
6 12
7 16
8 11

1 10
2 10
3 15
4 11
5 16
6 15
7 15
8 11

1 15
2 18
3 14
4 18
5 13
6 18
7 12
8 11

1 14
2 12
3 10
4 11
5 20
6 18
7 15
8 16

1 15
2 10
3 11
4 16
5 17
6 12
7 16
8 11

1 10
2 10
3 15
4 11
5 16
6 15
7 15
8 11

1 15
2 18
3 14
4 18
5 13
6 18
7 12
8 11

1 14
2 12
3 10
4 11
5 20
6 18
7 15
8 16

1 15
2 10
3 11
4 16
5 17
6 12
7 16
8 11

1 10
2 10
3 15
4 11
5 16
6 15
7 15
8 11

1 15
2 18
3 14
4 18
5 13
6 18
7 12
8 11

1 14
2 12
3 10
4 11
5 20
6 18
7 15
8 16

1 15
2 10
3 11
4 16
5 17
6 12
7 16
8 11

1 10
2 10
3 15
4 11
5 16
6 15
7 15
8 11

1 15
2 18
3 14
4 18
5 13
6 18
7 12
8 11

1 14
2 12
3 10
4 11
5 20
6 18
7 15
8 16

1 15
2 10
3 11
4 16
5 17
6 12
7 16
8 11