1 0
2 0
3 0
4 0

1 3
2 2
3 1
4 8

1 1
2 8
3 0
4 8

1 3
2 5
3 3
4 0

1 1
2 2
3 3
4 2

1 3
2 2
3 1
4 8

1 1
2 8
3 0
4 8

1 3
2 5
3 3
4 0

1 1
2 2
3 3
4 2

1 3
2 2
3 1
4 8

1 1
2 8
3 0
4 8

1 3
2 5
3 3
4 0

1 1
2 2
3 3
4 2

1 3
2 2
3 1
4 8

1 1
2 8
3 0
4 8

1 3
2 5
3 3
4 0

1 1
2 2
3 3
4 2

1 3
2 2
3 1
4 8

1 1
2 8
3 0
4 8

1 3
2 5
3 3
4 0

1 1
2 2
3 3
4 2

1 3
2 2
3 1
4 8

1 1
2 8
3 0
4 8

1 3
2 5
3 3
4 0

1 1
2 2
3 3
4 2

1 3
2 2
3 1
4 8

1 1
2 8
3 0
4 8

1 3
2 5
3 3
4 0

1 1
2 2
3 3
4 2

1 3
2 2
3 1
4 8

1 1
2 8
3 0
4 8

1 3
2 5
3 3
4 0

1 1
2 2
3 3
4 2

1 3
2 2
3 1
4 8

1 1
2 8
3 0
4 8

1 3
2 5
3 3
4 0

1 1
2 2
3 3
4 2

1 3
2 2
3 1
4 8

1 1
2 8
3 0
4 8

1 3
2 5
3 3
4 0

1 1
2 2
3 3
4 2

1 3
2 2
3 1
4 8

1 1
2 8
3 0
4 8

1 3
2 5
3 3
4 0

1 1
2 2
3 3
4 2

1 3
2 2
3 1
4 8

1 1
2 8
3 0
4 8

1 3
2 5
3 3
4 0

1 1
2 2
3 3
4 2

1 3
2 2
3 1
4 8

1 1
2 8
3 0
4 8

1 3
2 5
3 3
4 0

1 1
2 2
3 3
4 2

1 3
2 2
3 1
4 8

1 1
2 8
3 0
4 8

1 3
2 5
3 3
4 0

1 1
2 2
3 3
4 2

1 3
2 2
3 1
4 8

1 1
2 8
3 0
4 8

1 3
2 5
3 3
4 0

1 1
2 2
3 3
4 2