1 0
2 0
3 0
4 0
5 0
6 0
7 0
8 0
9 0
10 0
11 0
12 0
13 0
14 0
15 0
16 0

1 8
2 1
3 8
4 9
5 6
6 4
7 9
8 1
9 6
10 2
11 7
12 3
13 0
14 9
15 6
16 9

1 7
2 6
3 2
4 4
5 4
6 2
7 5
8 4
9 7
10 5
11 3
12 4
13 7
14 4
15 2
16 8

1 9
2 1
3 3
4 6
5 8
6 9
7 1
8 0
9 1
10 8
11 4
12 0
13 7
14 6
15 4
16 5

1 5
2 3
3 7
4 6
5 3
6 8
7 8
8 9
9 6
10 3
11 0
12 2
13 9
14 1
15 6
16 6

1 8
2 1
3 8
4 9
5 6
6 4
7 9
8 1
9 6
10 2
11 7
12 3
13 0
14 9
15 6
16 9

1 7
2 6
3 2
4 4
5 4
6 2
7 5
8 4
9 7
10 5
11 3
12 4
13 7
14 4
15 2
16 8

1 9
2 1
3 3
4 6
5 8
6 9
7 1
8 0
9 1
10 8
11 4
12 0
13 7
14 6
15 4
16 5

1 5
2 3
3 7
4 6
5 3
6 8
7 8
8 9
9 6
10 3
11 0
12 2
13 9
14 1
15 6
16 6

1 8
2 1
3 8
4 9
5 6
6 4
7 9
8 1
9 6
10 2
11 7
12 3
13 0
14 9
15 6
16 9

1 7
2 6
3 2
4 4
5 4
6 2
7 5
8 4
9 7
10 5
11 3
12 4
13 7
14 4
15 2
16 8

1 9
2 1
3 3
4 6
5 8
6 9
7 1
8 0
9 1
10 8
11 4
12 0
13 7
14 6
15 4
16 5

1 5
2 3
3 7
4 6
5 3
6 8
7 8
8 9
9 6
10 3
11 0
12 2
13 9
14 1
15 6
16 6

1 8
2 1
3 8
4 9
5 6
6 4
7 9
8 1
9 6
10 2
11 7
12 3
13 0
14 9
15 6
16 9

1 7
2 6
3 2
4 4
5 4
6 2
7 5
8 4
9 7
10 5
11 3
12 4
13 7
14 4
15 2
16 8

1 9
2 1
3 3
4 6
5 8
6 9
7 1
8 0
9 1
10 8
11 4
12 0
13 7
14 6
15 4
16 5

1 5
2 3
3 7
4 6
5 3
6 8
7 8
8 9
9 6
10 3
11 0
12 2
13 9
14 1
15 6
16 6

1 8
2 1
3 8
4 9
5 6
6 4
7 9
8 1
9 6
10 2
11 7
12 3
13 0
14 9
15 6
16 9

1 7
2 6
3 2
4 4
5 4
6 2
7 5
8 4
9 7
10 5
11 3
12 4
13 7
14 4
15 2
16 8

1 9
2 1
3 3
4 6
5 8
6 9
7 1
8 0
9 1
10 8
11 4
12 0
13 7
14 6
15 4
16 5

1 5
2 3
3 7
4 6
5 3
6 8
7 8
8 9
9 6
10 3
11 0
12 2
13 9
14 1
15 6
16 6

1 8
2 1
3 8
4 9
5 6
6 4
7 9
8 1
9 6
10 2
11 7
12 3
13 0
14 9
15 6
16 9

1 7
2 6
3 2
4 4
5 4
6 2
7 5
8 4
9 7
10 5
11 3
12 4
13 7
14 4
15 2
16 8

1 9
2 1
3 3
4 6
5 8
6 9
7 1
8 0
9 1
10 8
11 4
12 0
13 7
14 6
15 4
16 5

1 5
2 3
3 7
4 6
5 3
6 8
7 8
8 9
9 6
10 3
11 0
12 2
13 9
14 1
15 6
16 6

1 8
2 1
3 8
4 9
5 6
6 4
7 9
8 1
9 6
10 2
11 7
12 3
13 0
14 9
15 6
16 9

1 7
2 6
3 2
4 4
5 4
6 2
7 5
8 4
9 7
10 5
11 3
12 4
13 7
14 4
15 2
16 8

1 9
2 1
3 3
4 6
5 8
6 9
7 1
8 0
9 1
10 8
11 4
12 0
13 7
14 6
15 4
16 5

1 5
2 3
3 7
4 6
5 3
6 8
7 8
8 9
9 6
10 3
11 0
12 2
13 9
14 1
15 6
16 6

1 8
2 1
3 8
4 9
5 6
6 4
7 9
8 1
9 6
10 2
11 7
12 3
13 0
14 9
15 6
16 9

1 7
2 6
3 2
4 4
5 4
6 2
7 5
8 4
9 7
10 5
11 3
12 4
13 7
14 4
15 2
16 8

1 9
2 1
3 3
4 6
5 8
6 9
7 1
8 0
9 1
10 8
11 4
12 0
13 7
14 6
15 4
16 5

1 5
2 3
3 7
4 6
5 3
6 8
7 8
8 9
9 6
10 3
11 0
12 2
13 9
14 1
15 6
16 6

1 8
2 1
3 8
4 9
5 6
6 4
7 9
8 1
9 6
10 2
11 7
12 3
13 0
14 9
15 6
16 9

1 7
2 6
3 2
4 4
5 4
6 2
7 5
8 4
9 7
10 5
11 3
12 4
13 7
14 4
15 2
16 8

1 9
2 1
3 3
4 6
5 8
6 9
7 1
8 0
9 1
10 8
11 4
12 0
13 7
14 6
15 4
16 5

1 5
2 3
3 7
4 6
5 3
6 8
7 8
8 9
9 6
10 3
11 0
12 2
13 9
14 1
15 6
16 6

1 8
2 1
3 8
4 9
5 6
6 4
7 9
8 1
9 6
10 2
11 7
12 3
13 0
14 9
15 6
16 9

1 7
2 6
3 2
4 4
5 4
6 2
7 5
8 4
9 7
10 5
11 3
12 4
13 7
14 4
15 2
16 8

1 9
2 1
3 3
4 6
5 8
6 9
7 1
8 0
9 1
10 8
11 4
12 0
13 7
14 6
15 4
16 5

1 5
2 3
3 7
4 6
5 3
6 8
7 8
8 9
9 6
10 3
11 0
12 2
13 9
14 1
15 6
16 6