1 0
2 0
3 0
4 0

1 8
2 7
3 1
4 6

1 8
2 1
3 4
4 8

1 5
2 5
3 1
4 3

1 2
2 7
3 0
4 9

1 8
2 7
3 1
4 6

1 8
2 1
3 4
4 8

1 5
2 5
3 1
4 3

1 2
2 7
3 0
4 9

1 8
2 7
3 1
4 6

1 8
2 1
3 4
4 8

1 5
2 5
3 1
4 3

1 2
2 7
3 0
4 9

1 8
2 7
3 1
4 6

1 8
2 1
3 4
4 8

1 5
2 5
3 1
4 3

1 2
2 7
3 0
4 9

1 8
2 7
3 1
4 6

1 8
2 1
3 4
4 8

1 5
2 5
3 1
4 3

1 2
2 7
3 0
4 9

1 8
2 7
3 1
4 6

1 8
2 1
3 4
4 8

1 5
2 5
3 1
4 3

1 2
2 7
3 0
4 9

1 8
2 7
3 1
4 6

1 8
2 1
3 4
4 8

1 5
2 5
3 1
4 3

1 2
2 7
3 0
4 9

1 8
2 7
3 1
4 6

1 8
2 1
3 4
4 8

1 5
2 5
3 1
4 3

1 2
2 7
3 0
4 9

1 8
2 7
3 1
4 6

1 8
2 1
3 4
4 8

1 5
2 5
3 1
4 3

1 2
2 7
3 0
4 9

1 8
2 7
3 1
4 6

1 8
2 1
3 4
4 8

1 5
2 5
3 1
4 3

1 2
2 7
3 0
4 9

1 8
2 7
3 1
4 6

1 8
2 1
3 4
4 8

1 5
2 5
3 1
4 3

1 2
2 7
3 0
4 9

1 8
2 7
3 1
4 6

1 8
2 1
3 4
4 8

1 5
2 5
3 1
4 3

1 2
2 7
3 0
4 9

1 8
2 7
3 1
4 6

1 8
2 1
3 4
4 8

1 5
2 5
3 1
4 3

1 2
2 7
3 0
4 9

1 8
2 7
3 1
4 6

1 8
2 1
3 4
4 8

1 5
2 5
3 1
4 3

1 2
2 7
3 0
4 9

1 8
2 7
3 1
4 6

1 8
2 1
3 4
4 8

1 5
2 5
3 1
4 3

1 2
2 7
3 0
4 9

1 8
2 7
3 1
4 6

1 8
2 1
3 4
4 8

1 5
2 5
3 1
4 3

1 2
2 7
3 0
4 9

1 8
2 7
3 1
4 6

1 8
2 1
3 4
4 8

1 5
2 5
3 1
4 3

1 2
2 7
3 0
4 9

1 8
2 7
3 1
4 6

1 8
2 1
3 4
4 8

1 5
2 5
3 1
4 3

1 2
2 7
3 0
4 9

1 8
2 7
3 1
4 6

1 8
2 1
3 4
4 8

1 5
2 5
3 1
4 3

1 2
2 7
3 0
4 9

1 8
2 7
3 1
4 6

1 8
2 1
3 4
4 8

1 5
2 5
3 1
4 3

1 2
2 7
3 0
4 9