1 0
2 0
3 0
4 0
5 0
6 0
7 0
8 0

1 5
2 8
3 4
4 9
5 2
6 4
7 3
8 5

1 0
2 7
3 2
4 9
5 0
6 4
7 3
8 3

1 3
2 2
3 7
4 0
5 0
6 8
7 3
8 8

1 5
2 6
3 6
4 6
5 6
6 6
7 5
8 8

1 5
2 8
3 4
4 9
5 2
6 4
7 3
8 5

1 0
2 7
3 2
4 9
5 0
6 4
7 3
8 3

1 3
2 2
3 7
4 0
5 0
6 8
7 3
8 8

1 5
2 6
3 6
4 6
5 6
6 6
7 5
8 8

1 5
2 8
3 4
4 9
5 2
6 4
7 3
8 5

1 0
2 7
3 2
4 9
5 0
6 4
7 3
8 3

1 3
2 2
3 7
4 0
5 0
6 8
7 3
8 8

1 5
2 6
3 6
4 6
5 6
6 6
7 5
8 8

1 5
2 8
3 4
4 9
5 2
6 4
7 3
8 5

1 0
2 7
3 2
4 9
5 0
6 4
7 3
8 3

1 3
2 2
3 7
4 0
5 0
6 8
7 3
8 8

1 5
2 6
3 6
4 6
5 6
6 6
7 5
8 8

1 5
2 8
3 4
4 9
5 2
6 4
7 3
8 5

1 0
2 7
3 2
4 9
5 0
6 4
7 3
8 3

1 3
2 2
3 7
4 0
5 0
6 8
7 3
8 8

1 5
2 6
3 6
4 6
5 6
6 6
7 5
8 8

1 5
2 8
3 4
4 9
5 2
6 4
7 3
8 5

1 0
2 7
3 2
4 9
5 0
6 4
7 3
8 3

1 3
2 2
3 7
4 0
5 0
6 8
7 3
8 8

1 5
2 6
3 6
4 6
5 6
6 6
7 5
8 8

1 5
2 8
3 4
4 9
5 2
6 4
7 3
8 5

1 0
2 7
3 2
4 9
5 0
6 4
7 3
8 3

1 3
2 2
3 7
4 0
5 0
6 8
7 3
8 8

1 5
2 6
3 6
4 6
5 6
6 6
7 5
8 8

1 5
2 8
3 4
4 9
5 2
6 4
7 3
8 5

1 0
2 7
3 2
4 9
5 0
6 4
7 3
8 3

1 3
2 2
3 7
4 0
5 0
6 8
7 3
8 8

1 5
2 6
3 6
4 6
5 6
6 6
7 5
8 8

1 5
2 8
3 4
4 9
5 2
6 4
7 3
8 5

1 0
2 7
3 2
4 9
5 0
6 4
7 3
8 3

1 3
2 2
3 7
4 0
5 0
6 8
7 3
8 8

1 5
2 6
3 6
4 6
5 6
6 6
7 5
8 8

1 5
2 8
3 4
4 9
5 2
6 4
7 3
8 5

1 0
2 7
3 2
4 9
5 0
6 4
7 3
8 3

1 3
2 2
3 7
4 0
5 0
6 8
7 3
8 8

1 5
2 6
3 6
4 6
5 6
6 6
7 5
8 8

1 5
2 8
3 4
4 9
5 2
6 4
7 3
8 5

1 0
2 7
3 2
4 9
5 0
6 4
7 3
8 3

1 3
2 2
3 7
4 0
5 0
6 8
7 3
8 8

1 5
2 6
3 6
4 6
5 6
6 6
7 5
8 8

1 5
2 8
3 4
4 9
5 2
6 4
7 3
8 5

1 0
2 7
3 2
4 9
5 0
6 4
7 3
8 3

1 3
2 2
3 7
4 0
5 0
6 8
7 3
8 8

1 5
2 6
3 6
4 6
5 6
6 6
7 5
8 8

1 5
2 8
3 4
4 9
5 2
6 4
7 3
8 5

1 0
2 7
3 2
4 9
5 0
6 4
7 3
8 3

1 3
2 2
3 7
4 0
5 0
6 8
7 3
8 8

1 5
2 6
3 6
4 6
5 6
6 6
7 5
8 8

1 5
2 8
3 4
4 9
5 2
6 4
7 3
8 5

1 0
2 7
3 2
4 9
5 0
6 4
7 3
8 3

1 3
2 2
3 7
4 0
5 0
6 8
7 3
8 8

1 5
2 6
3 6
4 6
5 6
6 6
7 5
8 8

1 5
2 8
3 4
4 9
5 2
6 4
7 3
8 5

1 0
2 7
3 2
4 9
5 0
6 4
7 3
8 3

1 3
2 2
3 7
4 0
5 0
6 8
7 3
8 8

1 5
2 6
3 6
4 6
5 6
6 6
7 5
8 8