1 0
2 0
3 0
4 0
5 0
6 0
7 0
8 0
9 0
10 0
11 0
12 0
13 0
14 0
15 0
16 0

1 18
2 15
3 12
4 14
5 10
6 17
7 20
8 18
9 15
10 15
11 14
12 20
13 12
14 18
15 18
16 17

1 10
2 11
3 10
4 17
5 11
6 14
7 13
8 20
9 15
10 11
11 19
12 14
13 10
14 14
15 19
16 18

1 18
2 15
3 12
4 14
5 10
6 17
7 20
8 18
9 15
10 15
11 14
12 20
13 12
14 18
15 18
16 17

1 10
2 11
3 10
4 17
5 11
6 14
7 13
8 20
9 15
10 11
11 19
12 14
13 10
14 14
15 19
16 18

1 18
2 15
3 12
4 14
5 10
6 17
7 20
8 18
9 15
10 15
11 14
12 20
13 12
14 18
15 18
16 17

1 10
2 11
3 10
4 17
5 11
6 14
7 13
8 20
9 15
10 11
11 19
12 14
13 10
14 14
15 19
16 18

1 18
2 15
3 12
4 14
5 10
6 17
7 20
8 18
9 15
10 15
11 14
12 20
13 12
14 18
15 18
16 17

1 10
2 11
3 10
4 17
5 11
6 14
7 13
8 20
9 15
10 11
11 19
12 14
13 10
14 14
15 19
16 18

1 18
2 15
3 12
4 14
5 10
6 17
7 20
8 18
9 15
10 15
11 14
12 20
13 12
14 18
15 18
16 17

1 10
2 11
3 10
4 17
5 11
6 14
7 13
8 20
9 15
10 11
11 19
12 14
13 10
14 14
15 19
16 18

1 18
2 15
3 12
4 14
5 10
6 17
7 20
8 18
9 15
10 15
11 14
12 20
13 12
14 18
15 18
16 17

1 10
2 11
3 10
4 17
5 11
6 14
7 13
8 20
9 15
10 11
11 19
12 14
13 10
14 14
15 19
16 18

1 18
2 15
3 12
4 14
5 10
6 17
7 20
8 18
9 15
10 15
11 14
12 20
13 12
14 18
15 18
16 17

1 10
2 11
3 10
4 17
5 11
6 14
7 13
8 20
9 15
10 11
11 19
12 14
13 10
14 14
15 19
16 18

1 18
2 15
3 12
4 14
5 10
6 17
7 20
8 18
9 15
10 15
11 14
12 20
13 12
14 18
15 18
16 17

1 10
2 11
3 10
4 17
5 11
6 14
7 13
8 20
9 15
10 11
11 19
12 14
13 10
14 14
15 19
16 18

1 18
2 15
3 12
4 14
5 10
6 17
7 20
8 18
9 15
10 15
11 14
12 20
13 12
14 18
15 18
16 17

1 10
2 11
3 10
4 17
5 11
6 14
7 13
8 20
9 15
10 11
11 19
12 14
13 10
14 14
15 19
16 18

1 18
2 15
3 12
4 14
5 10
6 17
7 20
8 18
9 15
10 15
11 14
12 20
13 12
14 18
15 18
16 17

1 10
2 11
3 10
4 17
5 11
6 14
7 13
8 20
9 15
10 11
11 19
12 14
13 10
14 14
15 19
16 18

1 18
2 15
3 12
4 14
5 10
6 17
7 20
8 18
9 15
10 15
11 14
12 20
13 12
14 18
15 18
16 17

1 10
2 11
3 10
4 17
5 11
6 14
7 13
8 20
9 15
10 11
11 19
12 14
13 10
14 14
15 19
16 18

1 18
2 15
3 12
4 14
5 10
6 17
7 20
8 18
9 15
10 15
11 14
12 20
13 12
14 18
15 18
16 17

1 10
2 11
3 10
4 17
5 11
6 14
7 13
8 20
9 15
10 11
11 19
12 14
13 10
14 14
15 19
16 18

1 18
2 15
3 12
4 14
5 10
6 17
7 20
8 18
9 15
10 15
11 14
12 20
13 12
14 18
15 18
16 17

1 10
2 11
3 10
4 17
5 11
6 14
7 13
8 20
9 15
10 11
11 19
12 14
13 10
14 14
15 19
16 18

1 18
2 15
3 12
4 14
5 10
6 17
7 20
8 18
9 15
10 15
11 14
12 20
13 12
14 18
15 18
16 17

1 10
2 11
3 10
4 17
5 11
6 14
7 13
8 20
9 15
10 11
11 19
12 14
13 10
14 14
15 19
16 18

1 18
2 15
3 12
4 14
5 10
6 17
7 20
8 18
9 15
10 15
11 14
12 20
13 12
14 18
15 18
16 17

1 10
2 11
3 10
4 17
5 11
6 14
7 13
8 20
9 15
10 11
11 19
12 14
13 10
14 14
15 19
16 18

1 18
2 15
3 12
4 14
5 10
6 17
7 20
8 18
9 15
10 15
11 14
12 20
13 12
14 18
15 18
16 17

1 10
2 11
3 10
4 17
5 11
6 14
7 13
8 20
9 15
10 11
11 19
12 14
13 10
14 14
15 19
16 18

1 18
2 15
3 12
4 14
5 10
6 17
7 20
8 18
9 15
10 15
11 14
12 20
13 12
14 18
15 18
16 17

1 10
2 11
3 10
4 17
5 11
6 14
7 13
8 20
9 15
10 11
11 19
12 14
13 10
14 14
15 19
16 18

1 18
2 15
3 12
4 14
5 10
6 17
7 20
8 18
9 15
10 15
11 14
12 20
13 12
14 18
15 18
16 17

1 10
2 11
3 10
4 17
5 11
6 14
7 13
8 20
9 15
10 11
11 19
12 14
13 10
14 14
15 19
16 18

1 18
2 15
3 12
4 14
5 10
6 17
7 20
8 18
9 15
10 15
11 14
12 20
13 12
14 18
15 18
16 17

1 10
2 11
3 10
4 17
5 11
6 14
7 13
8 20
9 15
10 11
11 19
12 14
13 10
14 14
15 19
16 18

1 18
2 15
3 12
4 14
5 10
6 17
7 20
8 18
9 15
10 15
11 14
12 20
13 12
14 18
15 18
16 17

1 10
2 11
3 10
4 17
5 11
6 14
7 13
8 20
9 15
10 11
11 19
12 14
13 10
14 14
15 19
16 18