1 0
2 0
3 0
4 0
5 0
6 0
7 0
8 0

1 6
2 1
3 2
4 3
5 4
6 6
7 8
8 8

1 0
2 4
3 0
4 5
5 8
6 0
7 0
8 8

1 0
2 9
3 0
4 9
5 4
6 4
7 4
8 2

1 0
2 1
3 8
4 4
5 0
6 3
7 1
8 0

1 6
2 1
3 2
4 3
5 4
6 6
7 8
8 8

1 0
2 4
3 0
4 5
5 8
6 0
7 0
8 8

1 0
2 9
3 0
4 9
5 4
6 4
7 4
8 2

1 0
2 1
3 8
4 4
5 0
6 3
7 1
8 0

1 6
2 1
3 2
4 3
5 4
6 6
7 8
8 8

1 0
2 4
3 0
4 5
5 8
6 0
7 0
8 8

1 0
2 9
3 0
4 9
5 4
6 4
7 4
8 2

1 0
2 1
3 8
4 4
5 0
6 3
7 1
8 0

1 6
2 1
3 2
4 3
5 4
6 6
7 8
8 8

1 0
2 4
3 0
4 5
5 8
6 0
7 0
8 8

1 0
2 9
3 0
4 9
5 4
6 4
7 4
8 2

1 0
2 1
3 8
4 4
5 0
6 3
7 1
8 0

1 6
2 1
3 2
4 3
5 4
6 6
7 8
8 8

1 0
2 4
3 0
4 5
5 8
6 0
7 0
8 8

1 0
2 9
3 0
4 9
5 4
6 4
7 4
8 2

1 0
2 1
3 8
4 4
5 0
6 3
7 1
8 0

1 6
2 1
3 2
4 3
5 4
6 6
7 8
8 8

1 0
2 4
3 0
4 5
5 8
6 0
7 0
8 8

1 0
2 9
3 0
4 9
5 4
6 4
7 4
8 2

1 0
2 1
3 8
4 4
5 0
6 3
7 1
8 0

1 6
2 1
3 2
4 3
5 4
6 6
7 8
8 8

1 0
2 4
3 0
4 5
5 8
6 0
7 0
8 8

1 0
2 9
3 0
4 9
5 4
6 4
7 4
8 2

1 0
2 1
3 8
4 4
5 0
6 3
7 1
8 0

1 6
2 1
3 2
4 3
5 4
6 6
7 8
8 8

1 0
2 4
3 0
4 5
5 8
6 0
7 0
8 8

1 0
2 9
3 0
4 9
5 4
6 4
7 4
8 2

1 0
2 1
3 8
4 4
5 0
6 3
7 1
8 0

1 6
2 1
3 2
4 3
5 4
6 6
7 8
8 8

1 0
2 4
3 0
4 5
5 8
6 0
7 0
8 8

1 0
2 9
3 0
4 9
5 4
6 4
7 4
8 2

1 0
2 1
3 8
4 4
5 0
6 3
7 1
8 0

1 6
2 1
3 2
4 3
5 4
6 6
7 8
8 8

1 0
2 4
3 0
4 5
5 8
6 0
7 0
8 8

1 0
2 9
3 0
4 9
5 4
6 4
7 4
8 2

1 0
2 1
3 8
4 4
5 0
6 3
7 1
8 0

1 6
2 1
3 2
4 3
5 4
6 6
7 8
8 8

1 0
2 4
3 0
4 5
5 8
6 0
7 0
8 8

1 0
2 9
3 0
4 9
5 4
6 4
7 4
8 2

1 0
2 1
3 8
4 4
5 0
6 3
7 1
8 0

1 6
2 1
3 2
4 3
5 4
6 6
7 8
8 8

1 0
2 4
3 0
4 5
5 8
6 0
7 0
8 8

1 0
2 9
3 0
4 9
5 4
6 4
7 4
8 2

1 0
2 1
3 8
4 4
5 0
6 3
7 1
8 0

1 6
2 1
3 2
4 3
5 4
6 6
7 8
8 8

1 0
2 4
3 0
4 5
5 8
6 0
7 0
8 8

1 0
2 9
3 0
4 9
5 4
6 4
7 4
8 2

1 0
2 1
3 8
4 4
5 0
6 3
7 1
8 0

1 6
2 1
3 2
4 3
5 4
6 6
7 8
8 8

1 0
2 4
3 0
4 5
5 8
6 0
7 0
8 8

1 0
2 9
3 0
4 9
5 4
6 4
7 4
8 2

1 0
2 1
3 8
4 4
5 0
6 3
7 1
8 0

1 6
2 1
3 2
4 3
5 4
6 6
7 8
8 8

1 0
2 4
3 0
4 5
5 8
6 0
7 0
8 8

1 0
2 9
3 0
4 9
5 4
6 4
7 4
8 2

1 0
2 1
3 8
4 4
5 0
6 3
7 1
8 0