1 0
2 0
3 0
4 0
5 0
6 0
7 0
8 0

1 4
2 8
3 1
4 4
5 9
6 9
7 2
8 1

1 2
2 6
3 1
4 6
5 0
6 6
7 8
8 4

1 1
2 6
3 2
4 6
5 6
6 7
7 8
8 6

1 4
2 3
3 5
4 4
5 8
6 9
7 5
8 0

1 4
2 8
3 1
4 4
5 9
6 9
7 2
8 1

1 2
2 6
3 1
4 6
5 0
6 6
7 8
8 4

1 1
2 6
3 2
4 6
5 6
6 7
7 8
8 6

1 4
2 3
3 5
4 4
5 8
6 9
7 5
8 0

1 4
2 8
3 1
4 4
5 9
6 9
7 2
8 1

1 2
2 6
3 1
4 6
5 0
6 6
7 8
8 4

1 1
2 6
3 2
4 6
5 6
6 7
7 8
8 6

1 4
2 3
3 5
4 4
5 8
6 9
7 5
8 0

1 4
2 8
3 1
4 4
5 9
6 9
7 2
8 1

1 2
2 6
3 1
4 6
5 0
6 6
7 8
8 4

1 1
2 6
3 2
4 6
5 6
6 7
7 8
8 6

1 4
2 3
3 5
4 4
5 8
6 9
7 5
8 0

1 4
2 8
3 1
4 4
5 9
6 9
7 2
8 1

1 2
2 6
3 1
4 6
5 0
6 6
7 8
8 4

1 1
2 6
3 2
4 6
5 6
6 7
7 8
8 6

1 4
2 3
3 5
4 4
5 8
6 9
7 5
8 0

1 4
2 8
3 1
4 4
5 9
6 9
7 2
8 1

1 2
2 6
3 1
4 6
5 0
6 6
7 8
8 4

1 1
2 6
3 2
4 6
5 6
6 7
7 8
8 6

1 4
2 3
3 5
4 4
5 8
6 9
7 5
8 0

1 4
2 8
3 1
4 4
5 9
6 9
7 2
8 1

1 2
2 6
3 1
4 6
5 0
6 6
7 8
8 4

1 1
2 6
3 2
4 6
5 6
6 7
7 8
8 6

1 4
2 3
3 5
4 4
5 8
6 9
7 5
8 0

1 4
2 8
3 1
4 4
5 9
6 9
7 2
8 1

1 2
2 6
3 1
4 6
5 0
6 6
7 8
8 4

1 1
2 6
3 2
4 6
5 6
6 7
7 8
8 6

1 4
2 3
3 5
4 4
5 8
6 9
7 5
8 0

1 4
2 8
3 1
4 4
5 9
6 9
7 2
8 1

1 2
2 6
3 1
4 6
5 0
6 6
7 8
8 4

1 1
2 6
3 2
4 6
5 6
6 7
7 8
8 6

1 4
2 3
3 5
4 4
5 8
6 9
7 5
8 0

1 4
2 8
3 1
4 4
5 9
6 9
7 2
8 1

1 2
2 6
3 1
4 6
5 0
6 6
7 8
8 4

1 1
2 6
3 2
4 6
5 6
6 7
7 8
8 6

1 4
2 3
3 5
4 4
5 8
6 9
7 5
8 0

1 4
2 8
3 1
4 4
5 9
6 9
7 2
8 1

1 2
2 6
3 1
4 6
5 0
6 6
7 8
8 4

1 1
2 6
3 2
4 6
5 6
6 7
7 8
8 6

1 4
2 3
3 5
4 4
5 8
6 9
7 5
8 0

1 4
2 8
3 1
4 4
5 9
6 9
7 2
8 1

1 2
2 6
3 1
4 6
5 0
6 6
7 8
8 4

1 1
2 6
3 2
4 6
5 6
6 7
7 8
8 6

1 4
2 3
3 5
4 4
5 8
6 9
7 5
8 0

1 4
2 8
3 1
4 4
5 9
6 9
7 2
8 1

1 2
2 6
3 1
4 6
5 0
6 6
7 8
8 4

1 1
2 6
3 2
4 6
5 6
6 7
7 8
8 6

1 4
2 3
3 5
4 4
5 8
6 9
7 5
8 0

1 4
2 8
3 1
4 4
5 9
6 9
7 2
8 1

1 2
2 6
3 1
4 6
5 0
6 6
7 8
8 4

1 1
2 6
3 2
4 6
5 6
6 7
7 8
8 6

1 4
2 3
3 5
4 4
5 8
6 9
7 5
8 0

1 4
2 8
3 1
4 4
5 9
6 9
7 2
8 1

1 2
2 6
3 1
4 6
5 0
6 6
7 8
8 4

1 1
2 6
3 2
4 6
5 6
6 7
7 8
8 6

1 4
2 3
3 5
4 4
5 8
6 9
7 5
8 0

1 4
2 8
3 1
4 4
5 9
6 9
7 2
8 1

1 2
2 6
3 1
4 6
5 0
6 6
7 8
8 4

1 1
2 6
3 2
4 6
5 6
6 7
7 8
8 6

1 4
2 3
3 5
4 4
5 8
6 9
7 5
8 0

1 4
2 8
3 1
4 4
5 9
6 9
7 2
8 1

1 2
2 6
3 1
4 6
5 0
6 6
7 8
8 4

1 1
2 6
3 2
4 6
5 6
6 7
7 8
8 6

1 4
2 3
3 5
4 4
5 8
6 9
7 5
8 0

1 4
2 8
3 1
4 4
5 9
6 9
7 2
8 1

1 2
2 6
3 1
4 6
5 0
6 6
7 8
8 4

1 1
2 6
3 2
4 6
5 6
6 7
7 8
8 6

1 4
2 3
3 5
4 4
5 8
6 9
7 5
8 0

1 4
2 8
3 1
4 4
5 9
6 9
7 2
8 1

1 2
2 6
3 1
4 6
5 0
6 6
7 8
8 4

1 1
2 6
3 2
4 6
5 6
6 7
7 8
8 6

1 4
2 3
3 5
4 4
5 8
6 9
7 5
8 0

1 4
2 8
3 1
4 4
5 9
6 9
7 2
8 1

1 2
2 6
3 1
4 6
5 0
6 6
7 8
8 4

1 1
2 6
3 2
4 6
5 6
6 7
7 8
8 6

1 4
2 3
3 5
4 4
5 8
6 9
7 5
8 0