1 0
2 0
3 0
4 0
5 0
6 0
7 0
8 0
9 0
10 0
11 0
12 0
13 0
14 0
15 0
16 0

1 4
2 1
3 4
4 2
5 3
6 7
7 1
8 9
9 8
10 9
11 7
12 7
13 0
14 5
15 8
16 9

1 4
2 0
3 5
4 8
5 6
6 9
7 5
8 2
9 7
10 7
11 9
12 1
13 3
14 6
15 4
16 0

1 4
2 1
3 4
4 2
5 3
6 7
7 1
8 9
9 8
10 9
11 7
12 7
13 0
14 5
15 8
16 9

1 4
2 0
3 5
4 8
5 6
6 9
7 5
8 2
9 7
10 7
11 9
12 1
13 3
14 6
15 4
16 0

1 4
2 1
3 4
4 2
5 3
6 7
7 1
8 9
9 8
10 9
11 7
12 7
13 0
14 5
15 8
16 9

1 4
2 0
3 5
4 8
5 6
6 9
7 5
8 2
9 7
10 7
11 9
12 1
13 3
14 6
15 4
16 0

1 4
2 1
3 4
4 2
5 3
6 7
7 1
8 9
9 8
10 9
11 7
12 7
13 0
14 5
15 8
16 9

1 4
2 0
3 5
4 8
5 6
6 9
7 5
8 2
9 7
10 7
11 9
12 1
13 3
14 6
15 4
16 0

1 4
2 1
3 4
4 2
5 3
6 7
7 1
8 9
9 8
10 9
11 7
12 7
13 0
14 5
15 8
16 9

1 4
2 0
3 5
4 8
5 6
6 9
7 5
8 2
9 7
10 7
11 9
12 1
13 3
14 6
15 4
16 0

1 4
2 1
3 4
4 2
5 3
6 7
7 1
8 9
9 8
10 9
11 7
12 7
13 0
14 5
15 8
16 9

1 4
2 0
3 5
4 8
5 6
6 9
7 5
8 2
9 7
10 7
11 9
12 1
13 3
14 6
15 4
16 0

1 4
2 1
3 4
4 2
5 3
6 7
7 1
8 9
9 8
10 9
11 7
12 7
13 0
14 5
15 8
16 9

1 4
2 0
3 5
4 8
5 6
6 9
7 5
8 2
9 7
10 7
11 9
12 1
13 3
14 6
15 4
16 0

1 4
2 1
3 4
4 2
5 3
6 7
7 1
8 9
9 8
10 9
11 7
12 7
13 0
14 5
15 8
16 9

1 4
2 0
3 5
4 8
5 6
6 9
7 5
8 2
9 7
10 7
11 9
12 1
13 3
14 6
15 4
16 0

1 4
2 1
3 4
4 2
5 3
6 7
7 1
8 9
9 8
10 9
11 7
12 7
13 0
14 5
15 8
16 9

1 4
2 0
3 5
4 8
5 6
6 9
7 5
8 2
9 7
10 7
11 9
12 1
13 3
14 6
15 4
16 0

1 4
2 1
3 4
4 2
5 3
6 7
7 1
8 9
9 8
10 9
11 7
12 7
13 0
14 5
15 8
16 9

1 4
2 0
3 5
4 8
5 6
6 9
7 5
8 2
9 7
10 7
11 9
12 1
13 3
14 6
15 4
16 0

1 4
2 1
3 4
4 2
5 3
6 7
7 1
8 9
9 8
10 9
11 7
12 7
13 0
14 5
15 8
16 9

1 4
2 0
3 5
4 8
5 6
6 9
7 5
8 2
9 7
10 7
11 9
12 1
13 3
14 6
15 4
16 0

1 4
2 1
3 4
4 2
5 3
6 7
7 1
8 9
9 8
10 9
11 7
12 7
13 0
14 5
15 8
16 9

1 4
2 0
3 5
4 8
5 6
6 9
7 5
8 2
9 7
10 7
11 9
12 1
13 3
14 6
15 4
16 0

1 4
2 1
3 4
4 2
5 3
6 7
7 1
8 9
9 8
10 9
11 7
12 7
13 0
14 5
15 8
16 9

1 4
2 0
3 5
4 8
5 6
6 9
7 5
8 2
9 7
10 7
11 9
12 1
13 3
14 6
15 4
16 0

1 4
2 1
3 4
4 2
5 3
6 7
7 1
8 9
9 8
10 9
11 7
12 7
13 0
14 5
15 8
16 9

1 4
2 0
3 5
4 8
5 6
6 9
7 5
8 2
9 7
10 7
11 9
12 1
13 3
14 6
15 4
16 0

1 4
2 1
3 4
4 2
5 3
6 7
7 1
8 9
9 8
10 9
11 7
12 7
13 0
14 5
15 8
16 9

1 4
2 0
3 5
4 8
5 6
6 9
7 5
8 2
9 7
10 7
11 9
12 1
13 3
14 6
15 4
16 0