1 0
2 0
3 0
4 0

1 2
2 4
3 8
4 5

1 8
2 9
3 6
4 7

1 2
2 4
3 8
4 5

1 8
2 9
3 6
4 7

1 2
2 4
3 8
4 5

1 8
2 9
3 6
4 7

1 2
2 4
3 8
4 5

1 8
2 9
3 6
4 7

1 2
2 4
3 8
4 5

1 8
2 9
3 6
4 7

1 2
2 4
3 8
4 5

1 8
2 9
3 6
4 7

1 2
2 4
3 8
4 5

1 8
2 9
3 6
4 7

1 2
2 4
3 8
4 5

1 8
2 9
3 6
4 7

1 2
2 4
3 8
4 5

1 8
2 9
3 6
4 7

1 2
2 4
3 8
4 5

1 8
2 9
3 6
4 7

1 2
2 4
3 8
4 5

1 8
2 9
3 6
4 7

1 2
2 4
3 8
4 5

1 8
2 9
3 6
4 7

1 2
2 4
3 8
4 5

1 8
2 9
3 6
4 7

1 2
2 4
3 8
4 5

1 8
2 9
3 6
4 7

1 2
2 4
3 8
4 5

1 8
2 9
3 6
4 7