1 0
2 0
3 0
4 0
5 0
6 0
7 0
8 0

1 8
2 6
3 2
4 2
5 4
6 1
7 5
8 7

1 3
2 0
3 4
4 1
5 9
6 7
7 2
8 7

1 8
2 6
3 2
4 2
5 4
6 1
7 5
8 7

1 3
2 0
3 4
4 1
5 9
6 7
7 2
8 7

1 8
2 6
3 2
4 2
5 4
6 1
7 5
8 7

1 3
2 0
3 4
4 1
5 9
6 7
7 2
8 7

1 8
2 6
3 2
4 2
5 4
6 1
7 5
8 7

1 3
2 0
3 4
4 1
5 9
6 7
7 2
8 7

1 8
2 6
3 2
4 2
5 4
6 1
7 5
8 7

1 3
2 0
3 4
4 1
5 9
6 7
7 2
8 7

1 8
2 6
3 2
4 2
5 4
6 1
7 5
8 7

1 3
2 0
3 4
4 1
5 9
6 7
7 2
8 7

1 8
2 6
3 2
4 2
5 4
6 1
7 5
8 7

1 3
2 0
3 4
4 1
5 9
6 7
7 2
8 7

1 8
2 6
3 2
4 2
5 4
6 1
7 5
8 7

1 3
2 0
3 4
4 1
5 9
6 7
7 2
8 7

1 8
2 6
3 2
4 2
5 4
6 1
7 5
8 7

1 3
2 0
3 4
4 1
5 9
6 7
7 2
8 7

1 8
2 6
3 2
4 2
5 4
6 1
7 5
8 7

1 3
2 0
3 4
4 1
5 9
6 7
7 2
8 7

1 8
2 6
3 2
4 2
5 4
6 1
7 5
8 7

1 3
2 0
3 4
4 1
5 9
6 7
7 2
8 7

1 8
2 6
3 2
4 2
5 4
6 1
7 5
8 7

1 3
2 0
3 4
4 1
5 9
6 7
7 2
8 7

1 8
2 6
3 2
4 2
5 4
6 1
7 5
8 7

1 3
2 0
3 4
4 1
5 9
6 7
7 2
8 7

1 8
2 6
3 2
4 2
5 4
6 1
7 5
8 7

1 3
2 0
3 4
4 1
5 9
6 7
7 2
8 7

1 8
2 6
3 2
4 2
5 4
6 1
7 5
8 7

1 3
2 0
3 4
4 1
5 9
6 7
7 2
8 7