1 0
2 0
3 0
4 0

1 8
2 2
3 6
4 9

1 5
2 9
3 8
4 6

1 7
2 9
3 7
4 6

1 5
2 1
3 8
4 7

1 9
2 2
3 0
4 2

1 3
2 4
3 5
4 4

1 8
2 2
3 6
4 9

1 5
2 9
3 8
4 6

1 7
2 9
3 7
4 6

1 5
2 1
3 8
4 7

1 9
2 2
3 0
4 2

1 3
2 4
3 5
4 4

1 8
2 2
3 6
4 9

1 5
2 9
3 8
4 6

1 7
2 9
3 7
4 6

1 5
2 1
3 8
4 7

1 9
2 2
3 0
4 2

1 3
2 4
3 5
4 4

1 8
2 2
3 6
4 9

1 5
2 9
3 8
4 6

1 7
2 9
3 7
4 6

1 5
2 1
3 8
4 7

1 9
2 2
3 0
4 2

1 3
2 4
3 5
4 4

1 8
2 2
3 6
4 9

1 5
2 9
3 8
4 6

1 7
2 9
3 7
4 6

1 5
2 1
3 8
4 7

1 9
2 2
3 0
4 2

1 3
2 4
3 5
4 4

1 8
2 2
3 6
4 9

1 5
2 9
3 8
4 6

1 7
2 9
3 7
4 6

1 5
2 1
3 8
4 7

1 9
2 2
3 0
4 2

1 3
2 4
3 5
4 4

1 8
2 2
3 6
4 9

1 5
2 9
3 8
4 6

1 7
2 9
3 7
4 6

1 5
2 1
3 8
4 7

1 9
2 2
3 0
4 2

1 3
2 4
3 5
4 4

1 8
2 2
3 6
4 9

1 5
2 9
3 8
4 6

1 7
2 9
3 7
4 6

1 5
2 1
3 8
4 7

1 9
2 2
3 0
4 2

1 3
2 4
3 5
4 4

1 8
2 2
3 6
4 9

1 5
2 9
3 8
4 6

1 7
2 9
3 7
4 6

1 5
2 1
3 8
4 7

1 9
2 2
3 0
4 2

1 3
2 4
3 5
4 4

1 8
2 2
3 6
4 9

1 5
2 9
3 8
4 6

1 7
2 9
3 7
4 6

1 5
2 1
3 8
4 7

1 9
2 2
3 0
4 2

1 3
2 4
3 5
4 4