1 0
2 0
3 0
4 0

1 2
2 4
3 6
4 3

1 7
2 8
3 1
4 5

1 2
2 4
3 6
4 3

1 7
2 8
3 1
4 5

1 2
2 4
3 6
4 3

1 7
2 8
3 1
4 5

1 2
2 4
3 6
4 3

1 7
2 8
3 1
4 5

1 2
2 4
3 6
4 3

1 7
2 8
3 1
4 5

1 2
2 4
3 6
4 3

1 7
2 8
3 1
4 5

1 2
2 4
3 6
4 3

1 7
2 8
3 1
4 5

1 2
2 4
3 6
4 3

1 7
2 8
3 1
4 5

1 2
2 4
3 6
4 3

1 7
2 8
3 1
4 5

1 2
2 4
3 6
4 3

1 7
2 8
3 1
4 5

1 2
2 4
3 6
4 3

1 7
2 8
3 1
4 5

1 2
2 4
3 6
4 3

1 7
2 8
3 1
4 5

1 2
2 4
3 6
4 3

1 7
2 8
3 1
4 5

1 2
2 4
3 6
4 3

1 7
2 8
3 1
4 5

1 2
2 4
3 6
4 3

1 7
2 8
3 1
4 5

1 2
2 4
3 6
4 3

1 7
2 8
3 1
4 5

1 2
2 4
3 6
4 3

1 7
2 8
3 1
4 5

1 2
2 4
3 6
4 3

1 7
2 8
3 1
4 5

1 2
2 4
3 6
4 3

1 7
2 8
3 1
4 5

1 2
2 4
3 6
4 3

1 7
2 8
3 1
4 5