1 0
2 0
3 0
4 0
5 0
6 0
7 0
8 0
9 0
10 0
11 0
12 0
13 0
14 0
15 0
16 0

1 11
2 14
3 16
4 15
5 17
6 11
7 12
8 16
9 19
10 19
11 15
12 15
13 19
14 20
15 15
16 20

1 17
2 20
3 18
4 10
5 11
6 15
7 18
8 13
9 13
10 17
11 11
12 12
13 15
14 19
15 17
16 13

1 19
2 14
3 10
4 20
5 13
6 10
7 19
8 15
9 11
10 13
11 15
12 16
13 12
14 20
15 18
16 15

1 17
2 14
3 14
4 16
5 11
6 16
7 19
8 16
9 10
10 13
11 10
12 10
13 10
14 18
15 15
16 15

1 11
2 14
3 16
4 15
5 17
6 11
7 12
8 16
9 19
10 19
11 15
12 15
13 19
14 20
15 15
16 20

1 17
2 20
3 18
4 10
5 11
6 15
7 18
8 13
9 13
10 17
11 11
12 12
13 15
14 19
15 17
16 13

1 19
2 14
3 10
4 20
5 13
6 10
7 19
8 15
9 11
10 13
11 15
12 16
13 12
14 20
15 18
16 15

1 17
2 14
3 14
4 16
5 11
6 16
7 19
8 16
9 10
10 13
11 10
12 10
13 10
14 18
15 15
16 15

1 11
2 14
3 16
4 15
5 17
6 11
7 12
8 16
9 19
10 19
11 15
12 15
13 19
14 20
15 15
16 20

1 17
2 20
3 18
4 10
5 11
6 15
7 18
8 13
9 13
10 17
11 11
12 12
13 15
14 19
15 17
16 13

1 19
2 14
3 10
4 20
5 13
6 10
7 19
8 15
9 11
10 13
11 15
12 16
13 12
14 20
15 18
16 15

1 17
2 14
3 14
4 16
5 11
6 16
7 19
8 16
9 10
10 13
11 10
12 10
13 10
14 18
15 15
16 15

1 11
2 14
3 16
4 15
5 17
6 11
7 12
8 16
9 19
10 19
11 15
12 15
13 19
14 20
15 15
16 20

1 17
2 20
3 18
4 10
5 11
6 15
7 18
8 13
9 13
10 17
11 11
12 12
13 15
14 19
15 17
16 13

1 19
2 14
3 10
4 20
5 13
6 10
7 19
8 15
9 11
10 13
11 15
12 16
13 12
14 20
15 18
16 15

1 17
2 14
3 14
4 16
5 11
6 16
7 19
8 16
9 10
10 13
11 10
12 10
13 10
14 18
15 15
16 15

1 11
2 14
3 16
4 15
5 17
6 11
7 12
8 16
9 19
10 19
11 15
12 15
13 19
14 20
15 15
16 20

1 17
2 20
3 18
4 10
5 11
6 15
7 18
8 13
9 13
10 17
11 11
12 12
13 15
14 19
15 17
16 13

1 19
2 14
3 10
4 20
5 13
6 10
7 19
8 15
9 11
10 13
11 15
12 16
13 12
14 20
15 18
16 15

1 17
2 14
3 14
4 16
5 11
6 16
7 19
8 16
9 10
10 13
11 10
12 10
13 10
14 18
15 15
16 15

1 11
2 14
3 16
4 15
5 17
6 11
7 12
8 16
9 19
10 19
11 15
12 15
13 19
14 20
15 15
16 20

1 17
2 20
3 18
4 10
5 11
6 15
7 18
8 13
9 13
10 17
11 11
12 12
13 15
14 19
15 17
16 13

1 19
2 14
3 10
4 20
5 13
6 10
7 19
8 15
9 11
10 13
11 15
12 16
13 12
14 20
15 18
16 15

1 17
2 14
3 14
4 16
5 11
6 16
7 19
8 16
9 10
10 13
11 10
12 10
13 10
14 18
15 15
16 15

1 11
2 14
3 16
4 15
5 17
6 11
7 12
8 16
9 19
10 19
11 15
12 15
13 19
14 20
15 15
16 20

1 17
2 20
3 18
4 10
5 11
6 15
7 18
8 13
9 13
10 17
11 11
12 12
13 15
14 19
15 17
16 13

1 19
2 14
3 10
4 20
5 13
6 10
7 19
8 15
9 11
10 13
11 15
12 16
13 12
14 20
15 18
16 15

1 17
2 14
3 14
4 16
5 11
6 16
7 19
8 16
9 10
10 13
11 10
12 10
13 10
14 18
15 15
16 15

1 11
2 14
3 16
4 15
5 17
6 11
7 12
8 16
9 19
10 19
11 15
12 15
13 19
14 20
15 15
16 20

1 17
2 20
3 18
4 10
5 11
6 15
7 18
8 13
9 13
10 17
11 11
12 12
13 15
14 19
15 17
16 13

1 19
2 14
3 10
4 20
5 13
6 10
7 19
8 15
9 11
10 13
11 15
12 16
13 12
14 20
15 18
16 15

1 17
2 14
3 14
4 16
5 11
6 16
7 19
8 16
9 10
10 13
11 10
12 10
13 10
14 18
15 15
16 15

1 11
2 14
3 16
4 15
5 17
6 11
7 12
8 16
9 19
10 19
11 15
12 15
13 19
14 20
15 15
16 20

1 17
2 20
3 18
4 10
5 11
6 15
7 18
8 13
9 13
10 17
11 11
12 12
13 15
14 19
15 17
16 13

1 19
2 14
3 10
4 20
5 13
6 10
7 19
8 15
9 11
10 13
11 15
12 16
13 12
14 20
15 18
16 15

1 17
2 14
3 14
4 16
5 11
6 16
7 19
8 16
9 10
10 13
11 10
12 10
13 10
14 18
15 15
16 15

1 11
2 14
3 16
4 15
5 17
6 11
7 12
8 16
9 19
10 19
11 15
12 15
13 19
14 20
15 15
16 20

1 17
2 20
3 18
4 10
5 11
6 15
7 18
8 13
9 13
10 17
11 11
12 12
13 15
14 19
15 17
16 13

1 19
2 14
3 10
4 20
5 13
6 10
7 19
8 15
9 11
10 13
11 15
12 16
13 12
14 20
15 18
16 15

1 17
2 14
3 14
4 16
5 11
6 16
7 19
8 16
9 10
10 13
11 10
12 10
13 10
14 18
15 15
16 15