1 0
2 0
3 0
4 0
5 0
6 0
7 0
8 0
9 0
10 0
11 0
12 0
13 0
14 0
15 0
16 0

1 0
2 3
3 0
4 6
5 6
6 7
7 3
8 5
9 3
10 1
11 6
12 7
13 3
14 0
15 9
16 2

1 7
2 2
3 5
4 8
5 4
6 4
7 9
8 5
9 3
10 1
11 9
12 2
13 2
14 4
15 6
16 4

1 1
2 6
3 7
4 7
5 2
6 1
7 8
8 0
9 9
10 5
11 8
12 4
13 0
14 4
15 4
16 3

1 7
2 8
3 8
4 1
5 3
6 4
7 9
8 9
9 6
10 8
11 5
12 5
13 9
14 4
15 7
16 2

1 0
2 3
3 0
4 6
5 6
6 7
7 3
8 5
9 3
10 1
11 6
12 7
13 3
14 0
15 9
16 2

1 7
2 2
3 5
4 8
5 4
6 4
7 9
8 5
9 3
10 1
11 9
12 2
13 2
14 4
15 6
16 4

1 1
2 6
3 7
4 7
5 2
6 1
7 8
8 0
9 9
10 5
11 8
12 4
13 0
14 4
15 4
16 3

1 7
2 8
3 8
4 1
5 3
6 4
7 9
8 9
9 6
10 8
11 5
12 5
13 9
14 4
15 7
16 2

1 0
2 3
3 0
4 6
5 6
6 7
7 3
8 5
9 3
10 1
11 6
12 7
13 3
14 0
15 9
16 2

1 7
2 2
3 5
4 8
5 4
6 4
7 9
8 5
9 3
10 1
11 9
12 2
13 2
14 4
15 6
16 4

1 1
2 6
3 7
4 7
5 2
6 1
7 8
8 0
9 9
10 5
11 8
12 4
13 0
14 4
15 4
16 3

1 7
2 8
3 8
4 1
5 3
6 4
7 9
8 9
9 6
10 8
11 5
12 5
13 9
14 4
15 7
16 2

1 0
2 3
3 0
4 6
5 6
6 7
7 3
8 5
9 3
10 1
11 6
12 7
13 3
14 0
15 9
16 2

1 7
2 2
3 5
4 8
5 4
6 4
7 9
8 5
9 3
10 1
11 9
12 2
13 2
14 4
15 6
16 4

1 1
2 6
3 7
4 7
5 2
6 1
7 8
8 0
9 9
10 5
11 8
12 4
13 0
14 4
15 4
16 3

1 7
2 8
3 8
4 1
5 3
6 4
7 9
8 9
9 6
10 8
11 5
12 5
13 9
14 4
15 7
16 2

1 0
2 3
3 0
4 6
5 6
6 7
7 3
8 5
9 3
10 1
11 6
12 7
13 3
14 0
15 9
16 2

1 7
2 2
3 5
4 8
5 4
6 4
7 9
8 5
9 3
10 1
11 9
12 2
13 2
14 4
15 6
16 4

1 1
2 6
3 7
4 7
5 2
6 1
7 8
8 0
9 9
10 5
11 8
12 4
13 0
14 4
15 4
16 3

1 7
2 8
3 8
4 1
5 3
6 4
7 9
8 9
9 6
10 8
11 5
12 5
13 9
14 4
15 7
16 2

1 0
2 3
3 0
4 6
5 6
6 7
7 3
8 5
9 3
10 1
11 6
12 7
13 3
14 0
15 9
16 2

1 7
2 2
3 5
4 8
5 4
6 4
7 9
8 5
9 3
10 1
11 9
12 2
13 2
14 4
15 6
16 4

1 1
2 6
3 7
4 7
5 2
6 1
7 8
8 0
9 9
10 5
11 8
12 4
13 0
14 4
15 4
16 3

1 7
2 8
3 8
4 1
5 3
6 4
7 9
8 9
9 6
10 8
11 5
12 5
13 9
14 4
15 7
16 2

1 0
2 3
3 0
4 6
5 6
6 7
7 3
8 5
9 3
10 1
11 6
12 7
13 3
14 0
15 9
16 2

1 7
2 2
3 5
4 8
5 4
6 4
7 9
8 5
9 3
10 1
11 9
12 2
13 2
14 4
15 6
16 4

1 1
2 6
3 7
4 7
5 2
6 1
7 8
8 0
9 9
10 5
11 8
12 4
13 0
14 4
15 4
16 3

1 7
2 8
3 8
4 1
5 3
6 4
7 9
8 9
9 6
10 8
11 5
12 5
13 9
14 4
15 7
16 2

1 0
2 3
3 0
4 6
5 6
6 7
7 3
8 5
9 3
10 1
11 6
12 7
13 3
14 0
15 9
16 2

1 7
2 2
3 5
4 8
5 4
6 4
7 9
8 5
9 3
10 1
11 9
12 2
13 2
14 4
15 6
16 4

1 1
2 6
3 7
4 7
5 2
6 1
7 8
8 0
9 9
10 5
11 8
12 4
13 0
14 4
15 4
16 3

1 7
2 8
3 8
4 1
5 3
6 4
7 9
8 9
9 6
10 8
11 5
12 5
13 9
14 4
15 7
16 2

1 0
2 3
3 0
4 6
5 6
6 7
7 3
8 5
9 3
10 1
11 6
12 7
13 3
14 0
15 9
16 2

1 7
2 2
3 5
4 8
5 4
6 4
7 9
8 5
9 3
10 1
11 9
12 2
13 2
14 4
15 6
16 4

1 1
2 6
3 7
4 7
5 2
6 1
7 8
8 0
9 9
10 5
11 8
12 4
13 0
14 4
15 4
16 3

1 7
2 8
3 8
4 1
5 3
6 4
7 9
8 9
9 6
10 8
11 5
12 5
13 9
14 4
15 7
16 2

1 0
2 3
3 0
4 6
5 6
6 7
7 3
8 5
9 3
10 1
11 6
12 7
13 3
14 0
15 9
16 2

1 7
2 2
3 5
4 8
5 4
6 4
7 9
8 5
9 3
10 1
11 9
12 2
13 2
14 4
15 6
16 4

1 1
2 6
3 7
4 7
5 2
6 1
7 8
8 0
9 9
10 5
11 8
12 4
13 0
14 4
15 4
16 3

1 7
2 8
3 8
4 1
5 3
6 4
7 9
8 9
9 6
10 8
11 5
12 5
13 9
14 4
15 7
16 2