1 0
2 0
3 0
4 0

1 20
2 18
3 19
4 12

1 17
2 17
3 15
4 18

1 13
2 12
3 20
4 20

1 17
2 17
3 19
4 15

1 20
2 18
3 13
4 18

1 12
2 17
3 17
4 20

1 20
2 18
3 19
4 12

1 17
2 17
3 15
4 18

1 13
2 12
3 20
4 20

1 17
2 17
3 19
4 15

1 20
2 18
3 13
4 18

1 12
2 17
3 17
4 20

1 20
2 18
3 19
4 12

1 17
2 17
3 15
4 18

1 13
2 12
3 20
4 20

1 17
2 17
3 19
4 15

1 20
2 18
3 13
4 18

1 12
2 17
3 17
4 20

1 20
2 18
3 19
4 12

1 17
2 17
3 15
4 18

1 13
2 12
3 20
4 20

1 17
2 17
3 19
4 15

1 20
2 18
3 13
4 18

1 12
2 17
3 17
4 20

1 20
2 18
3 19
4 12

1 17
2 17
3 15
4 18

1 13
2 12
3 20
4 20

1 17
2 17
3 19
4 15

1 20
2 18
3 13
4 18

1 12
2 17
3 17
4 20

1 20
2 18
3 19
4 12

1 17
2 17
3 15
4 18

1 13
2 12
3 20
4 20

1 17
2 17
3 19
4 15

1 20
2 18
3 13
4 18

1 12
2 17
3 17
4 20

1 20
2 18
3 19
4 12

1 17
2 17
3 15
4 18

1 13
2 12
3 20
4 20

1 17
2 17
3 19
4 15

1 20
2 18
3 13
4 18

1 12
2 17
3 17
4 20

1 20
2 18
3 19
4 12

1 17
2 17
3 15
4 18

1 13
2 12
3 20
4 20

1 17
2 17
3 19
4 15

1 20
2 18
3 13
4 18

1 12
2 17
3 17
4 20

1 20
2 18
3 19
4 12

1 17
2 17
3 15
4 18

1 13
2 12
3 20
4 20

1 17
2 17
3 19
4 15

1 20
2 18
3 13
4 18

1 12
2 17
3 17
4 20

1 20
2 18
3 19
4 12

1 17
2 17
3 15
4 18

1 13
2 12
3 20
4 20

1 17
2 17
3 19
4 15

1 20
2 18
3 13
4 18

1 12
2 17
3 17
4 20

1 20
2 18
3 19
4 12

1 17
2 17
3 15
4 18

1 13
2 12
3 20
4 20

1 17
2 17
3 19
4 15

1 20
2 18
3 13
4 18

1 12
2 17
3 17
4 20

1 20
2 18
3 19
4 12

1 17
2 17
3 15
4 18

1 13
2 12
3 20
4 20

1 17
2 17
3 19
4 15

1 20
2 18
3 13
4 18

1 12
2 17
3 17
4 20

1 20
2 18
3 19
4 12

1 17
2 17
3 15
4 18

1 13
2 12
3 20
4 20

1 17
2 17
3 19
4 15

1 20
2 18
3 13
4 18

1 12
2 17
3 17
4 20

1 20
2 18
3 19
4 12

1 17
2 17
3 15
4 18

1 13
2 12
3 20
4 20

1 17
2 17
3 19
4 15

1 20
2 18
3 13
4 18

1 12
2 17
3 17
4 20

1 20
2 18
3 19
4 12

1 17
2 17
3 15
4 18

1 13
2 12
3 20
4 20

1 17
2 17
3 19
4 15

1 20
2 18
3 13
4 18

1 12
2 17
3 17
4 20

1 20
2 18
3 19
4 12

1 17
2 17
3 15
4 18

1 13
2 12
3 20
4 20

1 17
2 17
3 19
4 15

1 20
2 18
3 13
4 18

1 12
2 17
3 17
4 20

1 20
2 18
3 19
4 12

1 17
2 17
3 15
4 18

1 13
2 12
3 20
4 20

1 17
2 17
3 19
4 15

1 20
2 18
3 13
4 18

1 12
2 17
3 17
4 20

1 20
2 18
3 19
4 12

1 17
2 17
3 15
4 18

1 13
2 12
3 20
4 20

1 17
2 17
3 19
4 15

1 20
2 18
3 13
4 18

1 12
2 17
3 17
4 20

1 20
2 18
3 19
4 12

1 17
2 17
3 15
4 18

1 13
2 12
3 20
4 20

1 17
2 17
3 19
4 15

1 20
2 18
3 13
4 18

1 12
2 17
3 17
4 20

1 20
2 18
3 19
4 12

1 17
2 17
3 15
4 18

1 13
2 12
3 20
4 20

1 17
2 17
3 19
4 15

1 20
2 18
3 13
4 18

1 12
2 17
3 17
4 20