1 0
2 0
3 0
4 0
5 0
6 0
7 0
8 0

1 5
2 2
3 9
4 3
5 5
6 3
7 0
8 1

1 4
2 8
3 2
4 4
5 6
6 4
7 2
8 1

1 5
2 2
3 9
4 3
5 5
6 3
7 0
8 1

1 4
2 8
3 2
4 4
5 6
6 4
7 2
8 1

1 5
2 2
3 9
4 3
5 5
6 3
7 0
8 1

1 4
2 8
3 2
4 4
5 6
6 4
7 2
8 1

1 5
2 2
3 9
4 3
5 5
6 3
7 0
8 1

1 4
2 8
3 2
4 4
5 6
6 4
7 2
8 1

1 5
2 2
3 9
4 3
5 5
6 3
7 0
8 1

1 4
2 8
3 2
4 4
5 6
6 4
7 2
8 1

1 5
2 2
3 9
4 3
5 5
6 3
7 0
8 1

1 4
2 8
3 2
4 4
5 6
6 4
7 2
8 1

1 5
2 2
3 9
4 3
5 5
6 3
7 0
8 1

1 4
2 8
3 2
4 4
5 6
6 4
7 2
8 1

1 5
2 2
3 9
4 3
5 5
6 3
7 0
8 1

1 4
2 8
3 2
4 4
5 6
6 4
7 2
8 1

1 5
2 2
3 9
4 3
5 5
6 3
7 0
8 1

1 4
2 8
3 2
4 4
5 6
6 4
7 2
8 1

1 5
2 2
3 9
4 3
5 5
6 3
7 0
8 1

1 4
2 8
3 2
4 4
5 6
6 4
7 2
8 1

1 5
2 2
3 9
4 3
5 5
6 3
7 0
8 1

1 4
2 8
3 2
4 4
5 6
6 4
7 2
8 1

1 5
2 2
3 9
4 3
5 5
6 3
7 0
8 1

1 4
2 8
3 2
4 4
5 6
6 4
7 2
8 1

1 5
2 2
3 9
4 3
5 5
6 3
7 0
8 1

1 4
2 8
3 2
4 4
5 6
6 4
7 2
8 1

1 5
2 2
3 9
4 3
5 5
6 3
7 0
8 1

1 4
2 8
3 2
4 4
5 6
6 4
7 2
8 1

1 5
2 2
3 9
4 3
5 5
6 3
7 0
8 1

1 4
2 8
3 2
4 4
5 6
6 4
7 2
8 1

1 5
2 2
3 9
4 3
5 5
6 3
7 0
8 1

1 4
2 8
3 2
4 4
5 6
6 4
7 2
8 1

1 5
2 2
3 9
4 3
5 5
6 3
7 0
8 1

1 4
2 8
3 2
4 4
5 6
6 4
7 2
8 1

1 5
2 2
3 9
4 3
5 5
6 3
7 0
8 1

1 4
2 8
3 2
4 4
5 6
6 4
7 2
8 1

1 5
2 2
3 9
4 3
5 5
6 3
7 0
8 1

1 4
2 8
3 2
4 4
5 6
6 4
7 2
8 1

1 5
2 2
3 9
4 3
5 5
6 3
7 0
8 1

1 4
2 8
3 2
4 4
5 6
6 4
7 2
8 1