1 0
2 0
3 0
4 0

1 15
2 18
3 12
4 17

1 18
2 14
3 15
4 17

1 12
2 13
3 15
4 10

1 15
2 15
3 10
4 20

1 15
2 18
3 12
4 17

1 18
2 14
3 15
4 17

1 12
2 13
3 15
4 10

1 15
2 15
3 10
4 20

1 15
2 18
3 12
4 17

1 18
2 14
3 15
4 17

1 12
2 13
3 15
4 10

1 15
2 15
3 10
4 20

1 15
2 18
3 12
4 17

1 18
2 14
3 15
4 17

1 12
2 13
3 15
4 10

1 15
2 15
3 10
4 20

1 15
2 18
3 12
4 17

1 18
2 14
3 15
4 17

1 12
2 13
3 15
4 10

1 15
2 15
3 10
4 20

1 15
2 18
3 12
4 17

1 18
2 14
3 15
4 17

1 12
2 13
3 15
4 10

1 15
2 15
3 10
4 20

1 15
2 18
3 12
4 17

1 18
2 14
3 15
4 17

1 12
2 13
3 15
4 10

1 15
2 15
3 10
4 20

1 15
2 18
3 12
4 17

1 18
2 14
3 15
4 17

1 12
2 13
3 15
4 10

1 15
2 15
3 10
4 20

1 15
2 18
3 12
4 17

1 18
2 14
3 15
4 17

1 12
2 13
3 15
4 10

1 15
2 15
3 10
4 20

1 15
2 18
3 12
4 17

1 18
2 14
3 15
4 17

1 12
2 13
3 15
4 10

1 15
2 15
3 10
4 20