1 0
2 0
3 0
4 0
5 0
6 0
7 0
8 0
9 0
10 0
11 0
12 0
13 0
14 0
15 0
16 0

1 0
2 8
3 6
4 8
5 3
6 9
7 9
8 3
9 8
10 6
11 7
12 5
13 6
14 5
15 6
16 4

1 1
2 2
3 8
4 5
5 3
6 3
7 4
8 2
9 9
10 8
11 9
12 6
13 9
14 3
15 8
16 3

1 6
2 0
3 2
4 8
5 8
6 3
7 6
8 5
9 0
10 2
11 4
12 4
13 2
14 1
15 9
16 4

1 1
2 9
3 0
4 8
5 9
6 0
7 7
8 9
9 2
10 2
11 9
12 7
13 0
14 6
15 9
16 2

1 8
2 4
3 7
4 7
5 0
6 4
7 7
8 8
9 0
10 3
11 0
12 1
13 3
14 3
15 1
16 4

1 9
2 4
3 7
4 2
5 2
6 5
7 4
8 6
9 3
10 4
11 0
12 0
13 3
14 2
15 8
16 3

1 0
2 8
3 6
4 8
5 3
6 9
7 9
8 3
9 8
10 6
11 7
12 5
13 6
14 5
15 6
16 4

1 1
2 2
3 8
4 5
5 3
6 3
7 4
8 2
9 9
10 8
11 9
12 6
13 9
14 3
15 8
16 3

1 6
2 0
3 2
4 8
5 8
6 3
7 6
8 5
9 0
10 2
11 4
12 4
13 2
14 1
15 9
16 4

1 1
2 9
3 0
4 8
5 9
6 0
7 7
8 9
9 2
10 2
11 9
12 7
13 0
14 6
15 9
16 2

1 8
2 4
3 7
4 7
5 0
6 4
7 7
8 8
9 0
10 3
11 0
12 1
13 3
14 3
15 1
16 4

1 9
2 4
3 7
4 2
5 2
6 5
7 4
8 6
9 3
10 4
11 0
12 0
13 3
14 2
15 8
16 3

1 0
2 8
3 6
4 8
5 3
6 9
7 9
8 3
9 8
10 6
11 7
12 5
13 6
14 5
15 6
16 4

1 1
2 2
3 8
4 5
5 3
6 3
7 4
8 2
9 9
10 8
11 9
12 6
13 9
14 3
15 8
16 3

1 6
2 0
3 2
4 8
5 8
6 3
7 6
8 5
9 0
10 2
11 4
12 4
13 2
14 1
15 9
16 4

1 1
2 9
3 0
4 8
5 9
6 0
7 7
8 9
9 2
10 2
11 9
12 7
13 0
14 6
15 9
16 2

1 8
2 4
3 7
4 7
5 0
6 4
7 7
8 8
9 0
10 3
11 0
12 1
13 3
14 3
15 1
16 4

1 9
2 4
3 7
4 2
5 2
6 5
7 4
8 6
9 3
10 4
11 0
12 0
13 3
14 2
15 8
16 3

1 0
2 8
3 6
4 8
5 3
6 9
7 9
8 3
9 8
10 6
11 7
12 5
13 6
14 5
15 6
16 4

1 1
2 2
3 8
4 5
5 3
6 3
7 4
8 2
9 9
10 8
11 9
12 6
13 9
14 3
15 8
16 3

1 6
2 0
3 2
4 8
5 8
6 3
7 6
8 5
9 0
10 2
11 4
12 4
13 2
14 1
15 9
16 4

1 1
2 9
3 0
4 8
5 9
6 0
7 7
8 9
9 2
10 2
11 9
12 7
13 0
14 6
15 9
16 2

1 8
2 4
3 7
4 7
5 0
6 4
7 7
8 8
9 0
10 3
11 0
12 1
13 3
14 3
15 1
16 4

1 9
2 4
3 7
4 2
5 2
6 5
7 4
8 6
9 3
10 4
11 0
12 0
13 3
14 2
15 8
16 3

1 0
2 8
3 6
4 8
5 3
6 9
7 9
8 3
9 8
10 6
11 7
12 5
13 6
14 5
15 6
16 4

1 1
2 2
3 8
4 5
5 3
6 3
7 4
8 2
9 9
10 8
11 9
12 6
13 9
14 3
15 8
16 3

1 6
2 0
3 2
4 8
5 8
6 3
7 6
8 5
9 0
10 2
11 4
12 4
13 2
14 1
15 9
16 4

1 1
2 9
3 0
4 8
5 9
6 0
7 7
8 9
9 2
10 2
11 9
12 7
13 0
14 6
15 9
16 2

1 8
2 4
3 7
4 7
5 0
6 4
7 7
8 8
9 0
10 3
11 0
12 1
13 3
14 3
15 1
16 4

1 9
2 4
3 7
4 2
5 2
6 5
7 4
8 6
9 3
10 4
11 0
12 0
13 3
14 2
15 8
16 3

1 0
2 8
3 6
4 8
5 3
6 9
7 9
8 3
9 8
10 6
11 7
12 5
13 6
14 5
15 6
16 4

1 1
2 2
3 8
4 5
5 3
6 3
7 4
8 2
9 9
10 8
11 9
12 6
13 9
14 3
15 8
16 3

1 6
2 0
3 2
4 8
5 8
6 3
7 6
8 5
9 0
10 2
11 4
12 4
13 2
14 1
15 9
16 4

1 1
2 9
3 0
4 8
5 9
6 0
7 7
8 9
9 2
10 2
11 9
12 7
13 0
14 6
15 9
16 2

1 8
2 4
3 7
4 7
5 0
6 4
7 7
8 8
9 0
10 3
11 0
12 1
13 3
14 3
15 1
16 4

1 9
2 4
3 7
4 2
5 2
6 5
7 4
8 6
9 3
10 4
11 0
12 0
13 3
14 2
15 8
16 3

1 0
2 8
3 6
4 8
5 3
6 9
7 9
8 3
9 8
10 6
11 7
12 5
13 6
14 5
15 6
16 4

1 1
2 2
3 8
4 5
5 3
6 3
7 4
8 2
9 9
10 8
11 9
12 6
13 9
14 3
15 8
16 3

1 6
2 0
3 2
4 8
5 8
6 3
7 6
8 5
9 0
10 2
11 4
12 4
13 2
14 1
15 9
16 4

1 1
2 9
3 0
4 8
5 9
6 0
7 7
8 9
9 2
10 2
11 9
12 7
13 0
14 6
15 9
16 2

1 8
2 4
3 7
4 7
5 0
6 4
7 7
8 8
9 0
10 3
11 0
12 1
13 3
14 3
15 1
16 4

1 9
2 4
3 7
4 2
5 2
6 5
7 4
8 6
9 3
10 4
11 0
12 0
13 3
14 2
15 8
16 3

1 0
2 8
3 6
4 8
5 3
6 9
7 9
8 3
9 8
10 6
11 7
12 5
13 6
14 5
15 6
16 4

1 1
2 2
3 8
4 5
5 3
6 3
7 4
8 2
9 9
10 8
11 9
12 6
13 9
14 3
15 8
16 3

1 6
2 0
3 2
4 8
5 8
6 3
7 6
8 5
9 0
10 2
11 4
12 4
13 2
14 1
15 9
16 4

1 1
2 9
3 0
4 8
5 9
6 0
7 7
8 9
9 2
10 2
11 9
12 7
13 0
14 6
15 9
16 2

1 8
2 4
3 7
4 7
5 0
6 4
7 7
8 8
9 0
10 3
11 0
12 1
13 3
14 3
15 1
16 4

1 9
2 4
3 7
4 2
5 2
6 5
7 4
8 6
9 3
10 4
11 0
12 0
13 3
14 2
15 8
16 3

1 0
2 8
3 6
4 8
5 3
6 9
7 9
8 3
9 8
10 6
11 7
12 5
13 6
14 5
15 6
16 4

1 1
2 2
3 8
4 5
5 3
6 3
7 4
8 2
9 9
10 8
11 9
12 6
13 9
14 3
15 8
16 3

1 6
2 0
3 2
4 8
5 8
6 3
7 6
8 5
9 0
10 2
11 4
12 4
13 2
14 1
15 9
16 4

1 1
2 9
3 0
4 8
5 9
6 0
7 7
8 9
9 2
10 2
11 9
12 7
13 0
14 6
15 9
16 2

1 8
2 4
3 7
4 7
5 0
6 4
7 7
8 8
9 0
10 3
11 0
12 1
13 3
14 3
15 1
16 4

1 9
2 4
3 7
4 2
5 2
6 5
7 4
8 6
9 3
10 4
11 0
12 0
13 3
14 2
15 8
16 3

1 0
2 8
3 6
4 8
5 3
6 9
7 9
8 3
9 8
10 6
11 7
12 5
13 6
14 5
15 6
16 4

1 1
2 2
3 8
4 5
5 3
6 3
7 4
8 2
9 9
10 8
11 9
12 6
13 9
14 3
15 8
16 3

1 6
2 0
3 2
4 8
5 8
6 3
7 6
8 5
9 0
10 2
11 4
12 4
13 2
14 1
15 9
16 4

1 1
2 9
3 0
4 8
5 9
6 0
7 7
8 9
9 2
10 2
11 9
12 7
13 0
14 6
15 9
16 2

1 8
2 4
3 7
4 7
5 0
6 4
7 7
8 8
9 0
10 3
11 0
12 1
13 3
14 3
15 1
16 4

1 9
2 4
3 7
4 2
5 2
6 5
7 4
8 6
9 3
10 4
11 0
12 0
13 3
14 2
15 8
16 3

1 0
2 8
3 6
4 8
5 3
6 9
7 9
8 3
9 8
10 6
11 7
12 5
13 6
14 5
15 6
16 4

1 1
2 2
3 8
4 5
5 3
6 3
7 4
8 2
9 9
10 8
11 9
12 6
13 9
14 3
15 8
16 3

1 6
2 0
3 2
4 8
5 8
6 3
7 6
8 5
9 0
10 2
11 4
12 4
13 2
14 1
15 9
16 4

1 1
2 9
3 0
4 8
5 9
6 0
7 7
8 9
9 2
10 2
11 9
12 7
13 0
14 6
15 9
16 2

1 8
2 4
3 7
4 7
5 0
6 4
7 7
8 8
9 0
10 3
11 0
12 1
13 3
14 3
15 1
16 4

1 9
2 4
3 7
4 2
5 2
6 5
7 4
8 6
9 3
10 4
11 0
12 0
13 3
14 2
15 8
16 3

1 0
2 8
3 6
4 8
5 3
6 9
7 9
8 3
9 8
10 6
11 7
12 5
13 6
14 5
15 6
16 4

1 1
2 2
3 8
4 5
5 3
6 3
7 4
8 2
9 9
10 8
11 9
12 6
13 9
14 3
15 8
16 3

1 6
2 0
3 2
4 8
5 8
6 3
7 6
8 5
9 0
10 2
11 4
12 4
13 2
14 1
15 9
16 4

1 1
2 9
3 0
4 8
5 9
6 0
7 7
8 9
9 2
10 2
11 9
12 7
13 0
14 6
15 9
16 2

1 8
2 4
3 7
4 7
5 0
6 4
7 7
8 8
9 0
10 3
11 0
12 1
13 3
14 3
15 1
16 4

1 9
2 4
3 7
4 2
5 2
6 5
7 4
8 6
9 3
10 4
11 0
12 0
13 3
14 2
15 8
16 3

1 0
2 8
3 6
4 8
5 3
6 9
7 9
8 3
9 8
10 6
11 7
12 5
13 6
14 5
15 6
16 4

1 1
2 2
3 8
4 5
5 3
6 3
7 4
8 2
9 9
10 8
11 9
12 6
13 9
14 3
15 8
16 3

1 6
2 0
3 2
4 8
5 8
6 3
7 6
8 5
9 0
10 2
11 4
12 4
13 2
14 1
15 9
16 4

1 1
2 9
3 0
4 8
5 9
6 0
7 7
8 9
9 2
10 2
11 9
12 7
13 0
14 6
15 9
16 2

1 8
2 4
3 7
4 7
5 0
6 4
7 7
8 8
9 0
10 3
11 0
12 1
13 3
14 3
15 1
16 4

1 9
2 4
3 7
4 2
5 2
6 5
7 4
8 6
9 3
10 4
11 0
12 0
13 3
14 2
15 8
16 3

1 0
2 8
3 6
4 8
5 3
6 9
7 9
8 3
9 8
10 6
11 7
12 5
13 6
14 5
15 6
16 4

1 1
2 2
3 8
4 5
5 3
6 3
7 4
8 2
9 9
10 8
11 9
12 6
13 9
14 3
15 8
16 3

1 6
2 0
3 2
4 8
5 8
6 3
7 6
8 5
9 0
10 2
11 4
12 4
13 2
14 1
15 9
16 4

1 1
2 9
3 0
4 8
5 9
6 0
7 7
8 9
9 2
10 2
11 9
12 7
13 0
14 6
15 9
16 2

1 8
2 4
3 7
4 7
5 0
6 4
7 7
8 8
9 0
10 3
11 0
12 1
13 3
14 3
15 1
16 4

1 9
2 4
3 7
4 2
5 2
6 5
7 4
8 6
9 3
10 4
11 0
12 0
13 3
14 2
15 8
16 3

1 0
2 8
3 6
4 8
5 3
6 9
7 9
8 3
9 8
10 6
11 7
12 5
13 6
14 5
15 6
16 4

1 1
2 2
3 8
4 5
5 3
6 3
7 4
8 2
9 9
10 8
11 9
12 6
13 9
14 3
15 8
16 3

1 6
2 0
3 2
4 8
5 8
6 3
7 6
8 5
9 0
10 2
11 4
12 4
13 2
14 1
15 9
16 4

1 1
2 9
3 0
4 8
5 9
6 0
7 7
8 9
9 2
10 2
11 9
12 7
13 0
14 6
15 9
16 2

1 8
2 4
3 7
4 7
5 0
6 4
7 7
8 8
9 0
10 3
11 0
12 1
13 3
14 3
15 1
16 4

1 9
2 4
3 7
4 2
5 2
6 5
7 4
8 6
9 3
10 4
11 0
12 0
13 3
14 2
15 8
16 3