1 0
2 0
3 0
4 0

1 17
2 10
3 12
4 11

1 16
2 14
3 17
4 17

1 11
2 18
3 10
4 15

1 19
2 17
3 17
4 18

1 17
2 10
3 12
4 11

1 16
2 14
3 17
4 17

1 11
2 18
3 10
4 15

1 19
2 17
3 17
4 18

1 17
2 10
3 12
4 11

1 16
2 14
3 17
4 17

1 11
2 18
3 10
4 15

1 19
2 17
3 17
4 18

1 17
2 10
3 12
4 11

1 16
2 14
3 17
4 17

1 11
2 18
3 10
4 15

1 19
2 17
3 17
4 18

1 17
2 10
3 12
4 11

1 16
2 14
3 17
4 17

1 11
2 18
3 10
4 15

1 19
2 17
3 17
4 18

1 17
2 10
3 12
4 11

1 16
2 14
3 17
4 17

1 11
2 18
3 10
4 15

1 19
2 17
3 17
4 18

1 17
2 10
3 12
4 11

1 16
2 14
3 17
4 17

1 11
2 18
3 10
4 15

1 19
2 17
3 17
4 18

1 17
2 10
3 12
4 11

1 16
2 14
3 17
4 17

1 11
2 18
3 10
4 15

1 19
2 17
3 17
4 18

1 17
2 10
3 12
4 11

1 16
2 14
3 17
4 17

1 11
2 18
3 10
4 15

1 19
2 17
3 17
4 18

1 17
2 10
3 12
4 11

1 16
2 14
3 17
4 17

1 11
2 18
3 10
4 15

1 19
2 17
3 17
4 18

1 17
2 10
3 12
4 11

1 16
2 14
3 17
4 17

1 11
2 18
3 10
4 15

1 19
2 17
3 17
4 18

1 17
2 10
3 12
4 11

1 16
2 14
3 17
4 17

1 11
2 18
3 10
4 15

1 19
2 17
3 17
4 18

1 17
2 10
3 12
4 11

1 16
2 14
3 17
4 17

1 11
2 18
3 10
4 15

1 19
2 17
3 17
4 18

1 17
2 10
3 12
4 11

1 16
2 14
3 17
4 17

1 11
2 18
3 10
4 15

1 19
2 17
3 17
4 18

1 17
2 10
3 12
4 11

1 16
2 14
3 17
4 17

1 11
2 18
3 10
4 15

1 19
2 17
3 17
4 18