1 0
2 0
3 0
4 0
5 0
6 0
7 0
8 0
9 0
10 0
11 0
12 0
13 0
14 0
15 0
16 0

1 6
2 6
3 0
4 9
5 1
6 7
7 0
8 0
9 3
10 0
11 9
12 8
13 8
14 2
15 7
16 4

1 4
2 8
3 4
4 8
5 8
6 7
7 4
8 4
9 9
10 1
11 2
12 7
13 3
14 6
15 8
16 5

1 2
2 4
3 3
4 9
5 1
6 3
7 6
8 6
9 7
10 5
11 6
12 3
13 6
14 5
15 7
16 0

1 7
2 4
3 6
4 3
5 3
6 5
7 4
8 3
9 9
10 1
11 9
12 3
13 8
14 2
15 7
16 6

1 8
2 9
3 2
4 3
5 3
6 4
7 1
8 6
9 2
10 6
11 8
12 8
13 5
14 5
15 5
16 8

1 7
2 3
3 0
4 8
5 2
6 0
7 2
8 2
9 4
10 5
11 0
12 8
13 4
14 7
15 3
16 2

1 6
2 6
3 0
4 9
5 1
6 7
7 0
8 0
9 3
10 0
11 9
12 8
13 8
14 2
15 7
16 4

1 4
2 8
3 4
4 8
5 8
6 7
7 4
8 4
9 9
10 1
11 2
12 7
13 3
14 6
15 8
16 5

1 2
2 4
3 3
4 9
5 1
6 3
7 6
8 6
9 7
10 5
11 6
12 3
13 6
14 5
15 7
16 0

1 7
2 4
3 6
4 3
5 3
6 5
7 4
8 3
9 9
10 1
11 9
12 3
13 8
14 2
15 7
16 6

1 8
2 9
3 2
4 3
5 3
6 4
7 1
8 6
9 2
10 6
11 8
12 8
13 5
14 5
15 5
16 8

1 7
2 3
3 0
4 8
5 2
6 0
7 2
8 2
9 4
10 5
11 0
12 8
13 4
14 7
15 3
16 2

1 6
2 6
3 0
4 9
5 1
6 7
7 0
8 0
9 3
10 0
11 9
12 8
13 8
14 2
15 7
16 4

1 4
2 8
3 4
4 8
5 8
6 7
7 4
8 4
9 9
10 1
11 2
12 7
13 3
14 6
15 8
16 5

1 2
2 4
3 3
4 9
5 1
6 3
7 6
8 6
9 7
10 5
11 6
12 3
13 6
14 5
15 7
16 0

1 7
2 4
3 6
4 3
5 3
6 5
7 4
8 3
9 9
10 1
11 9
12 3
13 8
14 2
15 7
16 6

1 8
2 9
3 2
4 3
5 3
6 4
7 1
8 6
9 2
10 6
11 8
12 8
13 5
14 5
15 5
16 8

1 7
2 3
3 0
4 8
5 2
6 0
7 2
8 2
9 4
10 5
11 0
12 8
13 4
14 7
15 3
16 2

1 6
2 6
3 0
4 9
5 1
6 7
7 0
8 0
9 3
10 0
11 9
12 8
13 8
14 2
15 7
16 4

1 4
2 8
3 4
4 8
5 8
6 7
7 4
8 4
9 9
10 1
11 2
12 7
13 3
14 6
15 8
16 5

1 2
2 4
3 3
4 9
5 1
6 3
7 6
8 6
9 7
10 5
11 6
12 3
13 6
14 5
15 7
16 0

1 7
2 4
3 6
4 3
5 3
6 5
7 4
8 3
9 9
10 1
11 9
12 3
13 8
14 2
15 7
16 6

1 8
2 9
3 2
4 3
5 3
6 4
7 1
8 6
9 2
10 6
11 8
12 8
13 5
14 5
15 5
16 8

1 7
2 3
3 0
4 8
5 2
6 0
7 2
8 2
9 4
10 5
11 0
12 8
13 4
14 7
15 3
16 2

1 6
2 6
3 0
4 9
5 1
6 7
7 0
8 0
9 3
10 0
11 9
12 8
13 8
14 2
15 7
16 4

1 4
2 8
3 4
4 8
5 8
6 7
7 4
8 4
9 9
10 1
11 2
12 7
13 3
14 6
15 8
16 5

1 2
2 4
3 3
4 9
5 1
6 3
7 6
8 6
9 7
10 5
11 6
12 3
13 6
14 5
15 7
16 0

1 7
2 4
3 6
4 3
5 3
6 5
7 4
8 3
9 9
10 1
11 9
12 3
13 8
14 2
15 7
16 6

1 8
2 9
3 2
4 3
5 3
6 4
7 1
8 6
9 2
10 6
11 8
12 8
13 5
14 5
15 5
16 8

1 7
2 3
3 0
4 8
5 2
6 0
7 2
8 2
9 4
10 5
11 0
12 8
13 4
14 7
15 3
16 2

1 6
2 6
3 0
4 9
5 1
6 7
7 0
8 0
9 3
10 0
11 9
12 8
13 8
14 2
15 7
16 4

1 4
2 8
3 4
4 8
5 8
6 7
7 4
8 4
9 9
10 1
11 2
12 7
13 3
14 6
15 8
16 5

1 2
2 4
3 3
4 9
5 1
6 3
7 6
8 6
9 7
10 5
11 6
12 3
13 6
14 5
15 7
16 0

1 7
2 4
3 6
4 3
5 3
6 5
7 4
8 3
9 9
10 1
11 9
12 3
13 8
14 2
15 7
16 6

1 8
2 9
3 2
4 3
5 3
6 4
7 1
8 6
9 2
10 6
11 8
12 8
13 5
14 5
15 5
16 8

1 7
2 3
3 0
4 8
5 2
6 0
7 2
8 2
9 4
10 5
11 0
12 8
13 4
14 7
15 3
16 2

1 6
2 6
3 0
4 9
5 1
6 7
7 0
8 0
9 3
10 0
11 9
12 8
13 8
14 2
15 7
16 4

1 4
2 8
3 4
4 8
5 8
6 7
7 4
8 4
9 9
10 1
11 2
12 7
13 3
14 6
15 8
16 5

1 2
2 4
3 3
4 9
5 1
6 3
7 6
8 6
9 7
10 5
11 6
12 3
13 6
14 5
15 7
16 0

1 7
2 4
3 6
4 3
5 3
6 5
7 4
8 3
9 9
10 1
11 9
12 3
13 8
14 2
15 7
16 6

1 8
2 9
3 2
4 3
5 3
6 4
7 1
8 6
9 2
10 6
11 8
12 8
13 5
14 5
15 5
16 8

1 7
2 3
3 0
4 8
5 2
6 0
7 2
8 2
9 4
10 5
11 0
12 8
13 4
14 7
15 3
16 2

1 6
2 6
3 0
4 9
5 1
6 7
7 0
8 0
9 3
10 0
11 9
12 8
13 8
14 2
15 7
16 4

1 4
2 8
3 4
4 8
5 8
6 7
7 4
8 4
9 9
10 1
11 2
12 7
13 3
14 6
15 8
16 5

1 2
2 4
3 3
4 9
5 1
6 3
7 6
8 6
9 7
10 5
11 6
12 3
13 6
14 5
15 7
16 0

1 7
2 4
3 6
4 3
5 3
6 5
7 4
8 3
9 9
10 1
11 9
12 3
13 8
14 2
15 7
16 6

1 8
2 9
3 2
4 3
5 3
6 4
7 1
8 6
9 2
10 6
11 8
12 8
13 5
14 5
15 5
16 8

1 7
2 3
3 0
4 8
5 2
6 0
7 2
8 2
9 4
10 5
11 0
12 8
13 4
14 7
15 3
16 2

1 6
2 6
3 0
4 9
5 1
6 7
7 0
8 0
9 3
10 0
11 9
12 8
13 8
14 2
15 7
16 4

1 4
2 8
3 4
4 8
5 8
6 7
7 4
8 4
9 9
10 1
11 2
12 7
13 3
14 6
15 8
16 5

1 2
2 4
3 3
4 9
5 1
6 3
7 6
8 6
9 7
10 5
11 6
12 3
13 6
14 5
15 7
16 0

1 7
2 4
3 6
4 3
5 3
6 5
7 4
8 3
9 9
10 1
11 9
12 3
13 8
14 2
15 7
16 6

1 8
2 9
3 2
4 3
5 3
6 4
7 1
8 6
9 2
10 6
11 8
12 8
13 5
14 5
15 5
16 8

1 7
2 3
3 0
4 8
5 2
6 0
7 2
8 2
9 4
10 5
11 0
12 8
13 4
14 7
15 3
16 2

1 6
2 6
3 0
4 9
5 1
6 7
7 0
8 0
9 3
10 0
11 9
12 8
13 8
14 2
15 7
16 4

1 4
2 8
3 4
4 8
5 8
6 7
7 4
8 4
9 9
10 1
11 2
12 7
13 3
14 6
15 8
16 5

1 2
2 4
3 3
4 9
5 1
6 3
7 6
8 6
9 7
10 5
11 6
12 3
13 6
14 5
15 7
16 0

1 7
2 4
3 6
4 3
5 3
6 5
7 4
8 3
9 9
10 1
11 9
12 3
13 8
14 2
15 7
16 6

1 8
2 9
3 2
4 3
5 3
6 4
7 1
8 6
9 2
10 6
11 8
12 8
13 5
14 5
15 5
16 8

1 7
2 3
3 0
4 8
5 2
6 0
7 2
8 2
9 4
10 5
11 0
12 8
13 4
14 7
15 3
16 2

1 6
2 6
3 0
4 9
5 1
6 7
7 0
8 0
9 3
10 0
11 9
12 8
13 8
14 2
15 7
16 4

1 4
2 8
3 4
4 8
5 8
6 7
7 4
8 4
9 9
10 1
11 2
12 7
13 3
14 6
15 8
16 5

1 2
2 4
3 3
4 9
5 1
6 3
7 6
8 6
9 7
10 5
11 6
12 3
13 6
14 5
15 7
16 0

1 7
2 4
3 6
4 3
5 3
6 5
7 4
8 3
9 9
10 1
11 9
12 3
13 8
14 2
15 7
16 6

1 8
2 9
3 2
4 3
5 3
6 4
7 1
8 6
9 2
10 6
11 8
12 8
13 5
14 5
15 5
16 8

1 7
2 3
3 0
4 8
5 2
6 0
7 2
8 2
9 4
10 5
11 0
12 8
13 4
14 7
15 3
16 2

1 6
2 6
3 0
4 9
5 1
6 7
7 0
8 0
9 3
10 0
11 9
12 8
13 8
14 2
15 7
16 4

1 4
2 8
3 4
4 8
5 8
6 7
7 4
8 4
9 9
10 1
11 2
12 7
13 3
14 6
15 8
16 5

1 2
2 4
3 3
4 9
5 1
6 3
7 6
8 6
9 7
10 5
11 6
12 3
13 6
14 5
15 7
16 0

1 7
2 4
3 6
4 3
5 3
6 5
7 4
8 3
9 9
10 1
11 9
12 3
13 8
14 2
15 7
16 6

1 8
2 9
3 2
4 3
5 3
6 4
7 1
8 6
9 2
10 6
11 8
12 8
13 5
14 5
15 5
16 8

1 7
2 3
3 0
4 8
5 2
6 0
7 2
8 2
9 4
10 5
11 0
12 8
13 4
14 7
15 3
16 2

1 6
2 6
3 0
4 9
5 1
6 7
7 0
8 0
9 3
10 0
11 9
12 8
13 8
14 2
15 7
16 4

1 4
2 8
3 4
4 8
5 8
6 7
7 4
8 4
9 9
10 1
11 2
12 7
13 3
14 6
15 8
16 5

1 2
2 4
3 3
4 9
5 1
6 3
7 6
8 6
9 7
10 5
11 6
12 3
13 6
14 5
15 7
16 0

1 7
2 4
3 6
4 3
5 3
6 5
7 4
8 3
9 9
10 1
11 9
12 3
13 8
14 2
15 7
16 6

1 8
2 9
3 2
4 3
5 3
6 4
7 1
8 6
9 2
10 6
11 8
12 8
13 5
14 5
15 5
16 8

1 7
2 3
3 0
4 8
5 2
6 0
7 2
8 2
9 4
10 5
11 0
12 8
13 4
14 7
15 3
16 2

1 6
2 6
3 0
4 9
5 1
6 7
7 0
8 0
9 3
10 0
11 9
12 8
13 8
14 2
15 7
16 4

1 4
2 8
3 4
4 8
5 8
6 7
7 4
8 4
9 9
10 1
11 2
12 7
13 3
14 6
15 8
16 5

1 2
2 4
3 3
4 9
5 1
6 3
7 6
8 6
9 7
10 5
11 6
12 3
13 6
14 5
15 7
16 0

1 7
2 4
3 6
4 3
5 3
6 5
7 4
8 3
9 9
10 1
11 9
12 3
13 8
14 2
15 7
16 6

1 8
2 9
3 2
4 3
5 3
6 4
7 1
8 6
9 2
10 6
11 8
12 8
13 5
14 5
15 5
16 8

1 7
2 3
3 0
4 8
5 2
6 0
7 2
8 2
9 4
10 5
11 0
12 8
13 4
14 7
15 3
16 2

1 6
2 6
3 0
4 9
5 1
6 7
7 0
8 0
9 3
10 0
11 9
12 8
13 8
14 2
15 7
16 4

1 4
2 8
3 4
4 8
5 8
6 7
7 4
8 4
9 9
10 1
11 2
12 7
13 3
14 6
15 8
16 5

1 2
2 4
3 3
4 9
5 1
6 3
7 6
8 6
9 7
10 5
11 6
12 3
13 6
14 5
15 7
16 0

1 7
2 4
3 6
4 3
5 3
6 5
7 4
8 3
9 9
10 1
11 9
12 3
13 8
14 2
15 7
16 6

1 8
2 9
3 2
4 3
5 3
6 4
7 1
8 6
9 2
10 6
11 8
12 8
13 5
14 5
15 5
16 8

1 7
2 3
3 0
4 8
5 2
6 0
7 2
8 2
9 4
10 5
11 0
12 8
13 4
14 7
15 3
16 2

1 6
2 6
3 0
4 9
5 1
6 7
7 0
8 0
9 3
10 0
11 9
12 8
13 8
14 2
15 7
16 4

1 4
2 8
3 4
4 8
5 8
6 7
7 4
8 4
9 9
10 1
11 2
12 7
13 3
14 6
15 8
16 5

1 2
2 4
3 3
4 9
5 1
6 3
7 6
8 6
9 7
10 5
11 6
12 3
13 6
14 5
15 7
16 0

1 7
2 4
3 6
4 3
5 3
6 5
7 4
8 3
9 9
10 1
11 9
12 3
13 8
14 2
15 7
16 6

1 8
2 9
3 2
4 3
5 3
6 4
7 1
8 6
9 2
10 6
11 8
12 8
13 5
14 5
15 5
16 8

1 7
2 3
3 0
4 8
5 2
6 0
7 2
8 2
9 4
10 5
11 0
12 8
13 4
14 7
15 3
16 2

1 6
2 6
3 0
4 9
5 1
6 7
7 0
8 0
9 3
10 0
11 9
12 8
13 8
14 2
15 7
16 4

1 4
2 8
3 4
4 8
5 8
6 7
7 4
8 4
9 9
10 1
11 2
12 7
13 3
14 6
15 8
16 5

1 2
2 4
3 3
4 9
5 1
6 3
7 6
8 6
9 7
10 5
11 6
12 3
13 6
14 5
15 7
16 0

1 7
2 4
3 6
4 3
5 3
6 5
7 4
8 3
9 9
10 1
11 9
12 3
13 8
14 2
15 7
16 6

1 8
2 9
3 2
4 3
5 3
6 4
7 1
8 6
9 2
10 6
11 8
12 8
13 5
14 5
15 5
16 8

1 7
2 3
3 0
4 8
5 2
6 0
7 2
8 2
9 4
10 5
11 0
12 8
13 4
14 7
15 3
16 2

1 6
2 6
3 0
4 9
5 1
6 7
7 0
8 0
9 3
10 0
11 9
12 8
13 8
14 2
15 7
16 4

1 4
2 8
3 4
4 8
5 8
6 7
7 4
8 4
9 9
10 1
11 2
12 7
13 3
14 6
15 8
16 5

1 2
2 4
3 3
4 9
5 1
6 3
7 6
8 6
9 7
10 5
11 6
12 3
13 6
14 5
15 7
16 0

1 7
2 4
3 6
4 3
5 3
6 5
7 4
8 3
9 9
10 1
11 9
12 3
13 8
14 2
15 7
16 6

1 8
2 9
3 2
4 3
5 3
6 4
7 1
8 6
9 2
10 6
11 8
12 8
13 5
14 5
15 5
16 8

1 7
2 3
3 0
4 8
5 2
6 0
7 2
8 2
9 4
10 5
11 0
12 8
13 4
14 7
15 3
16 2

1 6
2 6
3 0
4 9
5 1
6 7
7 0
8 0
9 3
10 0
11 9
12 8
13 8
14 2
15 7
16 4

1 4
2 8
3 4
4 8
5 8
6 7
7 4
8 4
9 9
10 1
11 2
12 7
13 3
14 6
15 8
16 5

1 2
2 4
3 3
4 9
5 1
6 3
7 6
8 6
9 7
10 5
11 6
12 3
13 6
14 5
15 7
16 0

1 7
2 4
3 6
4 3
5 3
6 5
7 4
8 3
9 9
10 1
11 9
12 3
13 8
14 2
15 7
16 6

1 8
2 9
3 2
4 3
5 3
6 4
7 1
8 6
9 2
10 6
11 8
12 8
13 5
14 5
15 5
16 8

1 7
2 3
3 0
4 8
5 2
6 0
7 2
8 2
9 4
10 5
11 0
12 8
13 4
14 7
15 3
16 2

1 6
2 6
3 0
4 9
5 1
6 7
7 0
8 0
9 3
10 0
11 9
12 8
13 8
14 2
15 7
16 4

1 4
2 8
3 4
4 8
5 8
6 7
7 4
8 4
9 9
10 1
11 2
12 7
13 3
14 6
15 8
16 5

1 2
2 4
3 3
4 9
5 1
6 3
7 6
8 6
9 7
10 5
11 6
12 3
13 6
14 5
15 7
16 0

1 7
2 4
3 6
4 3
5 3
6 5
7 4
8 3
9 9
10 1
11 9
12 3
13 8
14 2
15 7
16 6

1 8
2 9
3 2
4 3
5 3
6 4
7 1
8 6
9 2
10 6
11 8
12 8
13 5
14 5
15 5
16 8

1 7
2 3
3 0
4 8
5 2
6 0
7 2
8 2
9 4
10 5
11 0
12 8
13 4
14 7
15 3
16 2