1 0
2 0
3 0
4 0
5 0
6 0
7 0
8 0

1 17
2 10
3 10
4 16
5 10
6 11
7 12
8 16

1 16
2 13
3 12
4 19
5 16
6 15
7 12
8 15

1 17
2 10
3 10
4 16
5 10
6 11
7 12
8 16

1 16
2 13
3 12
4 19
5 16
6 15
7 12
8 15

1 17
2 10
3 10
4 16
5 10
6 11
7 12
8 16

1 16
2 13
3 12
4 19
5 16
6 15
7 12
8 15

1 17
2 10
3 10
4 16
5 10
6 11
7 12
8 16

1 16
2 13
3 12
4 19
5 16
6 15
7 12
8 15

1 17
2 10
3 10
4 16
5 10
6 11
7 12
8 16

1 16
2 13
3 12
4 19
5 16
6 15
7 12
8 15

1 17
2 10
3 10
4 16
5 10
6 11
7 12
8 16

1 16
2 13
3 12
4 19
5 16
6 15
7 12
8 15

1 17
2 10
3 10
4 16
5 10
6 11
7 12
8 16

1 16
2 13
3 12
4 19
5 16
6 15
7 12
8 15

1 17
2 10
3 10
4 16
5 10
6 11
7 12
8 16

1 16
2 13
3 12
4 19
5 16
6 15
7 12
8 15

1 17
2 10
3 10
4 16
5 10
6 11
7 12
8 16

1 16
2 13
3 12
4 19
5 16
6 15
7 12
8 15

1 17
2 10
3 10
4 16
5 10
6 11
7 12
8 16

1 16
2 13
3 12
4 19
5 16
6 15
7 12
8 15

1 17
2 10
3 10
4 16
5 10
6 11
7 12
8 16

1 16
2 13
3 12
4 19
5 16
6 15
7 12
8 15

1 17
2 10
3 10
4 16
5 10
6 11
7 12
8 16

1 16
2 13
3 12
4 19
5 16
6 15
7 12
8 15

1 17
2 10
3 10
4 16
5 10
6 11
7 12
8 16

1 16
2 13
3 12
4 19
5 16
6 15
7 12
8 15

1 17
2 10
3 10
4 16
5 10
6 11
7 12
8 16

1 16
2 13
3 12
4 19
5 16
6 15
7 12
8 15

1 17
2 10
3 10
4 16
5 10
6 11
7 12
8 16

1 16
2 13
3 12
4 19
5 16
6 15
7 12
8 15

1 17
2 10
3 10
4 16
5 10
6 11
7 12
8 16

1 16
2 13
3 12
4 19
5 16
6 15
7 12
8 15

1 17
2 10
3 10
4 16
5 10
6 11
7 12
8 16

1 16
2 13
3 12
4 19
5 16
6 15
7 12
8 15

1 17
2 10
3 10
4 16
5 10
6 11
7 12
8 16

1 16
2 13
3 12
4 19
5 16
6 15
7 12
8 15

1 17
2 10
3 10
4 16
5 10
6 11
7 12
8 16

1 16
2 13
3 12
4 19
5 16
6 15
7 12
8 15

1 17
2 10
3 10
4 16
5 10
6 11
7 12
8 16

1 16
2 13
3 12
4 19
5 16
6 15
7 12
8 15