1 0
2 0
3 0
4 0
5 0
6 0
7 0
8 0

1 15
2 11
3 20
4 18
5 15
6 18
7 11
8 19

1 12
2 12
3 20
4 17
5 16
6 18
7 12
8 10

1 15
2 11
3 20
4 18
5 15
6 18
7 11
8 19

1 12
2 12
3 20
4 17
5 16
6 18
7 12
8 10

1 15
2 11
3 20
4 18
5 15
6 18
7 11
8 19

1 12
2 12
3 20
4 17
5 16
6 18
7 12
8 10

1 15
2 11
3 20
4 18
5 15
6 18
7 11
8 19

1 12
2 12
3 20
4 17
5 16
6 18
7 12
8 10

1 15
2 11
3 20
4 18
5 15
6 18
7 11
8 19

1 12
2 12
3 20
4 17
5 16
6 18
7 12
8 10

1 15
2 11
3 20
4 18
5 15
6 18
7 11
8 19

1 12
2 12
3 20
4 17
5 16
6 18
7 12
8 10

1 15
2 11
3 20
4 18
5 15
6 18
7 11
8 19

1 12
2 12
3 20
4 17
5 16
6 18
7 12
8 10

1 15
2 11
3 20
4 18
5 15
6 18
7 11
8 19

1 12
2 12
3 20
4 17
5 16
6 18
7 12
8 10

1 15
2 11
3 20
4 18
5 15
6 18
7 11
8 19

1 12
2 12
3 20
4 17
5 16
6 18
7 12
8 10

1 15
2 11
3 20
4 18
5 15
6 18
7 11
8 19

1 12
2 12
3 20
4 17
5 16
6 18
7 12
8 10

1 15
2 11
3 20
4 18
5 15
6 18
7 11
8 19

1 12
2 12
3 20
4 17
5 16
6 18
7 12
8 10

1 15
2 11
3 20
4 18
5 15
6 18
7 11
8 19

1 12
2 12
3 20
4 17
5 16
6 18
7 12
8 10

1 15
2 11
3 20
4 18
5 15
6 18
7 11
8 19

1 12
2 12
3 20
4 17
5 16
6 18
7 12
8 10

1 15
2 11
3 20
4 18
5 15
6 18
7 11
8 19

1 12
2 12
3 20
4 17
5 16
6 18
7 12
8 10

1 15
2 11
3 20
4 18
5 15
6 18
7 11
8 19

1 12
2 12
3 20
4 17
5 16
6 18
7 12
8 10