1 0
2 0
3 0
4 0
5 0
6 0
7 0
8 0

1 6
2 4
3 9
4 9
5 1
6 2
7 0
8 5

1 0
2 2
3 8
4 4
5 3
6 3
7 8
8 9

1 2
2 0
3 7
4 0
5 8
6 2
7 0
8 9

1 7
2 5
3 7
4 7
5 8
6 0
7 5
8 0

1 0
2 4
3 8
4 4
5 4
6 8
7 6
8 3

1 7
2 0
3 7
4 6
5 8
6 5
7 8
8 8

1 6
2 4
3 9
4 9
5 1
6 2
7 0
8 5

1 0
2 2
3 8
4 4
5 3
6 3
7 8
8 9

1 2
2 0
3 7
4 0
5 8
6 2
7 0
8 9

1 7
2 5
3 7
4 7
5 8
6 0
7 5
8 0

1 0
2 4
3 8
4 4
5 4
6 8
7 6
8 3

1 7
2 0
3 7
4 6
5 8
6 5
7 8
8 8

1 6
2 4
3 9
4 9
5 1
6 2
7 0
8 5

1 0
2 2
3 8
4 4
5 3
6 3
7 8
8 9

1 2
2 0
3 7
4 0
5 8
6 2
7 0
8 9

1 7
2 5
3 7
4 7
5 8
6 0
7 5
8 0

1 0
2 4
3 8
4 4
5 4
6 8
7 6
8 3

1 7
2 0
3 7
4 6
5 8
6 5
7 8
8 8

1 6
2 4
3 9
4 9
5 1
6 2
7 0
8 5

1 0
2 2
3 8
4 4
5 3
6 3
7 8
8 9

1 2
2 0
3 7
4 0
5 8
6 2
7 0
8 9

1 7
2 5
3 7
4 7
5 8
6 0
7 5
8 0

1 0
2 4
3 8
4 4
5 4
6 8
7 6
8 3

1 7
2 0
3 7
4 6
5 8
6 5
7 8
8 8

1 6
2 4
3 9
4 9
5 1
6 2
7 0
8 5

1 0
2 2
3 8
4 4
5 3
6 3
7 8
8 9

1 2
2 0
3 7
4 0
5 8
6 2
7 0
8 9

1 7
2 5
3 7
4 7
5 8
6 0
7 5
8 0

1 0
2 4
3 8
4 4
5 4
6 8
7 6
8 3

1 7
2 0
3 7
4 6
5 8
6 5
7 8
8 8

1 6
2 4
3 9
4 9
5 1
6 2
7 0
8 5

1 0
2 2
3 8
4 4
5 3
6 3
7 8
8 9

1 2
2 0
3 7
4 0
5 8
6 2
7 0
8 9

1 7
2 5
3 7
4 7
5 8
6 0
7 5
8 0

1 0
2 4
3 8
4 4
5 4
6 8
7 6
8 3

1 7
2 0
3 7
4 6
5 8
6 5
7 8
8 8

1 6
2 4
3 9
4 9
5 1
6 2
7 0
8 5

1 0
2 2
3 8
4 4
5 3
6 3
7 8
8 9

1 2
2 0
3 7
4 0
5 8
6 2
7 0
8 9

1 7
2 5
3 7
4 7
5 8
6 0
7 5
8 0

1 0
2 4
3 8
4 4
5 4
6 8
7 6
8 3

1 7
2 0
3 7
4 6
5 8
6 5
7 8
8 8

1 6
2 4
3 9
4 9
5 1
6 2
7 0
8 5

1 0
2 2
3 8
4 4
5 3
6 3
7 8
8 9

1 2
2 0
3 7
4 0
5 8
6 2
7 0
8 9

1 7
2 5
3 7
4 7
5 8
6 0
7 5
8 0

1 0
2 4
3 8
4 4
5 4
6 8
7 6
8 3

1 7
2 0
3 7
4 6
5 8
6 5
7 8
8 8

1 6
2 4
3 9
4 9
5 1
6 2
7 0
8 5

1 0
2 2
3 8
4 4
5 3
6 3
7 8
8 9

1 2
2 0
3 7
4 0
5 8
6 2
7 0
8 9

1 7
2 5
3 7
4 7
5 8
6 0
7 5
8 0

1 0
2 4
3 8
4 4
5 4
6 8
7 6
8 3

1 7
2 0
3 7
4 6
5 8
6 5
7 8
8 8

1 6
2 4
3 9
4 9
5 1
6 2
7 0
8 5

1 0
2 2
3 8
4 4
5 3
6 3
7 8
8 9

1 2
2 0
3 7
4 0
5 8
6 2
7 0
8 9

1 7
2 5
3 7
4 7
5 8
6 0
7 5
8 0

1 0
2 4
3 8
4 4
5 4
6 8
7 6
8 3

1 7
2 0
3 7
4 6
5 8
6 5
7 8
8 8