1 0
2 0
3 0
4 0
5 0
6 0
7 0
8 0
9 0
10 0
11 0
12 0
13 0
14 0
15 0
16 0

1 6
2 8
3 3
4 7
5 0
6 5
7 8
8 0
9 2
10 9
11 1
12 7
13 5
14 5
15 3
16 2

1 0
2 5
3 1
4 6
5 2
6 4
7 5
8 7
9 2
10 1
11 8
12 0
13 9
14 5
15 9
16 3

1 6
2 8
3 3
4 7
5 0
6 5
7 8
8 0
9 2
10 9
11 1
12 7
13 5
14 5
15 3
16 2

1 0
2 5
3 1
4 6
5 2
6 4
7 5
8 7
9 2
10 1
11 8
12 0
13 9
14 5
15 9
16 3

1 6
2 8
3 3
4 7
5 0
6 5
7 8
8 0
9 2
10 9
11 1
12 7
13 5
14 5
15 3
16 2

1 0
2 5
3 1
4 6
5 2
6 4
7 5
8 7
9 2
10 1
11 8
12 0
13 9
14 5
15 9
16 3

1 6
2 8
3 3
4 7
5 0
6 5
7 8
8 0
9 2
10 9
11 1
12 7
13 5
14 5
15 3
16 2

1 0
2 5
3 1
4 6
5 2
6 4
7 5
8 7
9 2
10 1
11 8
12 0
13 9
14 5
15 9
16 3

1 6
2 8
3 3
4 7
5 0
6 5
7 8
8 0
9 2
10 9
11 1
12 7
13 5
14 5
15 3
16 2

1 0
2 5
3 1
4 6
5 2
6 4
7 5
8 7
9 2
10 1
11 8
12 0
13 9
14 5
15 9
16 3

1 6
2 8
3 3
4 7
5 0
6 5
7 8
8 0
9 2
10 9
11 1
12 7
13 5
14 5
15 3
16 2

1 0
2 5
3 1
4 6
5 2
6 4
7 5
8 7
9 2
10 1
11 8
12 0
13 9
14 5
15 9
16 3

1 6
2 8
3 3
4 7
5 0
6 5
7 8
8 0
9 2
10 9
11 1
12 7
13 5
14 5
15 3
16 2

1 0
2 5
3 1
4 6
5 2
6 4
7 5
8 7
9 2
10 1
11 8
12 0
13 9
14 5
15 9
16 3

1 6
2 8
3 3
4 7
5 0
6 5
7 8
8 0
9 2
10 9
11 1
12 7
13 5
14 5
15 3
16 2

1 0
2 5
3 1
4 6
5 2
6 4
7 5
8 7
9 2
10 1
11 8
12 0
13 9
14 5
15 9
16 3

1 6
2 8
3 3
4 7
5 0
6 5
7 8
8 0
9 2
10 9
11 1
12 7
13 5
14 5
15 3
16 2

1 0
2 5
3 1
4 6
5 2
6 4
7 5
8 7
9 2
10 1
11 8
12 0
13 9
14 5
15 9
16 3

1 6
2 8
3 3
4 7
5 0
6 5
7 8
8 0
9 2
10 9
11 1
12 7
13 5
14 5
15 3
16 2

1 0
2 5
3 1
4 6
5 2
6 4
7 5
8 7
9 2
10 1
11 8
12 0
13 9
14 5
15 9
16 3

1 6
2 8
3 3
4 7
5 0
6 5
7 8
8 0
9 2
10 9
11 1
12 7
13 5
14 5
15 3
16 2

1 0
2 5
3 1
4 6
5 2
6 4
7 5
8 7
9 2
10 1
11 8
12 0
13 9
14 5
15 9
16 3

1 6
2 8
3 3
4 7
5 0
6 5
7 8
8 0
9 2
10 9
11 1
12 7
13 5
14 5
15 3
16 2

1 0
2 5
3 1
4 6
5 2
6 4
7 5
8 7
9 2
10 1
11 8
12 0
13 9
14 5
15 9
16 3

1 6
2 8
3 3
4 7
5 0
6 5
7 8
8 0
9 2
10 9
11 1
12 7
13 5
14 5
15 3
16 2

1 0
2 5
3 1
4 6
5 2
6 4
7 5
8 7
9 2
10 1
11 8
12 0
13 9
14 5
15 9
16 3

1 6
2 8
3 3
4 7
5 0
6 5
7 8
8 0
9 2
10 9
11 1
12 7
13 5
14 5
15 3
16 2

1 0
2 5
3 1
4 6
5 2
6 4
7 5
8 7
9 2
10 1
11 8
12 0
13 9
14 5
15 9
16 3

1 6
2 8
3 3
4 7
5 0
6 5
7 8
8 0
9 2
10 9
11 1
12 7
13 5
14 5
15 3
16 2

1 0
2 5
3 1
4 6
5 2
6 4
7 5
8 7
9 2
10 1
11 8
12 0
13 9
14 5
15 9
16 3