1 0
2 0
3 0
4 0
5 0
6 0
7 0
8 0
9 0
10 0
11 0
12 0
13 0
14 0
15 0
16 0

1 7
2 2
3 5
4 0
5 3
6 3
7 8
8 1
9 3
10 1
11 7
12 2
13 5
14 1
15 9
16 8

1 0
2 1
3 7
4 3
5 9
6 0
7 4
8 9
9 6
10 4
11 0
12 1
13 8
14 6
15 0
16 7

1 5
2 4
3 8
4 1
5 8
6 8
7 7
8 3
9 8
10 6
11 6
12 4
13 5
14 0
15 0
16 6

1 7
2 2
3 0
4 6
5 0
6 7
7 2
8 0
9 6
10 0
11 7
12 3
13 9
14 4
15 0
16 4

1 7
2 6
3 1
4 0
5 3
6 4
7 2
8 9
9 8
10 9
11 8
12 9
13 8
14 7
15 4
16 1

1 1
2 0
3 4
4 1
5 9
6 3
7 2
8 1
9 6
10 7
11 2
12 6
13 6
14 1
15 2
16 9

1 7
2 2
3 5
4 0
5 3
6 3
7 8
8 1
9 3
10 1
11 7
12 2
13 5
14 1
15 9
16 8

1 0
2 1
3 7
4 3
5 9
6 0
7 4
8 9
9 6
10 4
11 0
12 1
13 8
14 6
15 0
16 7

1 5
2 4
3 8
4 1
5 8
6 8
7 7
8 3
9 8
10 6
11 6
12 4
13 5
14 0
15 0
16 6

1 7
2 2
3 0
4 6
5 0
6 7
7 2
8 0
9 6
10 0
11 7
12 3
13 9
14 4
15 0
16 4

1 7
2 6
3 1
4 0
5 3
6 4
7 2
8 9
9 8
10 9
11 8
12 9
13 8
14 7
15 4
16 1

1 1
2 0
3 4
4 1
5 9
6 3
7 2
8 1
9 6
10 7
11 2
12 6
13 6
14 1
15 2
16 9

1 7
2 2
3 5
4 0
5 3
6 3
7 8
8 1
9 3
10 1
11 7
12 2
13 5
14 1
15 9
16 8

1 0
2 1
3 7
4 3
5 9
6 0
7 4
8 9
9 6
10 4
11 0
12 1
13 8
14 6
15 0
16 7

1 5
2 4
3 8
4 1
5 8
6 8
7 7
8 3
9 8
10 6
11 6
12 4
13 5
14 0
15 0
16 6

1 7
2 2
3 0
4 6
5 0
6 7
7 2
8 0
9 6
10 0
11 7
12 3
13 9
14 4
15 0
16 4

1 7
2 6
3 1
4 0
5 3
6 4
7 2
8 9
9 8
10 9
11 8
12 9
13 8
14 7
15 4
16 1

1 1
2 0
3 4
4 1
5 9
6 3
7 2
8 1
9 6
10 7
11 2
12 6
13 6
14 1
15 2
16 9

1 7
2 2
3 5
4 0
5 3
6 3
7 8
8 1
9 3
10 1
11 7
12 2
13 5
14 1
15 9
16 8

1 0
2 1
3 7
4 3
5 9
6 0
7 4
8 9
9 6
10 4
11 0
12 1
13 8
14 6
15 0
16 7

1 5
2 4
3 8
4 1
5 8
6 8
7 7
8 3
9 8
10 6
11 6
12 4
13 5
14 0
15 0
16 6

1 7
2 2
3 0
4 6
5 0
6 7
7 2
8 0
9 6
10 0
11 7
12 3
13 9
14 4
15 0
16 4

1 7
2 6
3 1
4 0
5 3
6 4
7 2
8 9
9 8
10 9
11 8
12 9
13 8
14 7
15 4
16 1

1 1
2 0
3 4
4 1
5 9
6 3
7 2
8 1
9 6
10 7
11 2
12 6
13 6
14 1
15 2
16 9

1 7
2 2
3 5
4 0
5 3
6 3
7 8
8 1
9 3
10 1
11 7
12 2
13 5
14 1
15 9
16 8

1 0
2 1
3 7
4 3
5 9
6 0
7 4
8 9
9 6
10 4
11 0
12 1
13 8
14 6
15 0
16 7

1 5
2 4
3 8
4 1
5 8
6 8
7 7
8 3
9 8
10 6
11 6
12 4
13 5
14 0
15 0
16 6

1 7
2 2
3 0
4 6
5 0
6 7
7 2
8 0
9 6
10 0
11 7
12 3
13 9
14 4
15 0
16 4

1 7
2 6
3 1
4 0
5 3
6 4
7 2
8 9
9 8
10 9
11 8
12 9
13 8
14 7
15 4
16 1

1 1
2 0
3 4
4 1
5 9
6 3
7 2
8 1
9 6
10 7
11 2
12 6
13 6
14 1
15 2
16 9

1 7
2 2
3 5
4 0
5 3
6 3
7 8
8 1
9 3
10 1
11 7
12 2
13 5
14 1
15 9
16 8

1 0
2 1
3 7
4 3
5 9
6 0
7 4
8 9
9 6
10 4
11 0
12 1
13 8
14 6
15 0
16 7

1 5
2 4
3 8
4 1
5 8
6 8
7 7
8 3
9 8
10 6
11 6
12 4
13 5
14 0
15 0
16 6

1 7
2 2
3 0
4 6
5 0
6 7
7 2
8 0
9 6
10 0
11 7
12 3
13 9
14 4
15 0
16 4

1 7
2 6
3 1
4 0
5 3
6 4
7 2
8 9
9 8
10 9
11 8
12 9
13 8
14 7
15 4
16 1

1 1
2 0
3 4
4 1
5 9
6 3
7 2
8 1
9 6
10 7
11 2
12 6
13 6
14 1
15 2
16 9

1 7
2 2
3 5
4 0
5 3
6 3
7 8
8 1
9 3
10 1
11 7
12 2
13 5
14 1
15 9
16 8

1 0
2 1
3 7
4 3
5 9
6 0
7 4
8 9
9 6
10 4
11 0
12 1
13 8
14 6
15 0
16 7

1 5
2 4
3 8
4 1
5 8
6 8
7 7
8 3
9 8
10 6
11 6
12 4
13 5
14 0
15 0
16 6

1 7
2 2
3 0
4 6
5 0
6 7
7 2
8 0
9 6
10 0
11 7
12 3
13 9
14 4
15 0
16 4

1 7
2 6
3 1
4 0
5 3
6 4
7 2
8 9
9 8
10 9
11 8
12 9
13 8
14 7
15 4
16 1

1 1
2 0
3 4
4 1
5 9
6 3
7 2
8 1
9 6
10 7
11 2
12 6
13 6
14 1
15 2
16 9

1 7
2 2
3 5
4 0
5 3
6 3
7 8
8 1
9 3
10 1
11 7
12 2
13 5
14 1
15 9
16 8

1 0
2 1
3 7
4 3
5 9
6 0
7 4
8 9
9 6
10 4
11 0
12 1
13 8
14 6
15 0
16 7

1 5
2 4
3 8
4 1
5 8
6 8
7 7
8 3
9 8
10 6
11 6
12 4
13 5
14 0
15 0
16 6

1 7
2 2
3 0
4 6
5 0
6 7
7 2
8 0
9 6
10 0
11 7
12 3
13 9
14 4
15 0
16 4

1 7
2 6
3 1
4 0
5 3
6 4
7 2
8 9
9 8
10 9
11 8
12 9
13 8
14 7
15 4
16 1

1 1
2 0
3 4
4 1
5 9
6 3
7 2
8 1
9 6
10 7
11 2
12 6
13 6
14 1
15 2
16 9

1 7
2 2
3 5
4 0
5 3
6 3
7 8
8 1
9 3
10 1
11 7
12 2
13 5
14 1
15 9
16 8

1 0
2 1
3 7
4 3
5 9
6 0
7 4
8 9
9 6
10 4
11 0
12 1
13 8
14 6
15 0
16 7

1 5
2 4
3 8
4 1
5 8
6 8
7 7
8 3
9 8
10 6
11 6
12 4
13 5
14 0
15 0
16 6

1 7
2 2
3 0
4 6
5 0
6 7
7 2
8 0
9 6
10 0
11 7
12 3
13 9
14 4
15 0
16 4

1 7
2 6
3 1
4 0
5 3
6 4
7 2
8 9
9 8
10 9
11 8
12 9
13 8
14 7
15 4
16 1

1 1
2 0
3 4
4 1
5 9
6 3
7 2
8 1
9 6
10 7
11 2
12 6
13 6
14 1
15 2
16 9

1 7
2 2
3 5
4 0
5 3
6 3
7 8
8 1
9 3
10 1
11 7
12 2
13 5
14 1
15 9
16 8

1 0
2 1
3 7
4 3
5 9
6 0
7 4
8 9
9 6
10 4
11 0
12 1
13 8
14 6
15 0
16 7

1 5
2 4
3 8
4 1
5 8
6 8
7 7
8 3
9 8
10 6
11 6
12 4
13 5
14 0
15 0
16 6

1 7
2 2
3 0
4 6
5 0
6 7
7 2
8 0
9 6
10 0
11 7
12 3
13 9
14 4
15 0
16 4

1 7
2 6
3 1
4 0
5 3
6 4
7 2
8 9
9 8
10 9
11 8
12 9
13 8
14 7
15 4
16 1

1 1
2 0
3 4
4 1
5 9
6 3
7 2
8 1
9 6
10 7
11 2
12 6
13 6
14 1
15 2
16 9

1 7
2 2
3 5
4 0
5 3
6 3
7 8
8 1
9 3
10 1
11 7
12 2
13 5
14 1
15 9
16 8

1 0
2 1
3 7
4 3
5 9
6 0
7 4
8 9
9 6
10 4
11 0
12 1
13 8
14 6
15 0
16 7

1 5
2 4
3 8
4 1
5 8
6 8
7 7
8 3
9 8
10 6
11 6
12 4
13 5
14 0
15 0
16 6

1 7
2 2
3 0
4 6
5 0
6 7
7 2
8 0
9 6
10 0
11 7
12 3
13 9
14 4
15 0
16 4

1 7
2 6
3 1
4 0
5 3
6 4
7 2
8 9
9 8
10 9
11 8
12 9
13 8
14 7
15 4
16 1

1 1
2 0
3 4
4 1
5 9
6 3
7 2
8 1
9 6
10 7
11 2
12 6
13 6
14 1
15 2
16 9

1 7
2 2
3 5
4 0
5 3
6 3
7 8
8 1
9 3
10 1
11 7
12 2
13 5
14 1
15 9
16 8

1 0
2 1
3 7
4 3
5 9
6 0
7 4
8 9
9 6
10 4
11 0
12 1
13 8
14 6
15 0
16 7

1 5
2 4
3 8
4 1
5 8
6 8
7 7
8 3
9 8
10 6
11 6
12 4
13 5
14 0
15 0
16 6

1 7
2 2
3 0
4 6
5 0
6 7
7 2
8 0
9 6
10 0
11 7
12 3
13 9
14 4
15 0
16 4

1 7
2 6
3 1
4 0
5 3
6 4
7 2
8 9
9 8
10 9
11 8
12 9
13 8
14 7
15 4
16 1

1 1
2 0
3 4
4 1
5 9
6 3
7 2
8 1
9 6
10 7
11 2
12 6
13 6
14 1
15 2
16 9

1 7
2 2
3 5
4 0
5 3
6 3
7 8
8 1
9 3
10 1
11 7
12 2
13 5
14 1
15 9
16 8

1 0
2 1
3 7
4 3
5 9
6 0
7 4
8 9
9 6
10 4
11 0
12 1
13 8
14 6
15 0
16 7

1 5
2 4
3 8
4 1
5 8
6 8
7 7
8 3
9 8
10 6
11 6
12 4
13 5
14 0
15 0
16 6

1 7
2 2
3 0
4 6
5 0
6 7
7 2
8 0
9 6
10 0
11 7
12 3
13 9
14 4
15 0
16 4

1 7
2 6
3 1
4 0
5 3
6 4
7 2
8 9
9 8
10 9
11 8
12 9
13 8
14 7
15 4
16 1

1 1
2 0
3 4
4 1
5 9
6 3
7 2
8 1
9 6
10 7
11 2
12 6
13 6
14 1
15 2
16 9

1 7
2 2
3 5
4 0
5 3
6 3
7 8
8 1
9 3
10 1
11 7
12 2
13 5
14 1
15 9
16 8

1 0
2 1
3 7
4 3
5 9
6 0
7 4
8 9
9 6
10 4
11 0
12 1
13 8
14 6
15 0
16 7

1 5
2 4
3 8
4 1
5 8
6 8
7 7
8 3
9 8
10 6
11 6
12 4
13 5
14 0
15 0
16 6

1 7
2 2
3 0
4 6
5 0
6 7
7 2
8 0
9 6
10 0
11 7
12 3
13 9
14 4
15 0
16 4

1 7
2 6
3 1
4 0
5 3
6 4
7 2
8 9
9 8
10 9
11 8
12 9
13 8
14 7
15 4
16 1

1 1
2 0
3 4
4 1
5 9
6 3
7 2
8 1
9 6
10 7
11 2
12 6
13 6
14 1
15 2
16 9

1 7
2 2
3 5
4 0
5 3
6 3
7 8
8 1
9 3
10 1
11 7
12 2
13 5
14 1
15 9
16 8

1 0
2 1
3 7
4 3
5 9
6 0
7 4
8 9
9 6
10 4
11 0
12 1
13 8
14 6
15 0
16 7

1 5
2 4
3 8
4 1
5 8
6 8
7 7
8 3
9 8
10 6
11 6
12 4
13 5
14 0
15 0
16 6

1 7
2 2
3 0
4 6
5 0
6 7
7 2
8 0
9 6
10 0
11 7
12 3
13 9
14 4
15 0
16 4

1 7
2 6
3 1
4 0
5 3
6 4
7 2
8 9
9 8
10 9
11 8
12 9
13 8
14 7
15 4
16 1

1 1
2 0
3 4
4 1
5 9
6 3
7 2
8 1
9 6
10 7
11 2
12 6
13 6
14 1
15 2
16 9