1 0
2 0
3 0
4 0
5 0
6 0
7 0
8 0
9 0
10 0
11 0
12 0
13 0
14 0
15 0
16 0

1 20
2 12
3 18
4 12
5 15
6 16
7 20
8 15
9 14
10 17
11 20
12 16
13 15
14 14
15 20
16 16

1 12
2 16
3 18
4 20
5 19
6 16
7 13
8 15
9 18
10 12
11 16
12 13
13 11
14 19
15 16
16 19

1 17
2 10
3 17
4 13
5 20
6 17
7 12
8 13
9 15
10 15
11 15
12 20
13 11
14 10
15 19
16 15

1 19
2 14
3 10
4 16
5 17
6 12
7 20
8 16
9 18
10 19
11 16
12 16
13 14
14 11
15 17
16 10

1 20
2 10
3 17
4 12
5 12
6 14
7 20
8 14
9 12
10 13
11 11
12 19
13 17
14 12
15 20
16 18

1 12
2 12
3 17
4 15
5 18
6 14
7 15
8 12
9 11
10 10
11 16
12 19
13 12
14 11
15 18
16 16

1 20
2 12
3 18
4 12
5 15
6 16
7 20
8 15
9 14
10 17
11 20
12 16
13 15
14 14
15 20
16 16

1 12
2 16
3 18
4 20
5 19
6 16
7 13
8 15
9 18
10 12
11 16
12 13
13 11
14 19
15 16
16 19

1 17
2 10
3 17
4 13
5 20
6 17
7 12
8 13
9 15
10 15
11 15
12 20
13 11
14 10
15 19
16 15

1 19
2 14
3 10
4 16
5 17
6 12
7 20
8 16
9 18
10 19
11 16
12 16
13 14
14 11
15 17
16 10

1 20
2 10
3 17
4 12
5 12
6 14
7 20
8 14
9 12
10 13
11 11
12 19
13 17
14 12
15 20
16 18

1 12
2 12
3 17
4 15
5 18
6 14
7 15
8 12
9 11
10 10
11 16
12 19
13 12
14 11
15 18
16 16

1 20
2 12
3 18
4 12
5 15
6 16
7 20
8 15
9 14
10 17
11 20
12 16
13 15
14 14
15 20
16 16

1 12
2 16
3 18
4 20
5 19
6 16
7 13
8 15
9 18
10 12
11 16
12 13
13 11
14 19
15 16
16 19

1 17
2 10
3 17
4 13
5 20
6 17
7 12
8 13
9 15
10 15
11 15
12 20
13 11
14 10
15 19
16 15

1 19
2 14
3 10
4 16
5 17
6 12
7 20
8 16
9 18
10 19
11 16
12 16
13 14
14 11
15 17
16 10

1 20
2 10
3 17
4 12
5 12
6 14
7 20
8 14
9 12
10 13
11 11
12 19
13 17
14 12
15 20
16 18

1 12
2 12
3 17
4 15
5 18
6 14
7 15
8 12
9 11
10 10
11 16
12 19
13 12
14 11
15 18
16 16

1 20
2 12
3 18
4 12
5 15
6 16
7 20
8 15
9 14
10 17
11 20
12 16
13 15
14 14
15 20
16 16

1 12
2 16
3 18
4 20
5 19
6 16
7 13
8 15
9 18
10 12
11 16
12 13
13 11
14 19
15 16
16 19

1 17
2 10
3 17
4 13
5 20
6 17
7 12
8 13
9 15
10 15
11 15
12 20
13 11
14 10
15 19
16 15

1 19
2 14
3 10
4 16
5 17
6 12
7 20
8 16
9 18
10 19
11 16
12 16
13 14
14 11
15 17
16 10

1 20
2 10
3 17
4 12
5 12
6 14
7 20
8 14
9 12
10 13
11 11
12 19
13 17
14 12
15 20
16 18

1 12
2 12
3 17
4 15
5 18
6 14
7 15
8 12
9 11
10 10
11 16
12 19
13 12
14 11
15 18
16 16

1 20
2 12
3 18
4 12
5 15
6 16
7 20
8 15
9 14
10 17
11 20
12 16
13 15
14 14
15 20
16 16

1 12
2 16
3 18
4 20
5 19
6 16
7 13
8 15
9 18
10 12
11 16
12 13
13 11
14 19
15 16
16 19

1 17
2 10
3 17
4 13
5 20
6 17
7 12
8 13
9 15
10 15
11 15
12 20
13 11
14 10
15 19
16 15

1 19
2 14
3 10
4 16
5 17
6 12
7 20
8 16
9 18
10 19
11 16
12 16
13 14
14 11
15 17
16 10

1 20
2 10
3 17
4 12
5 12
6 14
7 20
8 14
9 12
10 13
11 11
12 19
13 17
14 12
15 20
16 18

1 12
2 12
3 17
4 15
5 18
6 14
7 15
8 12
9 11
10 10
11 16
12 19
13 12
14 11
15 18
16 16

1 20
2 12
3 18
4 12
5 15
6 16
7 20
8 15
9 14
10 17
11 20
12 16
13 15
14 14
15 20
16 16

1 12
2 16
3 18
4 20
5 19
6 16
7 13
8 15
9 18
10 12
11 16
12 13
13 11
14 19
15 16
16 19

1 17
2 10
3 17
4 13
5 20
6 17
7 12
8 13
9 15
10 15
11 15
12 20
13 11
14 10
15 19
16 15

1 19
2 14
3 10
4 16
5 17
6 12
7 20
8 16
9 18
10 19
11 16
12 16
13 14
14 11
15 17
16 10

1 20
2 10
3 17
4 12
5 12
6 14
7 20
8 14
9 12
10 13
11 11
12 19
13 17
14 12
15 20
16 18

1 12
2 12
3 17
4 15
5 18
6 14
7 15
8 12
9 11
10 10
11 16
12 19
13 12
14 11
15 18
16 16

1 20
2 12
3 18
4 12
5 15
6 16
7 20
8 15
9 14
10 17
11 20
12 16
13 15
14 14
15 20
16 16

1 12
2 16
3 18
4 20
5 19
6 16
7 13
8 15
9 18
10 12
11 16
12 13
13 11
14 19
15 16
16 19

1 17
2 10
3 17
4 13
5 20
6 17
7 12
8 13
9 15
10 15
11 15
12 20
13 11
14 10
15 19
16 15

1 19
2 14
3 10
4 16
5 17
6 12
7 20
8 16
9 18
10 19
11 16
12 16
13 14
14 11
15 17
16 10

1 20
2 10
3 17
4 12
5 12
6 14
7 20
8 14
9 12
10 13
11 11
12 19
13 17
14 12
15 20
16 18

1 12
2 12
3 17
4 15
5 18
6 14
7 15
8 12
9 11
10 10
11 16
12 19
13 12
14 11
15 18
16 16

1 20
2 12
3 18
4 12
5 15
6 16
7 20
8 15
9 14
10 17
11 20
12 16
13 15
14 14
15 20
16 16

1 12
2 16
3 18
4 20
5 19
6 16
7 13
8 15
9 18
10 12
11 16
12 13
13 11
14 19
15 16
16 19

1 17
2 10
3 17
4 13
5 20
6 17
7 12
8 13
9 15
10 15
11 15
12 20
13 11
14 10
15 19
16 15

1 19
2 14
3 10
4 16
5 17
6 12
7 20
8 16
9 18
10 19
11 16
12 16
13 14
14 11
15 17
16 10

1 20
2 10
3 17
4 12
5 12
6 14
7 20
8 14
9 12
10 13
11 11
12 19
13 17
14 12
15 20
16 18

1 12
2 12
3 17
4 15
5 18
6 14
7 15
8 12
9 11
10 10
11 16
12 19
13 12
14 11
15 18
16 16

1 20
2 12
3 18
4 12
5 15
6 16
7 20
8 15
9 14
10 17
11 20
12 16
13 15
14 14
15 20
16 16

1 12
2 16
3 18
4 20
5 19
6 16
7 13
8 15
9 18
10 12
11 16
12 13
13 11
14 19
15 16
16 19

1 17
2 10
3 17
4 13
5 20
6 17
7 12
8 13
9 15
10 15
11 15
12 20
13 11
14 10
15 19
16 15

1 19
2 14
3 10
4 16
5 17
6 12
7 20
8 16
9 18
10 19
11 16
12 16
13 14
14 11
15 17
16 10

1 20
2 10
3 17
4 12
5 12
6 14
7 20
8 14
9 12
10 13
11 11
12 19
13 17
14 12
15 20
16 18

1 12
2 12
3 17
4 15
5 18
6 14
7 15
8 12
9 11
10 10
11 16
12 19
13 12
14 11
15 18
16 16

1 20
2 12
3 18
4 12
5 15
6 16
7 20
8 15
9 14
10 17
11 20
12 16
13 15
14 14
15 20
16 16

1 12
2 16
3 18
4 20
5 19
6 16
7 13
8 15
9 18
10 12
11 16
12 13
13 11
14 19
15 16
16 19

1 17
2 10
3 17
4 13
5 20
6 17
7 12
8 13
9 15
10 15
11 15
12 20
13 11
14 10
15 19
16 15

1 19
2 14
3 10
4 16
5 17
6 12
7 20
8 16
9 18
10 19
11 16
12 16
13 14
14 11
15 17
16 10

1 20
2 10
3 17
4 12
5 12
6 14
7 20
8 14
9 12
10 13
11 11
12 19
13 17
14 12
15 20
16 18

1 12
2 12
3 17
4 15
5 18
6 14
7 15
8 12
9 11
10 10
11 16
12 19
13 12
14 11
15 18
16 16