1 0
2 0
3 0
4 0

1 1
2 4
3 3
4 6

1 3
2 6
3 1
4 2

1 4
2 7
3 6
4 2

1 8
2 7
3 7
4 3

1 1
2 4
3 3
4 6

1 3
2 6
3 1
4 2

1 4
2 7
3 6
4 2

1 8
2 7
3 7
4 3

1 1
2 4
3 3
4 6

1 3
2 6
3 1
4 2

1 4
2 7
3 6
4 2

1 8
2 7
3 7
4 3

1 1
2 4
3 3
4 6

1 3
2 6
3 1
4 2

1 4
2 7
3 6
4 2

1 8
2 7
3 7
4 3

1 1
2 4
3 3
4 6

1 3
2 6
3 1
4 2

1 4
2 7
3 6
4 2

1 8
2 7
3 7
4 3

1 1
2 4
3 3
4 6

1 3
2 6
3 1
4 2

1 4
2 7
3 6
4 2

1 8
2 7
3 7
4 3

1 1
2 4
3 3
4 6

1 3
2 6
3 1
4 2

1 4
2 7
3 6
4 2

1 8
2 7
3 7
4 3

1 1
2 4
3 3
4 6

1 3
2 6
3 1
4 2

1 4
2 7
3 6
4 2

1 8
2 7
3 7
4 3

1 1
2 4
3 3
4 6

1 3
2 6
3 1
4 2

1 4
2 7
3 6
4 2

1 8
2 7
3 7
4 3

1 1
2 4
3 3
4 6

1 3
2 6
3 1
4 2

1 4
2 7
3 6
4 2

1 8
2 7
3 7
4 3