1 0
2 0
3 0
4 0
5 0
6 0
7 0
8 0
9 0
10 0
11 0
12 0
13 0
14 0
15 0
16 0

1 19
2 14
3 15
4 18
5 12
6 18
7 20
8 13
9 13
10 14
11 10
12 13
13 17
14 14
15 10
16 16

1 13
2 13
3 14
4 15
5 17
6 12
7 16
8 13
9 10
10 16
11 10
12 14
13 16
14 14
15 18
16 17

1 19
2 11
3 14
4 19
5 18
6 13
7 15
8 20
9 16
10 14
11 18
12 19
13 20
14 20
15 11
16 20

1 16
2 11
3 20
4 18
5 11
6 11
7 18
8 12
9 10
10 18
11 11
12 17
13 12
14 17
15 16
16 14

1 19
2 14
3 15
4 18
5 12
6 18
7 20
8 13
9 13
10 14
11 10
12 13
13 17
14 14
15 10
16 16

1 13
2 13
3 14
4 15
5 17
6 12
7 16
8 13
9 10
10 16
11 10
12 14
13 16
14 14
15 18
16 17

1 19
2 11
3 14
4 19
5 18
6 13
7 15
8 20
9 16
10 14
11 18
12 19
13 20
14 20
15 11
16 20

1 16
2 11
3 20
4 18
5 11
6 11
7 18
8 12
9 10
10 18
11 11
12 17
13 12
14 17
15 16
16 14

1 19
2 14
3 15
4 18
5 12
6 18
7 20
8 13
9 13
10 14
11 10
12 13
13 17
14 14
15 10
16 16

1 13
2 13
3 14
4 15
5 17
6 12
7 16
8 13
9 10
10 16
11 10
12 14
13 16
14 14
15 18
16 17

1 19
2 11
3 14
4 19
5 18
6 13
7 15
8 20
9 16
10 14
11 18
12 19
13 20
14 20
15 11
16 20

1 16
2 11
3 20
4 18
5 11
6 11
7 18
8 12
9 10
10 18
11 11
12 17
13 12
14 17
15 16
16 14

1 19
2 14
3 15
4 18
5 12
6 18
7 20
8 13
9 13
10 14
11 10
12 13
13 17
14 14
15 10
16 16

1 13
2 13
3 14
4 15
5 17
6 12
7 16
8 13
9 10
10 16
11 10
12 14
13 16
14 14
15 18
16 17

1 19
2 11
3 14
4 19
5 18
6 13
7 15
8 20
9 16
10 14
11 18
12 19
13 20
14 20
15 11
16 20

1 16
2 11
3 20
4 18
5 11
6 11
7 18
8 12
9 10
10 18
11 11
12 17
13 12
14 17
15 16
16 14

1 19
2 14
3 15
4 18
5 12
6 18
7 20
8 13
9 13
10 14
11 10
12 13
13 17
14 14
15 10
16 16

1 13
2 13
3 14
4 15
5 17
6 12
7 16
8 13
9 10
10 16
11 10
12 14
13 16
14 14
15 18
16 17

1 19
2 11
3 14
4 19
5 18
6 13
7 15
8 20
9 16
10 14
11 18
12 19
13 20
14 20
15 11
16 20

1 16
2 11
3 20
4 18
5 11
6 11
7 18
8 12
9 10
10 18
11 11
12 17
13 12
14 17
15 16
16 14

1 19
2 14
3 15
4 18
5 12
6 18
7 20
8 13
9 13
10 14
11 10
12 13
13 17
14 14
15 10
16 16

1 13
2 13
3 14
4 15
5 17
6 12
7 16
8 13
9 10
10 16
11 10
12 14
13 16
14 14
15 18
16 17

1 19
2 11
3 14
4 19
5 18
6 13
7 15
8 20
9 16
10 14
11 18
12 19
13 20
14 20
15 11
16 20

1 16
2 11
3 20
4 18
5 11
6 11
7 18
8 12
9 10
10 18
11 11
12 17
13 12
14 17
15 16
16 14

1 19
2 14
3 15
4 18
5 12
6 18
7 20
8 13
9 13
10 14
11 10
12 13
13 17
14 14
15 10
16 16

1 13
2 13
3 14
4 15
5 17
6 12
7 16
8 13
9 10
10 16
11 10
12 14
13 16
14 14
15 18
16 17

1 19
2 11
3 14
4 19
5 18
6 13
7 15
8 20
9 16
10 14
11 18
12 19
13 20
14 20
15 11
16 20

1 16
2 11
3 20
4 18
5 11
6 11
7 18
8 12
9 10
10 18
11 11
12 17
13 12
14 17
15 16
16 14

1 19
2 14
3 15
4 18
5 12
6 18
7 20
8 13
9 13
10 14
11 10
12 13
13 17
14 14
15 10
16 16

1 13
2 13
3 14
4 15
5 17
6 12
7 16
8 13
9 10
10 16
11 10
12 14
13 16
14 14
15 18
16 17

1 19
2 11
3 14
4 19
5 18
6 13
7 15
8 20
9 16
10 14
11 18
12 19
13 20
14 20
15 11
16 20

1 16
2 11
3 20
4 18
5 11
6 11
7 18
8 12
9 10
10 18
11 11
12 17
13 12
14 17
15 16
16 14

1 19
2 14
3 15
4 18
5 12
6 18
7 20
8 13
9 13
10 14
11 10
12 13
13 17
14 14
15 10
16 16

1 13
2 13
3 14
4 15
5 17
6 12
7 16
8 13
9 10
10 16
11 10
12 14
13 16
14 14
15 18
16 17

1 19
2 11
3 14
4 19
5 18
6 13
7 15
8 20
9 16
10 14
11 18
12 19
13 20
14 20
15 11
16 20

1 16
2 11
3 20
4 18
5 11
6 11
7 18
8 12
9 10
10 18
11 11
12 17
13 12
14 17
15 16
16 14

1 19
2 14
3 15
4 18
5 12
6 18
7 20
8 13
9 13
10 14
11 10
12 13
13 17
14 14
15 10
16 16

1 13
2 13
3 14
4 15
5 17
6 12
7 16
8 13
9 10
10 16
11 10
12 14
13 16
14 14
15 18
16 17

1 19
2 11
3 14
4 19
5 18
6 13
7 15
8 20
9 16
10 14
11 18
12 19
13 20
14 20
15 11
16 20

1 16
2 11
3 20
4 18
5 11
6 11
7 18
8 12
9 10
10 18
11 11
12 17
13 12
14 17
15 16
16 14

1 19
2 14
3 15
4 18
5 12
6 18
7 20
8 13
9 13
10 14
11 10
12 13
13 17
14 14
15 10
16 16

1 13
2 13
3 14
4 15
5 17
6 12
7 16
8 13
9 10
10 16
11 10
12 14
13 16
14 14
15 18
16 17

1 19
2 11
3 14
4 19
5 18
6 13
7 15
8 20
9 16
10 14
11 18
12 19
13 20
14 20
15 11
16 20

1 16
2 11
3 20
4 18
5 11
6 11
7 18
8 12
9 10
10 18
11 11
12 17
13 12
14 17
15 16
16 14

1 19
2 14
3 15
4 18
5 12
6 18
7 20
8 13
9 13
10 14
11 10
12 13
13 17
14 14
15 10
16 16

1 13
2 13
3 14
4 15
5 17
6 12
7 16
8 13
9 10
10 16
11 10
12 14
13 16
14 14
15 18
16 17

1 19
2 11
3 14
4 19
5 18
6 13
7 15
8 20
9 16
10 14
11 18
12 19
13 20
14 20
15 11
16 20

1 16
2 11
3 20
4 18
5 11
6 11
7 18
8 12
9 10
10 18
11 11
12 17
13 12
14 17
15 16
16 14

1 19
2 14
3 15
4 18
5 12
6 18
7 20
8 13
9 13
10 14
11 10
12 13
13 17
14 14
15 10
16 16

1 13
2 13
3 14
4 15
5 17
6 12
7 16
8 13
9 10
10 16
11 10
12 14
13 16
14 14
15 18
16 17

1 19
2 11
3 14
4 19
5 18
6 13
7 15
8 20
9 16
10 14
11 18
12 19
13 20
14 20
15 11
16 20

1 16
2 11
3 20
4 18
5 11
6 11
7 18
8 12
9 10
10 18
11 11
12 17
13 12
14 17
15 16
16 14

1 19
2 14
3 15
4 18
5 12
6 18
7 20
8 13
9 13
10 14
11 10
12 13
13 17
14 14
15 10
16 16

1 13
2 13
3 14
4 15
5 17
6 12
7 16
8 13
9 10
10 16
11 10
12 14
13 16
14 14
15 18
16 17

1 19
2 11
3 14
4 19
5 18
6 13
7 15
8 20
9 16
10 14
11 18
12 19
13 20
14 20
15 11
16 20

1 16
2 11
3 20
4 18
5 11
6 11
7 18
8 12
9 10
10 18
11 11
12 17
13 12
14 17
15 16
16 14

1 19
2 14
3 15
4 18
5 12
6 18
7 20
8 13
9 13
10 14
11 10
12 13
13 17
14 14
15 10
16 16

1 13
2 13
3 14
4 15
5 17
6 12
7 16
8 13
9 10
10 16
11 10
12 14
13 16
14 14
15 18
16 17

1 19
2 11
3 14
4 19
5 18
6 13
7 15
8 20
9 16
10 14
11 18
12 19
13 20
14 20
15 11
16 20

1 16
2 11
3 20
4 18
5 11
6 11
7 18
8 12
9 10
10 18
11 11
12 17
13 12
14 17
15 16
16 14