1 0
2 0
3 0
4 0
5 0
6 0
7 0
8 0

1 17
2 16
3 16
4 18
5 15
6 10
7 13
8 15

1 10
2 10
3 20
4 17
5 17
6 20
7 15
8 15

1 17
2 16
3 16
4 18
5 15
6 10
7 13
8 15

1 10
2 10
3 20
4 17
5 17
6 20
7 15
8 15

1 17
2 16
3 16
4 18
5 15
6 10
7 13
8 15

1 10
2 10
3 20
4 17
5 17
6 20
7 15
8 15

1 17
2 16
3 16
4 18
5 15
6 10
7 13
8 15

1 10
2 10
3 20
4 17
5 17
6 20
7 15
8 15

1 17
2 16
3 16
4 18
5 15
6 10
7 13
8 15

1 10
2 10
3 20
4 17
5 17
6 20
7 15
8 15

1 17
2 16
3 16
4 18
5 15
6 10
7 13
8 15

1 10
2 10
3 20
4 17
5 17
6 20
7 15
8 15

1 17
2 16
3 16
4 18
5 15
6 10
7 13
8 15

1 10
2 10
3 20
4 17
5 17
6 20
7 15
8 15

1 17
2 16
3 16
4 18
5 15
6 10
7 13
8 15

1 10
2 10
3 20
4 17
5 17
6 20
7 15
8 15

1 17
2 16
3 16
4 18
5 15
6 10
7 13
8 15

1 10
2 10
3 20
4 17
5 17
6 20
7 15
8 15

1 17
2 16
3 16
4 18
5 15
6 10
7 13
8 15

1 10
2 10
3 20
4 17
5 17
6 20
7 15
8 15