1 0
2 0
3 0
4 0

1 5
2 0
3 1
4 2

1 5
2 0
3 2
4 4

1 5
2 0
3 1
4 2

1 5
2 0
3 2
4 4

1 5
2 0
3 1
4 2

1 5
2 0
3 2
4 4

1 5
2 0
3 1
4 2

1 5
2 0
3 2
4 4

1 5
2 0
3 1
4 2

1 5
2 0
3 2
4 4

1 5
2 0
3 1
4 2

1 5
2 0
3 2
4 4

1 5
2 0
3 1
4 2

1 5
2 0
3 2
4 4

1 5
2 0
3 1
4 2

1 5
2 0
3 2
4 4

1 5
2 0
3 1
4 2

1 5
2 0
3 2
4 4

1 5
2 0
3 1
4 2

1 5
2 0
3 2
4 4

1 5
2 0
3 1
4 2

1 5
2 0
3 2
4 4

1 5
2 0
3 1
4 2

1 5
2 0
3 2
4 4

1 5
2 0
3 1
4 2

1 5
2 0
3 2
4 4

1 5
2 0
3 1
4 2

1 5
2 0
3 2
4 4

1 5
2 0
3 1
4 2

1 5
2 0
3 2
4 4

1 5
2 0
3 1
4 2

1 5
2 0
3 2
4 4

1 5
2 0
3 1
4 2

1 5
2 0
3 2
4 4

1 5
2 0
3 1
4 2

1 5
2 0
3 2
4 4

1 5
2 0
3 1
4 2

1 5
2 0
3 2
4 4

1 5
2 0
3 1
4 2

1 5
2 0
3 2
4 4