1 0
2 0
3 0
4 0
5 0
6 0
7 0
8 0

1 16
2 20
3 14
4 19
5 10
6 11
7 12
8 16

1 15
2 14
3 16
4 17
5 20
6 20
7 15
8 12

1 11
2 15
3 18
4 20
5 12
6 16
7 10
8 20

1 16
2 18
3 12
4 20
5 11
6 18
7 13
8 19

1 13
2 13
3 20
4 15
5 19
6 16
7 14
8 19

1 16
2 20
3 14
4 11
5 17
6 16
7 17
8 13

1 16
2 20
3 14
4 19
5 10
6 11
7 12
8 16

1 15
2 14
3 16
4 17
5 20
6 20
7 15
8 12

1 11
2 15
3 18
4 20
5 12
6 16
7 10
8 20

1 16
2 18
3 12
4 20
5 11
6 18
7 13
8 19

1 13
2 13
3 20
4 15
5 19
6 16
7 14
8 19

1 16
2 20
3 14
4 11
5 17
6 16
7 17
8 13

1 16
2 20
3 14
4 19
5 10
6 11
7 12
8 16

1 15
2 14
3 16
4 17
5 20
6 20
7 15
8 12

1 11
2 15
3 18
4 20
5 12
6 16
7 10
8 20

1 16
2 18
3 12
4 20
5 11
6 18
7 13
8 19

1 13
2 13
3 20
4 15
5 19
6 16
7 14
8 19

1 16
2 20
3 14
4 11
5 17
6 16
7 17
8 13

1 16
2 20
3 14
4 19
5 10
6 11
7 12
8 16

1 15
2 14
3 16
4 17
5 20
6 20
7 15
8 12

1 11
2 15
3 18
4 20
5 12
6 16
7 10
8 20

1 16
2 18
3 12
4 20
5 11
6 18
7 13
8 19

1 13
2 13
3 20
4 15
5 19
6 16
7 14
8 19

1 16
2 20
3 14
4 11
5 17
6 16
7 17
8 13

1 16
2 20
3 14
4 19
5 10
6 11
7 12
8 16

1 15
2 14
3 16
4 17
5 20
6 20
7 15
8 12

1 11
2 15
3 18
4 20
5 12
6 16
7 10
8 20

1 16
2 18
3 12
4 20
5 11
6 18
7 13
8 19

1 13
2 13
3 20
4 15
5 19
6 16
7 14
8 19

1 16
2 20
3 14
4 11
5 17
6 16
7 17
8 13

1 16
2 20
3 14
4 19
5 10
6 11
7 12
8 16

1 15
2 14
3 16
4 17
5 20
6 20
7 15
8 12

1 11
2 15
3 18
4 20
5 12
6 16
7 10
8 20

1 16
2 18
3 12
4 20
5 11
6 18
7 13
8 19

1 13
2 13
3 20
4 15
5 19
6 16
7 14
8 19

1 16
2 20
3 14
4 11
5 17
6 16
7 17
8 13

1 16
2 20
3 14
4 19
5 10
6 11
7 12
8 16

1 15
2 14
3 16
4 17
5 20
6 20
7 15
8 12

1 11
2 15
3 18
4 20
5 12
6 16
7 10
8 20

1 16
2 18
3 12
4 20
5 11
6 18
7 13
8 19

1 13
2 13
3 20
4 15
5 19
6 16
7 14
8 19

1 16
2 20
3 14
4 11
5 17
6 16
7 17
8 13

1 16
2 20
3 14
4 19
5 10
6 11
7 12
8 16

1 15
2 14
3 16
4 17
5 20
6 20
7 15
8 12

1 11
2 15
3 18
4 20
5 12
6 16
7 10
8 20

1 16
2 18
3 12
4 20
5 11
6 18
7 13
8 19

1 13
2 13
3 20
4 15
5 19
6 16
7 14
8 19

1 16
2 20
3 14
4 11
5 17
6 16
7 17
8 13

1 16
2 20
3 14
4 19
5 10
6 11
7 12
8 16

1 15
2 14
3 16
4 17
5 20
6 20
7 15
8 12

1 11
2 15
3 18
4 20
5 12
6 16
7 10
8 20

1 16
2 18
3 12
4 20
5 11
6 18
7 13
8 19

1 13
2 13
3 20
4 15
5 19
6 16
7 14
8 19

1 16
2 20
3 14
4 11
5 17
6 16
7 17
8 13

1 16
2 20
3 14
4 19
5 10
6 11
7 12
8 16

1 15
2 14
3 16
4 17
5 20
6 20
7 15
8 12

1 11
2 15
3 18
4 20
5 12
6 16
7 10
8 20

1 16
2 18
3 12
4 20
5 11
6 18
7 13
8 19

1 13
2 13
3 20
4 15
5 19
6 16
7 14
8 19

1 16
2 20
3 14
4 11
5 17
6 16
7 17
8 13