1 0
2 0
3 0
4 0
5 0
6 0
7 0
8 0

1 5
2 3
3 4
4 2
5 8
6 1
7 0
8 9

1 3
2 0
3 2
4 6
5 0
6 1
7 6
8 4

1 5
2 3
3 4
4 2
5 8
6 1
7 0
8 9

1 3
2 0
3 2
4 6
5 0
6 1
7 6
8 4

1 5
2 3
3 4
4 2
5 8
6 1
7 0
8 9

1 3
2 0
3 2
4 6
5 0
6 1
7 6
8 4

1 5
2 3
3 4
4 2
5 8
6 1
7 0
8 9

1 3
2 0
3 2
4 6
5 0
6 1
7 6
8 4

1 5
2 3
3 4
4 2
5 8
6 1
7 0
8 9

1 3
2 0
3 2
4 6
5 0
6 1
7 6
8 4

1 5
2 3
3 4
4 2
5 8
6 1
7 0
8 9

1 3
2 0
3 2
4 6
5 0
6 1
7 6
8 4

1 5
2 3
3 4
4 2
5 8
6 1
7 0
8 9

1 3
2 0
3 2
4 6
5 0
6 1
7 6
8 4

1 5
2 3
3 4
4 2
5 8
6 1
7 0
8 9

1 3
2 0
3 2
4 6
5 0
6 1
7 6
8 4

1 5
2 3
3 4
4 2
5 8
6 1
7 0
8 9

1 3
2 0
3 2
4 6
5 0
6 1
7 6
8 4

1 5
2 3
3 4
4 2
5 8
6 1
7 0
8 9

1 3
2 0
3 2
4 6
5 0
6 1
7 6
8 4

1 5
2 3
3 4
4 2
5 8
6 1
7 0
8 9

1 3
2 0
3 2
4 6
5 0
6 1
7 6
8 4

1 5
2 3
3 4
4 2
5 8
6 1
7 0
8 9

1 3
2 0
3 2
4 6
5 0
6 1
7 6
8 4

1 5
2 3
3 4
4 2
5 8
6 1
7 0
8 9

1 3
2 0
3 2
4 6
5 0
6 1
7 6
8 4

1 5
2 3
3 4
4 2
5 8
6 1
7 0
8 9

1 3
2 0
3 2
4 6
5 0
6 1
7 6
8 4

1 5
2 3
3 4
4 2
5 8
6 1
7 0
8 9

1 3
2 0
3 2
4 6
5 0
6 1
7 6
8 4