1 0
2 0
3 0
4 0

1 13
2 13
3 19
4 12

1 19
2 15
3 14
4 18

1 19
2 12
3 13
4 16

1 16
2 12
3 15
4 14

1 13
2 13
3 19
4 12

1 19
2 15
3 14
4 18

1 19
2 12
3 13
4 16

1 16
2 12
3 15
4 14

1 13
2 13
3 19
4 12

1 19
2 15
3 14
4 18

1 19
2 12
3 13
4 16

1 16
2 12
3 15
4 14

1 13
2 13
3 19
4 12

1 19
2 15
3 14
4 18

1 19
2 12
3 13
4 16

1 16
2 12
3 15
4 14

1 13
2 13
3 19
4 12

1 19
2 15
3 14
4 18

1 19
2 12
3 13
4 16

1 16
2 12
3 15
4 14

1 13
2 13
3 19
4 12

1 19
2 15
3 14
4 18

1 19
2 12
3 13
4 16

1 16
2 12
3 15
4 14

1 13
2 13
3 19
4 12

1 19
2 15
3 14
4 18

1 19
2 12
3 13
4 16

1 16
2 12
3 15
4 14

1 13
2 13
3 19
4 12

1 19
2 15
3 14
4 18

1 19
2 12
3 13
4 16

1 16
2 12
3 15
4 14

1 13
2 13
3 19
4 12

1 19
2 15
3 14
4 18

1 19
2 12
3 13
4 16

1 16
2 12
3 15
4 14

1 13
2 13
3 19
4 12

1 19
2 15
3 14
4 18

1 19
2 12
3 13
4 16

1 16
2 12
3 15
4 14