1 0
2 0
3 0
4 0

1 15
2 12
3 17
4 13

1 16
2 13
3 17
4 17

1 11
2 18
3 19
4 19

1 14
2 18
3 19
4 17

1 15
2 12
3 17
4 13

1 16
2 13
3 17
4 17

1 11
2 18
3 19
4 19

1 14
2 18
3 19
4 17

1 15
2 12
3 17
4 13

1 16
2 13
3 17
4 17

1 11
2 18
3 19
4 19

1 14
2 18
3 19
4 17

1 15
2 12
3 17
4 13

1 16
2 13
3 17
4 17

1 11
2 18
3 19
4 19

1 14
2 18
3 19
4 17

1 15
2 12
3 17
4 13

1 16
2 13
3 17
4 17

1 11
2 18
3 19
4 19

1 14
2 18
3 19
4 17

1 15
2 12
3 17
4 13

1 16
2 13
3 17
4 17

1 11
2 18
3 19
4 19

1 14
2 18
3 19
4 17

1 15
2 12
3 17
4 13

1 16
2 13
3 17
4 17

1 11
2 18
3 19
4 19

1 14
2 18
3 19
4 17

1 15
2 12
3 17
4 13

1 16
2 13
3 17
4 17

1 11
2 18
3 19
4 19

1 14
2 18
3 19
4 17

1 15
2 12
3 17
4 13

1 16
2 13
3 17
4 17

1 11
2 18
3 19
4 19

1 14
2 18
3 19
4 17

1 15
2 12
3 17
4 13

1 16
2 13
3 17
4 17

1 11
2 18
3 19
4 19

1 14
2 18
3 19
4 17

1 15
2 12
3 17
4 13

1 16
2 13
3 17
4 17

1 11
2 18
3 19
4 19

1 14
2 18
3 19
4 17

1 15
2 12
3 17
4 13

1 16
2 13
3 17
4 17

1 11
2 18
3 19
4 19

1 14
2 18
3 19
4 17

1 15
2 12
3 17
4 13

1 16
2 13
3 17
4 17

1 11
2 18
3 19
4 19

1 14
2 18
3 19
4 17

1 15
2 12
3 17
4 13

1 16
2 13
3 17
4 17

1 11
2 18
3 19
4 19

1 14
2 18
3 19
4 17

1 15
2 12
3 17
4 13

1 16
2 13
3 17
4 17

1 11
2 18
3 19
4 19

1 14
2 18
3 19
4 17

1 15
2 12
3 17
4 13

1 16
2 13
3 17
4 17

1 11
2 18
3 19
4 19

1 14
2 18
3 19
4 17

1 15
2 12
3 17
4 13

1 16
2 13
3 17
4 17

1 11
2 18
3 19
4 19

1 14
2 18
3 19
4 17

1 15
2 12
3 17
4 13

1 16
2 13
3 17
4 17

1 11
2 18
3 19
4 19

1 14
2 18
3 19
4 17

1 15
2 12
3 17
4 13

1 16
2 13
3 17
4 17

1 11
2 18
3 19
4 19

1 14
2 18
3 19
4 17

1 15
2 12
3 17
4 13

1 16
2 13
3 17
4 17

1 11
2 18
3 19
4 19

1 14
2 18
3 19
4 17