1 0
2 0
3 0
4 0

1 15
2 14
3 18
4 14

1 20
2 19
3 14
4 15

1 17
2 14
3 12
4 17

1 13
2 11
3 10
4 20

1 15
2 14
3 18
4 14

1 20
2 19
3 14
4 15

1 17
2 14
3 12
4 17

1 13
2 11
3 10
4 20

1 15
2 14
3 18
4 14

1 20
2 19
3 14
4 15

1 17
2 14
3 12
4 17

1 13
2 11
3 10
4 20

1 15
2 14
3 18
4 14

1 20
2 19
3 14
4 15

1 17
2 14
3 12
4 17

1 13
2 11
3 10
4 20

1 15
2 14
3 18
4 14

1 20
2 19
3 14
4 15

1 17
2 14
3 12
4 17

1 13
2 11
3 10
4 20

1 15
2 14
3 18
4 14

1 20
2 19
3 14
4 15

1 17
2 14
3 12
4 17

1 13
2 11
3 10
4 20

1 15
2 14
3 18
4 14

1 20
2 19
3 14
4 15

1 17
2 14
3 12
4 17

1 13
2 11
3 10
4 20

1 15
2 14
3 18
4 14

1 20
2 19
3 14
4 15

1 17
2 14
3 12
4 17

1 13
2 11
3 10
4 20

1 15
2 14
3 18
4 14

1 20
2 19
3 14
4 15

1 17
2 14
3 12
4 17

1 13
2 11
3 10
4 20

1 15
2 14
3 18
4 14

1 20
2 19
3 14
4 15

1 17
2 14
3 12
4 17

1 13
2 11
3 10
4 20

1 15
2 14
3 18
4 14

1 20
2 19
3 14
4 15

1 17
2 14
3 12
4 17

1 13
2 11
3 10
4 20

1 15
2 14
3 18
4 14

1 20
2 19
3 14
4 15

1 17
2 14
3 12
4 17

1 13
2 11
3 10
4 20

1 15
2 14
3 18
4 14

1 20
2 19
3 14
4 15

1 17
2 14
3 12
4 17

1 13
2 11
3 10
4 20

1 15
2 14
3 18
4 14

1 20
2 19
3 14
4 15

1 17
2 14
3 12
4 17

1 13
2 11
3 10
4 20

1 15
2 14
3 18
4 14

1 20
2 19
3 14
4 15

1 17
2 14
3 12
4 17

1 13
2 11
3 10
4 20