1 0
2 0
3 0
4 0
5 0
6 0
7 0
8 0
9 0
10 0
11 0
12 0
13 0
14 0
15 0
16 0

1 15
2 18
3 12
4 14
5 13
6 16
7 18
8 20
9 10
10 12
11 18
12 19
13 18
14 15
15 20
16 15

1 12
2 12
3 20
4 16
5 14
6 19
7 11
8 18
9 11
10 12
11 10
12 15
13 15
14 11
15 18
16 11

1 19
2 17
3 15
4 13
5 19
6 14
7 11
8 13
9 15
10 14
11 15
12 17
13 18
14 15
15 15
16 12

1 19
2 10
3 14
4 18
5 17
6 19
7 13
8 12
9 11
10 15
11 19
12 19
13 17
14 11
15 15
16 14

1 15
2 18
3 12
4 14
5 13
6 16
7 18
8 20
9 10
10 12
11 18
12 19
13 18
14 15
15 20
16 15

1 12
2 12
3 20
4 16
5 14
6 19
7 11
8 18
9 11
10 12
11 10
12 15
13 15
14 11
15 18
16 11

1 19
2 17
3 15
4 13
5 19
6 14
7 11
8 13
9 15
10 14
11 15
12 17
13 18
14 15
15 15
16 12

1 19
2 10
3 14
4 18
5 17
6 19
7 13
8 12
9 11
10 15
11 19
12 19
13 17
14 11
15 15
16 14

1 15
2 18
3 12
4 14
5 13
6 16
7 18
8 20
9 10
10 12
11 18
12 19
13 18
14 15
15 20
16 15

1 12
2 12
3 20
4 16
5 14
6 19
7 11
8 18
9 11
10 12
11 10
12 15
13 15
14 11
15 18
16 11

1 19
2 17
3 15
4 13
5 19
6 14
7 11
8 13
9 15
10 14
11 15
12 17
13 18
14 15
15 15
16 12

1 19
2 10
3 14
4 18
5 17
6 19
7 13
8 12
9 11
10 15
11 19
12 19
13 17
14 11
15 15
16 14

1 15
2 18
3 12
4 14
5 13
6 16
7 18
8 20
9 10
10 12
11 18
12 19
13 18
14 15
15 20
16 15

1 12
2 12
3 20
4 16
5 14
6 19
7 11
8 18
9 11
10 12
11 10
12 15
13 15
14 11
15 18
16 11

1 19
2 17
3 15
4 13
5 19
6 14
7 11
8 13
9 15
10 14
11 15
12 17
13 18
14 15
15 15
16 12

1 19
2 10
3 14
4 18
5 17
6 19
7 13
8 12
9 11
10 15
11 19
12 19
13 17
14 11
15 15
16 14

1 15
2 18
3 12
4 14
5 13
6 16
7 18
8 20
9 10
10 12
11 18
12 19
13 18
14 15
15 20
16 15

1 12
2 12
3 20
4 16
5 14
6 19
7 11
8 18
9 11
10 12
11 10
12 15
13 15
14 11
15 18
16 11

1 19
2 17
3 15
4 13
5 19
6 14
7 11
8 13
9 15
10 14
11 15
12 17
13 18
14 15
15 15
16 12

1 19
2 10
3 14
4 18
5 17
6 19
7 13
8 12
9 11
10 15
11 19
12 19
13 17
14 11
15 15
16 14

1 15
2 18
3 12
4 14
5 13
6 16
7 18
8 20
9 10
10 12
11 18
12 19
13 18
14 15
15 20
16 15

1 12
2 12
3 20
4 16
5 14
6 19
7 11
8 18
9 11
10 12
11 10
12 15
13 15
14 11
15 18
16 11

1 19
2 17
3 15
4 13
5 19
6 14
7 11
8 13
9 15
10 14
11 15
12 17
13 18
14 15
15 15
16 12

1 19
2 10
3 14
4 18
5 17
6 19
7 13
8 12
9 11
10 15
11 19
12 19
13 17
14 11
15 15
16 14

1 15
2 18
3 12
4 14
5 13
6 16
7 18
8 20
9 10
10 12
11 18
12 19
13 18
14 15
15 20
16 15

1 12
2 12
3 20
4 16
5 14
6 19
7 11
8 18
9 11
10 12
11 10
12 15
13 15
14 11
15 18
16 11

1 19
2 17
3 15
4 13
5 19
6 14
7 11
8 13
9 15
10 14
11 15
12 17
13 18
14 15
15 15
16 12

1 19
2 10
3 14
4 18
5 17
6 19
7 13
8 12
9 11
10 15
11 19
12 19
13 17
14 11
15 15
16 14

1 15
2 18
3 12
4 14
5 13
6 16
7 18
8 20
9 10
10 12
11 18
12 19
13 18
14 15
15 20
16 15

1 12
2 12
3 20
4 16
5 14
6 19
7 11
8 18
9 11
10 12
11 10
12 15
13 15
14 11
15 18
16 11

1 19
2 17
3 15
4 13
5 19
6 14
7 11
8 13
9 15
10 14
11 15
12 17
13 18
14 15
15 15
16 12

1 19
2 10
3 14
4 18
5 17
6 19
7 13
8 12
9 11
10 15
11 19
12 19
13 17
14 11
15 15
16 14

1 15
2 18
3 12
4 14
5 13
6 16
7 18
8 20
9 10
10 12
11 18
12 19
13 18
14 15
15 20
16 15

1 12
2 12
3 20
4 16
5 14
6 19
7 11
8 18
9 11
10 12
11 10
12 15
13 15
14 11
15 18
16 11

1 19
2 17
3 15
4 13
5 19
6 14
7 11
8 13
9 15
10 14
11 15
12 17
13 18
14 15
15 15
16 12

1 19
2 10
3 14
4 18
5 17
6 19
7 13
8 12
9 11
10 15
11 19
12 19
13 17
14 11
15 15
16 14

1 15
2 18
3 12
4 14
5 13
6 16
7 18
8 20
9 10
10 12
11 18
12 19
13 18
14 15
15 20
16 15

1 12
2 12
3 20
4 16
5 14
6 19
7 11
8 18
9 11
10 12
11 10
12 15
13 15
14 11
15 18
16 11

1 19
2 17
3 15
4 13
5 19
6 14
7 11
8 13
9 15
10 14
11 15
12 17
13 18
14 15
15 15
16 12

1 19
2 10
3 14
4 18
5 17
6 19
7 13
8 12
9 11
10 15
11 19
12 19
13 17
14 11
15 15
16 14

1 15
2 18
3 12
4 14
5 13
6 16
7 18
8 20
9 10
10 12
11 18
12 19
13 18
14 15
15 20
16 15

1 12
2 12
3 20
4 16
5 14
6 19
7 11
8 18
9 11
10 12
11 10
12 15
13 15
14 11
15 18
16 11

1 19
2 17
3 15
4 13
5 19
6 14
7 11
8 13
9 15
10 14
11 15
12 17
13 18
14 15
15 15
16 12

1 19
2 10
3 14
4 18
5 17
6 19
7 13
8 12
9 11
10 15
11 19
12 19
13 17
14 11
15 15
16 14

1 15
2 18
3 12
4 14
5 13
6 16
7 18
8 20
9 10
10 12
11 18
12 19
13 18
14 15
15 20
16 15

1 12
2 12
3 20
4 16
5 14
6 19
7 11
8 18
9 11
10 12
11 10
12 15
13 15
14 11
15 18
16 11

1 19
2 17
3 15
4 13
5 19
6 14
7 11
8 13
9 15
10 14
11 15
12 17
13 18
14 15
15 15
16 12

1 19
2 10
3 14
4 18
5 17
6 19
7 13
8 12
9 11
10 15
11 19
12 19
13 17
14 11
15 15
16 14

1 15
2 18
3 12
4 14
5 13
6 16
7 18
8 20
9 10
10 12
11 18
12 19
13 18
14 15
15 20
16 15

1 12
2 12
3 20
4 16
5 14
6 19
7 11
8 18
9 11
10 12
11 10
12 15
13 15
14 11
15 18
16 11

1 19
2 17
3 15
4 13
5 19
6 14
7 11
8 13
9 15
10 14
11 15
12 17
13 18
14 15
15 15
16 12

1 19
2 10
3 14
4 18
5 17
6 19
7 13
8 12
9 11
10 15
11 19
12 19
13 17
14 11
15 15
16 14

1 15
2 18
3 12
4 14
5 13
6 16
7 18
8 20
9 10
10 12
11 18
12 19
13 18
14 15
15 20
16 15

1 12
2 12
3 20
4 16
5 14
6 19
7 11
8 18
9 11
10 12
11 10
12 15
13 15
14 11
15 18
16 11

1 19
2 17
3 15
4 13
5 19
6 14
7 11
8 13
9 15
10 14
11 15
12 17
13 18
14 15
15 15
16 12

1 19
2 10
3 14
4 18
5 17
6 19
7 13
8 12
9 11
10 15
11 19
12 19
13 17
14 11
15 15
16 14

1 15
2 18
3 12
4 14
5 13
6 16
7 18
8 20
9 10
10 12
11 18
12 19
13 18
14 15
15 20
16 15

1 12
2 12
3 20
4 16
5 14
6 19
7 11
8 18
9 11
10 12
11 10
12 15
13 15
14 11
15 18
16 11

1 19
2 17
3 15
4 13
5 19
6 14
7 11
8 13
9 15
10 14
11 15
12 17
13 18
14 15
15 15
16 12

1 19
2 10
3 14
4 18
5 17
6 19
7 13
8 12
9 11
10 15
11 19
12 19
13 17
14 11
15 15
16 14