1 0
2 0
3 0
4 0
5 0
6 0
7 0
8 0
9 0
10 0
11 0
12 0
13 0
14 0
15 0
16 0

1 17
2 20
3 10
4 19
5 16
6 13
7 13
8 11
9 16
10 13
11 15
12 14
13 11
14 17
15 19
16 19

1 18
2 15
3 16
4 10
5 19
6 10
7 12
8 15
9 16
10 12
11 13
12 14
13 11
14 10
15 16
16 14

1 15
2 20
3 12
4 10
5 12
6 20
7 15
8 15
9 18
10 14
11 16
12 20
13 12
14 11
15 11
16 11

1 17
2 10
3 19
4 11
5 13
6 17
7 10
8 16
9 15
10 20
11 17
12 18
13 16
14 17
15 13
16 10

1 16
2 20
3 18
4 13
5 12
6 12
7 15
8 19
9 20
10 12
11 10
12 17
13 20
14 13
15 16
16 10

1 18
2 18
3 15
4 15
5 20
6 17
7 17
8 11
9 20
10 13
11 16
12 15
13 11
14 13
15 16
16 13

1 17
2 20
3 10
4 19
5 16
6 13
7 13
8 11
9 16
10 13
11 15
12 14
13 11
14 17
15 19
16 19

1 18
2 15
3 16
4 10
5 19
6 10
7 12
8 15
9 16
10 12
11 13
12 14
13 11
14 10
15 16
16 14

1 15
2 20
3 12
4 10
5 12
6 20
7 15
8 15
9 18
10 14
11 16
12 20
13 12
14 11
15 11
16 11

1 17
2 10
3 19
4 11
5 13
6 17
7 10
8 16
9 15
10 20
11 17
12 18
13 16
14 17
15 13
16 10

1 16
2 20
3 18
4 13
5 12
6 12
7 15
8 19
9 20
10 12
11 10
12 17
13 20
14 13
15 16
16 10

1 18
2 18
3 15
4 15
5 20
6 17
7 17
8 11
9 20
10 13
11 16
12 15
13 11
14 13
15 16
16 13

1 17
2 20
3 10
4 19
5 16
6 13
7 13
8 11
9 16
10 13
11 15
12 14
13 11
14 17
15 19
16 19

1 18
2 15
3 16
4 10
5 19
6 10
7 12
8 15
9 16
10 12
11 13
12 14
13 11
14 10
15 16
16 14

1 15
2 20
3 12
4 10
5 12
6 20
7 15
8 15
9 18
10 14
11 16
12 20
13 12
14 11
15 11
16 11

1 17
2 10
3 19
4 11
5 13
6 17
7 10
8 16
9 15
10 20
11 17
12 18
13 16
14 17
15 13
16 10

1 16
2 20
3 18
4 13
5 12
6 12
7 15
8 19
9 20
10 12
11 10
12 17
13 20
14 13
15 16
16 10

1 18
2 18
3 15
4 15
5 20
6 17
7 17
8 11
9 20
10 13
11 16
12 15
13 11
14 13
15 16
16 13

1 17
2 20
3 10
4 19
5 16
6 13
7 13
8 11
9 16
10 13
11 15
12 14
13 11
14 17
15 19
16 19

1 18
2 15
3 16
4 10
5 19
6 10
7 12
8 15
9 16
10 12
11 13
12 14
13 11
14 10
15 16
16 14

1 15
2 20
3 12
4 10
5 12
6 20
7 15
8 15
9 18
10 14
11 16
12 20
13 12
14 11
15 11
16 11

1 17
2 10
3 19
4 11
5 13
6 17
7 10
8 16
9 15
10 20
11 17
12 18
13 16
14 17
15 13
16 10

1 16
2 20
3 18
4 13
5 12
6 12
7 15
8 19
9 20
10 12
11 10
12 17
13 20
14 13
15 16
16 10

1 18
2 18
3 15
4 15
5 20
6 17
7 17
8 11
9 20
10 13
11 16
12 15
13 11
14 13
15 16
16 13

1 17
2 20
3 10
4 19
5 16
6 13
7 13
8 11
9 16
10 13
11 15
12 14
13 11
14 17
15 19
16 19

1 18
2 15
3 16
4 10
5 19
6 10
7 12
8 15
9 16
10 12
11 13
12 14
13 11
14 10
15 16
16 14

1 15
2 20
3 12
4 10
5 12
6 20
7 15
8 15
9 18
10 14
11 16
12 20
13 12
14 11
15 11
16 11

1 17
2 10
3 19
4 11
5 13
6 17
7 10
8 16
9 15
10 20
11 17
12 18
13 16
14 17
15 13
16 10

1 16
2 20
3 18
4 13
5 12
6 12
7 15
8 19
9 20
10 12
11 10
12 17
13 20
14 13
15 16
16 10

1 18
2 18
3 15
4 15
5 20
6 17
7 17
8 11
9 20
10 13
11 16
12 15
13 11
14 13
15 16
16 13

1 17
2 20
3 10
4 19
5 16
6 13
7 13
8 11
9 16
10 13
11 15
12 14
13 11
14 17
15 19
16 19

1 18
2 15
3 16
4 10
5 19
6 10
7 12
8 15
9 16
10 12
11 13
12 14
13 11
14 10
15 16
16 14

1 15
2 20
3 12
4 10
5 12
6 20
7 15
8 15
9 18
10 14
11 16
12 20
13 12
14 11
15 11
16 11

1 17
2 10
3 19
4 11
5 13
6 17
7 10
8 16
9 15
10 20
11 17
12 18
13 16
14 17
15 13
16 10

1 16
2 20
3 18
4 13
5 12
6 12
7 15
8 19
9 20
10 12
11 10
12 17
13 20
14 13
15 16
16 10

1 18
2 18
3 15
4 15
5 20
6 17
7 17
8 11
9 20
10 13
11 16
12 15
13 11
14 13
15 16
16 13

1 17
2 20
3 10
4 19
5 16
6 13
7 13
8 11
9 16
10 13
11 15
12 14
13 11
14 17
15 19
16 19

1 18
2 15
3 16
4 10
5 19
6 10
7 12
8 15
9 16
10 12
11 13
12 14
13 11
14 10
15 16
16 14

1 15
2 20
3 12
4 10
5 12
6 20
7 15
8 15
9 18
10 14
11 16
12 20
13 12
14 11
15 11
16 11

1 17
2 10
3 19
4 11
5 13
6 17
7 10
8 16
9 15
10 20
11 17
12 18
13 16
14 17
15 13
16 10

1 16
2 20
3 18
4 13
5 12
6 12
7 15
8 19
9 20
10 12
11 10
12 17
13 20
14 13
15 16
16 10

1 18
2 18
3 15
4 15
5 20
6 17
7 17
8 11
9 20
10 13
11 16
12 15
13 11
14 13
15 16
16 13

1 17
2 20
3 10
4 19
5 16
6 13
7 13
8 11
9 16
10 13
11 15
12 14
13 11
14 17
15 19
16 19

1 18
2 15
3 16
4 10
5 19
6 10
7 12
8 15
9 16
10 12
11 13
12 14
13 11
14 10
15 16
16 14

1 15
2 20
3 12
4 10
5 12
6 20
7 15
8 15
9 18
10 14
11 16
12 20
13 12
14 11
15 11
16 11

1 17
2 10
3 19
4 11
5 13
6 17
7 10
8 16
9 15
10 20
11 17
12 18
13 16
14 17
15 13
16 10

1 16
2 20
3 18
4 13
5 12
6 12
7 15
8 19
9 20
10 12
11 10
12 17
13 20
14 13
15 16
16 10

1 18
2 18
3 15
4 15
5 20
6 17
7 17
8 11
9 20
10 13
11 16
12 15
13 11
14 13
15 16
16 13

1 17
2 20
3 10
4 19
5 16
6 13
7 13
8 11
9 16
10 13
11 15
12 14
13 11
14 17
15 19
16 19

1 18
2 15
3 16
4 10
5 19
6 10
7 12
8 15
9 16
10 12
11 13
12 14
13 11
14 10
15 16
16 14

1 15
2 20
3 12
4 10
5 12
6 20
7 15
8 15
9 18
10 14
11 16
12 20
13 12
14 11
15 11
16 11

1 17
2 10
3 19
4 11
5 13
6 17
7 10
8 16
9 15
10 20
11 17
12 18
13 16
14 17
15 13
16 10

1 16
2 20
3 18
4 13
5 12
6 12
7 15
8 19
9 20
10 12
11 10
12 17
13 20
14 13
15 16
16 10

1 18
2 18
3 15
4 15
5 20
6 17
7 17
8 11
9 20
10 13
11 16
12 15
13 11
14 13
15 16
16 13

1 17
2 20
3 10
4 19
5 16
6 13
7 13
8 11
9 16
10 13
11 15
12 14
13 11
14 17
15 19
16 19

1 18
2 15
3 16
4 10
5 19
6 10
7 12
8 15
9 16
10 12
11 13
12 14
13 11
14 10
15 16
16 14

1 15
2 20
3 12
4 10
5 12
6 20
7 15
8 15
9 18
10 14
11 16
12 20
13 12
14 11
15 11
16 11

1 17
2 10
3 19
4 11
5 13
6 17
7 10
8 16
9 15
10 20
11 17
12 18
13 16
14 17
15 13
16 10

1 16
2 20
3 18
4 13
5 12
6 12
7 15
8 19
9 20
10 12
11 10
12 17
13 20
14 13
15 16
16 10

1 18
2 18
3 15
4 15
5 20
6 17
7 17
8 11
9 20
10 13
11 16
12 15
13 11
14 13
15 16
16 13