1 0
2 0
3 0
4 0

1 4
2 6
3 3
4 8

1 6
2 9
3 9
4 2

1 9
2 8
3 9
4 3

1 1
2 3
3 5
4 9

1 4
2 6
3 3
4 8

1 6
2 9
3 9
4 2

1 9
2 8
3 9
4 3

1 1
2 3
3 5
4 9

1 4
2 6
3 3
4 8

1 6
2 9
3 9
4 2

1 9
2 8
3 9
4 3

1 1
2 3
3 5
4 9

1 4
2 6
3 3
4 8

1 6
2 9
3 9
4 2

1 9
2 8
3 9
4 3

1 1
2 3
3 5
4 9

1 4
2 6
3 3
4 8

1 6
2 9
3 9
4 2

1 9
2 8
3 9
4 3

1 1
2 3
3 5
4 9

1 4
2 6
3 3
4 8

1 6
2 9
3 9
4 2

1 9
2 8
3 9
4 3

1 1
2 3
3 5
4 9

1 4
2 6
3 3
4 8

1 6
2 9
3 9
4 2

1 9
2 8
3 9
4 3

1 1
2 3
3 5
4 9

1 4
2 6
3 3
4 8

1 6
2 9
3 9
4 2

1 9
2 8
3 9
4 3

1 1
2 3
3 5
4 9

1 4
2 6
3 3
4 8

1 6
2 9
3 9
4 2

1 9
2 8
3 9
4 3

1 1
2 3
3 5
4 9

1 4
2 6
3 3
4 8

1 6
2 9
3 9
4 2

1 9
2 8
3 9
4 3

1 1
2 3
3 5
4 9