1 0
2 0
3 0
4 0
5 0
6 0
7 0
8 0
9 0
10 0
11 0
12 0
13 0
14 0
15 0
16 0

1 11
2 20
3 12
4 17
5 19
6 18
7 12
8 19
9 16
10 16
11 11
12 16
13 14
14 10
15 10
16 14

1 15
2 14
3 10
4 15
5 17
6 18
7 14
8 13
9 18
10 12
11 18
12 15
13 10
14 20
15 12
16 10

1 11
2 20
3 12
4 17
5 19
6 18
7 12
8 19
9 16
10 16
11 11
12 16
13 14
14 10
15 10
16 14

1 15
2 14
3 10
4 15
5 17
6 18
7 14
8 13
9 18
10 12
11 18
12 15
13 10
14 20
15 12
16 10

1 11
2 20
3 12
4 17
5 19
6 18
7 12
8 19
9 16
10 16
11 11
12 16
13 14
14 10
15 10
16 14

1 15
2 14
3 10
4 15
5 17
6 18
7 14
8 13
9 18
10 12
11 18
12 15
13 10
14 20
15 12
16 10

1 11
2 20
3 12
4 17
5 19
6 18
7 12
8 19
9 16
10 16
11 11
12 16
13 14
14 10
15 10
16 14

1 15
2 14
3 10
4 15
5 17
6 18
7 14
8 13
9 18
10 12
11 18
12 15
13 10
14 20
15 12
16 10

1 11
2 20
3 12
4 17
5 19
6 18
7 12
8 19
9 16
10 16
11 11
12 16
13 14
14 10
15 10
16 14

1 15
2 14
3 10
4 15
5 17
6 18
7 14
8 13
9 18
10 12
11 18
12 15
13 10
14 20
15 12
16 10

1 11
2 20
3 12
4 17
5 19
6 18
7 12
8 19
9 16
10 16
11 11
12 16
13 14
14 10
15 10
16 14

1 15
2 14
3 10
4 15
5 17
6 18
7 14
8 13
9 18
10 12
11 18
12 15
13 10
14 20
15 12
16 10

1 11
2 20
3 12
4 17
5 19
6 18
7 12
8 19
9 16
10 16
11 11
12 16
13 14
14 10
15 10
16 14

1 15
2 14
3 10
4 15
5 17
6 18
7 14
8 13
9 18
10 12
11 18
12 15
13 10
14 20
15 12
16 10

1 11
2 20
3 12
4 17
5 19
6 18
7 12
8 19
9 16
10 16
11 11
12 16
13 14
14 10
15 10
16 14

1 15
2 14
3 10
4 15
5 17
6 18
7 14
8 13
9 18
10 12
11 18
12 15
13 10
14 20
15 12
16 10

1 11
2 20
3 12
4 17
5 19
6 18
7 12
8 19
9 16
10 16
11 11
12 16
13 14
14 10
15 10
16 14

1 15
2 14
3 10
4 15
5 17
6 18
7 14
8 13
9 18
10 12
11 18
12 15
13 10
14 20
15 12
16 10

1 11
2 20
3 12
4 17
5 19
6 18
7 12
8 19
9 16
10 16
11 11
12 16
13 14
14 10
15 10
16 14

1 15
2 14
3 10
4 15
5 17
6 18
7 14
8 13
9 18
10 12
11 18
12 15
13 10
14 20
15 12
16 10

1 11
2 20
3 12
4 17
5 19
6 18
7 12
8 19
9 16
10 16
11 11
12 16
13 14
14 10
15 10
16 14

1 15
2 14
3 10
4 15
5 17
6 18
7 14
8 13
9 18
10 12
11 18
12 15
13 10
14 20
15 12
16 10

1 11
2 20
3 12
4 17
5 19
6 18
7 12
8 19
9 16
10 16
11 11
12 16
13 14
14 10
15 10
16 14

1 15
2 14
3 10
4 15
5 17
6 18
7 14
8 13
9 18
10 12
11 18
12 15
13 10
14 20
15 12
16 10

1 11
2 20
3 12
4 17
5 19
6 18
7 12
8 19
9 16
10 16
11 11
12 16
13 14
14 10
15 10
16 14

1 15
2 14
3 10
4 15
5 17
6 18
7 14
8 13
9 18
10 12
11 18
12 15
13 10
14 20
15 12
16 10

1 11
2 20
3 12
4 17
5 19
6 18
7 12
8 19
9 16
10 16
11 11
12 16
13 14
14 10
15 10
16 14

1 15
2 14
3 10
4 15
5 17
6 18
7 14
8 13
9 18
10 12
11 18
12 15
13 10
14 20
15 12
16 10

1 11
2 20
3 12
4 17
5 19
6 18
7 12
8 19
9 16
10 16
11 11
12 16
13 14
14 10
15 10
16 14

1 15
2 14
3 10
4 15
5 17
6 18
7 14
8 13
9 18
10 12
11 18
12 15
13 10
14 20
15 12
16 10

1 11
2 20
3 12
4 17
5 19
6 18
7 12
8 19
9 16
10 16
11 11
12 16
13 14
14 10
15 10
16 14

1 15
2 14
3 10
4 15
5 17
6 18
7 14
8 13
9 18
10 12
11 18
12 15
13 10
14 20
15 12
16 10

1 11
2 20
3 12
4 17
5 19
6 18
7 12
8 19
9 16
10 16
11 11
12 16
13 14
14 10
15 10
16 14

1 15
2 14
3 10
4 15
5 17
6 18
7 14
8 13
9 18
10 12
11 18
12 15
13 10
14 20
15 12
16 10

1 11
2 20
3 12
4 17
5 19
6 18
7 12
8 19
9 16
10 16
11 11
12 16
13 14
14 10
15 10
16 14

1 15
2 14
3 10
4 15
5 17
6 18
7 14
8 13
9 18
10 12
11 18
12 15
13 10
14 20
15 12
16 10

1 11
2 20
3 12
4 17
5 19
6 18
7 12
8 19
9 16
10 16
11 11
12 16
13 14
14 10
15 10
16 14

1 15
2 14
3 10
4 15
5 17
6 18
7 14
8 13
9 18
10 12
11 18
12 15
13 10
14 20
15 12
16 10

1 11
2 20
3 12
4 17
5 19
6 18
7 12
8 19
9 16
10 16
11 11
12 16
13 14
14 10
15 10
16 14

1 15
2 14
3 10
4 15
5 17
6 18
7 14
8 13
9 18
10 12
11 18
12 15
13 10
14 20
15 12
16 10