1 0
2 0
3 0
4 0

1 14
2 20
3 12
4 17

1 19
2 15
3 19
4 15

1 14
2 20
3 12
4 17

1 19
2 15
3 19
4 15

1 14
2 20
3 12
4 17

1 19
2 15
3 19
4 15

1 14
2 20
3 12
4 17

1 19
2 15
3 19
4 15

1 14
2 20
3 12
4 17

1 19
2 15
3 19
4 15

1 14
2 20
3 12
4 17

1 19
2 15
3 19
4 15

1 14
2 20
3 12
4 17

1 19
2 15
3 19
4 15

1 14
2 20
3 12
4 17

1 19
2 15
3 19
4 15

1 14
2 20
3 12
4 17

1 19
2 15
3 19
4 15

1 14
2 20
3 12
4 17

1 19
2 15
3 19
4 15

1 14
2 20
3 12
4 17

1 19
2 15
3 19
4 15

1 14
2 20
3 12
4 17

1 19
2 15
3 19
4 15

1 14
2 20
3 12
4 17

1 19
2 15
3 19
4 15

1 14
2 20
3 12
4 17

1 19
2 15
3 19
4 15

1 14
2 20
3 12
4 17

1 19
2 15
3 19
4 15

1 14
2 20
3 12
4 17

1 19
2 15
3 19
4 15

1 14
2 20
3 12
4 17

1 19
2 15
3 19
4 15

1 14
2 20
3 12
4 17

1 19
2 15
3 19
4 15

1 14
2 20
3 12
4 17

1 19
2 15
3 19
4 15

1 14
2 20
3 12
4 17

1 19
2 15
3 19
4 15