1 0
2 0
3 0
4 0
5 0
6 0
7 0
8 0
9 0
10 0
11 0
12 0
13 0
14 0
15 0
16 0

1 13
2 16
3 20
4 14
5 11
6 16
7 14
8 20
9 12
10 15
11 12
12 12
13 13
14 19
15 20
16 11

1 20
2 14
3 17
4 12
5 19
6 12
7 18
8 17
9 12
10 10
11 11
12 13
13 11
14 20
15 13
16 14

1 17
2 19
3 10
4 15
5 18
6 15
7 17
8 19
9 19
10 12
11 17
12 20
13 14
14 14
15 10
16 10

1 17
2 17
3 13
4 18
5 10
6 18
7 20
8 14
9 15
10 18
11 15
12 17
13 20
14 18
15 16
16 15

1 19
2 18
3 12
4 20
5 20
6 10
7 11
8 20
9 12
10 11
11 14
12 15
13 10
14 16
15 20
16 19

1 10
2 14
3 16
4 19
5 18
6 10
7 11
8 20
9 13
10 17
11 10
12 11
13 20
14 12
15 18
16 12

1 13
2 16
3 20
4 14
5 11
6 16
7 14
8 20
9 12
10 15
11 12
12 12
13 13
14 19
15 20
16 11

1 20
2 14
3 17
4 12
5 19
6 12
7 18
8 17
9 12
10 10
11 11
12 13
13 11
14 20
15 13
16 14

1 17
2 19
3 10
4 15
5 18
6 15
7 17
8 19
9 19
10 12
11 17
12 20
13 14
14 14
15 10
16 10

1 17
2 17
3 13
4 18
5 10
6 18
7 20
8 14
9 15
10 18
11 15
12 17
13 20
14 18
15 16
16 15

1 19
2 18
3 12
4 20
5 20
6 10
7 11
8 20
9 12
10 11
11 14
12 15
13 10
14 16
15 20
16 19

1 10
2 14
3 16
4 19
5 18
6 10
7 11
8 20
9 13
10 17
11 10
12 11
13 20
14 12
15 18
16 12

1 13
2 16
3 20
4 14
5 11
6 16
7 14
8 20
9 12
10 15
11 12
12 12
13 13
14 19
15 20
16 11

1 20
2 14
3 17
4 12
5 19
6 12
7 18
8 17
9 12
10 10
11 11
12 13
13 11
14 20
15 13
16 14

1 17
2 19
3 10
4 15
5 18
6 15
7 17
8 19
9 19
10 12
11 17
12 20
13 14
14 14
15 10
16 10

1 17
2 17
3 13
4 18
5 10
6 18
7 20
8 14
9 15
10 18
11 15
12 17
13 20
14 18
15 16
16 15

1 19
2 18
3 12
4 20
5 20
6 10
7 11
8 20
9 12
10 11
11 14
12 15
13 10
14 16
15 20
16 19

1 10
2 14
3 16
4 19
5 18
6 10
7 11
8 20
9 13
10 17
11 10
12 11
13 20
14 12
15 18
16 12

1 13
2 16
3 20
4 14
5 11
6 16
7 14
8 20
9 12
10 15
11 12
12 12
13 13
14 19
15 20
16 11

1 20
2 14
3 17
4 12
5 19
6 12
7 18
8 17
9 12
10 10
11 11
12 13
13 11
14 20
15 13
16 14

1 17
2 19
3 10
4 15
5 18
6 15
7 17
8 19
9 19
10 12
11 17
12 20
13 14
14 14
15 10
16 10

1 17
2 17
3 13
4 18
5 10
6 18
7 20
8 14
9 15
10 18
11 15
12 17
13 20
14 18
15 16
16 15

1 19
2 18
3 12
4 20
5 20
6 10
7 11
8 20
9 12
10 11
11 14
12 15
13 10
14 16
15 20
16 19

1 10
2 14
3 16
4 19
5 18
6 10
7 11
8 20
9 13
10 17
11 10
12 11
13 20
14 12
15 18
16 12

1 13
2 16
3 20
4 14
5 11
6 16
7 14
8 20
9 12
10 15
11 12
12 12
13 13
14 19
15 20
16 11

1 20
2 14
3 17
4 12
5 19
6 12
7 18
8 17
9 12
10 10
11 11
12 13
13 11
14 20
15 13
16 14

1 17
2 19
3 10
4 15
5 18
6 15
7 17
8 19
9 19
10 12
11 17
12 20
13 14
14 14
15 10
16 10

1 17
2 17
3 13
4 18
5 10
6 18
7 20
8 14
9 15
10 18
11 15
12 17
13 20
14 18
15 16
16 15

1 19
2 18
3 12
4 20
5 20
6 10
7 11
8 20
9 12
10 11
11 14
12 15
13 10
14 16
15 20
16 19

1 10
2 14
3 16
4 19
5 18
6 10
7 11
8 20
9 13
10 17
11 10
12 11
13 20
14 12
15 18
16 12

1 13
2 16
3 20
4 14
5 11
6 16
7 14
8 20
9 12
10 15
11 12
12 12
13 13
14 19
15 20
16 11

1 20
2 14
3 17
4 12
5 19
6 12
7 18
8 17
9 12
10 10
11 11
12 13
13 11
14 20
15 13
16 14

1 17
2 19
3 10
4 15
5 18
6 15
7 17
8 19
9 19
10 12
11 17
12 20
13 14
14 14
15 10
16 10

1 17
2 17
3 13
4 18
5 10
6 18
7 20
8 14
9 15
10 18
11 15
12 17
13 20
14 18
15 16
16 15

1 19
2 18
3 12
4 20
5 20
6 10
7 11
8 20
9 12
10 11
11 14
12 15
13 10
14 16
15 20
16 19

1 10
2 14
3 16
4 19
5 18
6 10
7 11
8 20
9 13
10 17
11 10
12 11
13 20
14 12
15 18
16 12

1 13
2 16
3 20
4 14
5 11
6 16
7 14
8 20
9 12
10 15
11 12
12 12
13 13
14 19
15 20
16 11

1 20
2 14
3 17
4 12
5 19
6 12
7 18
8 17
9 12
10 10
11 11
12 13
13 11
14 20
15 13
16 14

1 17
2 19
3 10
4 15
5 18
6 15
7 17
8 19
9 19
10 12
11 17
12 20
13 14
14 14
15 10
16 10

1 17
2 17
3 13
4 18
5 10
6 18
7 20
8 14
9 15
10 18
11 15
12 17
13 20
14 18
15 16
16 15

1 19
2 18
3 12
4 20
5 20
6 10
7 11
8 20
9 12
10 11
11 14
12 15
13 10
14 16
15 20
16 19

1 10
2 14
3 16
4 19
5 18
6 10
7 11
8 20
9 13
10 17
11 10
12 11
13 20
14 12
15 18
16 12

1 13
2 16
3 20
4 14
5 11
6 16
7 14
8 20
9 12
10 15
11 12
12 12
13 13
14 19
15 20
16 11

1 20
2 14
3 17
4 12
5 19
6 12
7 18
8 17
9 12
10 10
11 11
12 13
13 11
14 20
15 13
16 14

1 17
2 19
3 10
4 15
5 18
6 15
7 17
8 19
9 19
10 12
11 17
12 20
13 14
14 14
15 10
16 10

1 17
2 17
3 13
4 18
5 10
6 18
7 20
8 14
9 15
10 18
11 15
12 17
13 20
14 18
15 16
16 15

1 19
2 18
3 12
4 20
5 20
6 10
7 11
8 20
9 12
10 11
11 14
12 15
13 10
14 16
15 20
16 19

1 10
2 14
3 16
4 19
5 18
6 10
7 11
8 20
9 13
10 17
11 10
12 11
13 20
14 12
15 18
16 12

1 13
2 16
3 20
4 14
5 11
6 16
7 14
8 20
9 12
10 15
11 12
12 12
13 13
14 19
15 20
16 11

1 20
2 14
3 17
4 12
5 19
6 12
7 18
8 17
9 12
10 10
11 11
12 13
13 11
14 20
15 13
16 14

1 17
2 19
3 10
4 15
5 18
6 15
7 17
8 19
9 19
10 12
11 17
12 20
13 14
14 14
15 10
16 10

1 17
2 17
3 13
4 18
5 10
6 18
7 20
8 14
9 15
10 18
11 15
12 17
13 20
14 18
15 16
16 15

1 19
2 18
3 12
4 20
5 20
6 10
7 11
8 20
9 12
10 11
11 14
12 15
13 10
14 16
15 20
16 19

1 10
2 14
3 16
4 19
5 18
6 10
7 11
8 20
9 13
10 17
11 10
12 11
13 20
14 12
15 18
16 12

1 13
2 16
3 20
4 14
5 11
6 16
7 14
8 20
9 12
10 15
11 12
12 12
13 13
14 19
15 20
16 11

1 20
2 14
3 17
4 12
5 19
6 12
7 18
8 17
9 12
10 10
11 11
12 13
13 11
14 20
15 13
16 14

1 17
2 19
3 10
4 15
5 18
6 15
7 17
8 19
9 19
10 12
11 17
12 20
13 14
14 14
15 10
16 10

1 17
2 17
3 13
4 18
5 10
6 18
7 20
8 14
9 15
10 18
11 15
12 17
13 20
14 18
15 16
16 15

1 19
2 18
3 12
4 20
5 20
6 10
7 11
8 20
9 12
10 11
11 14
12 15
13 10
14 16
15 20
16 19

1 10
2 14
3 16
4 19
5 18
6 10
7 11
8 20
9 13
10 17
11 10
12 11
13 20
14 12
15 18
16 12

1 13
2 16
3 20
4 14
5 11
6 16
7 14
8 20
9 12
10 15
11 12
12 12
13 13
14 19
15 20
16 11

1 20
2 14
3 17
4 12
5 19
6 12
7 18
8 17
9 12
10 10
11 11
12 13
13 11
14 20
15 13
16 14

1 17
2 19
3 10
4 15
5 18
6 15
7 17
8 19
9 19
10 12
11 17
12 20
13 14
14 14
15 10
16 10

1 17
2 17
3 13
4 18
5 10
6 18
7 20
8 14
9 15
10 18
11 15
12 17
13 20
14 18
15 16
16 15

1 19
2 18
3 12
4 20
5 20
6 10
7 11
8 20
9 12
10 11
11 14
12 15
13 10
14 16
15 20
16 19

1 10
2 14
3 16
4 19
5 18
6 10
7 11
8 20
9 13
10 17
11 10
12 11
13 20
14 12
15 18
16 12

1 13
2 16
3 20
4 14
5 11
6 16
7 14
8 20
9 12
10 15
11 12
12 12
13 13
14 19
15 20
16 11

1 20
2 14
3 17
4 12
5 19
6 12
7 18
8 17
9 12
10 10
11 11
12 13
13 11
14 20
15 13
16 14

1 17
2 19
3 10
4 15
5 18
6 15
7 17
8 19
9 19
10 12
11 17
12 20
13 14
14 14
15 10
16 10

1 17
2 17
3 13
4 18
5 10
6 18
7 20
8 14
9 15
10 18
11 15
12 17
13 20
14 18
15 16
16 15

1 19
2 18
3 12
4 20
5 20
6 10
7 11
8 20
9 12
10 11
11 14
12 15
13 10
14 16
15 20
16 19

1 10
2 14
3 16
4 19
5 18
6 10
7 11
8 20
9 13
10 17
11 10
12 11
13 20
14 12
15 18
16 12

1 13
2 16
3 20
4 14
5 11
6 16
7 14
8 20
9 12
10 15
11 12
12 12
13 13
14 19
15 20
16 11

1 20
2 14
3 17
4 12
5 19
6 12
7 18
8 17
9 12
10 10
11 11
12 13
13 11
14 20
15 13
16 14

1 17
2 19
3 10
4 15
5 18
6 15
7 17
8 19
9 19
10 12
11 17
12 20
13 14
14 14
15 10
16 10

1 17
2 17
3 13
4 18
5 10
6 18
7 20
8 14
9 15
10 18
11 15
12 17
13 20
14 18
15 16
16 15

1 19
2 18
3 12
4 20
5 20
6 10
7 11
8 20
9 12
10 11
11 14
12 15
13 10
14 16
15 20
16 19

1 10
2 14
3 16
4 19
5 18
6 10
7 11
8 20
9 13
10 17
11 10
12 11
13 20
14 12
15 18
16 12

1 13
2 16
3 20
4 14
5 11
6 16
7 14
8 20
9 12
10 15
11 12
12 12
13 13
14 19
15 20
16 11

1 20
2 14
3 17
4 12
5 19
6 12
7 18
8 17
9 12
10 10
11 11
12 13
13 11
14 20
15 13
16 14

1 17
2 19
3 10
4 15
5 18
6 15
7 17
8 19
9 19
10 12
11 17
12 20
13 14
14 14
15 10
16 10

1 17
2 17
3 13
4 18
5 10
6 18
7 20
8 14
9 15
10 18
11 15
12 17
13 20
14 18
15 16
16 15

1 19
2 18
3 12
4 20
5 20
6 10
7 11
8 20
9 12
10 11
11 14
12 15
13 10
14 16
15 20
16 19

1 10
2 14
3 16
4 19
5 18
6 10
7 11
8 20
9 13
10 17
11 10
12 11
13 20
14 12
15 18
16 12

1 13
2 16
3 20
4 14
5 11
6 16
7 14
8 20
9 12
10 15
11 12
12 12
13 13
14 19
15 20
16 11

1 20
2 14
3 17
4 12
5 19
6 12
7 18
8 17
9 12
10 10
11 11
12 13
13 11
14 20
15 13
16 14

1 17
2 19
3 10
4 15
5 18
6 15
7 17
8 19
9 19
10 12
11 17
12 20
13 14
14 14
15 10
16 10

1 17
2 17
3 13
4 18
5 10
6 18
7 20
8 14
9 15
10 18
11 15
12 17
13 20
14 18
15 16
16 15

1 19
2 18
3 12
4 20
5 20
6 10
7 11
8 20
9 12
10 11
11 14
12 15
13 10
14 16
15 20
16 19

1 10
2 14
3 16
4 19
5 18
6 10
7 11
8 20
9 13
10 17
11 10
12 11
13 20
14 12
15 18
16 12