1 0
2 0
3 0
4 0
5 0
6 0
7 0
8 0

1 5
2 6
3 9
4 8
5 5
6 9
7 1
8 6

1 6
2 9
3 6
4 3
5 4
6 6
7 3
8 9

1 4
2 9
3 2
4 3
5 4
6 9
7 1
8 0

1 5
2 4
3 9
4 9
5 8
6 2
7 2
8 5

1 1
2 9
3 7
4 3
5 0
6 7
7 4
8 8

1 6
2 3
3 8
4 4
5 0
6 2
7 9
8 1

1 5
2 6
3 9
4 8
5 5
6 9
7 1
8 6

1 6
2 9
3 6
4 3
5 4
6 6
7 3
8 9

1 4
2 9
3 2
4 3
5 4
6 9
7 1
8 0

1 5
2 4
3 9
4 9
5 8
6 2
7 2
8 5

1 1
2 9
3 7
4 3
5 0
6 7
7 4
8 8

1 6
2 3
3 8
4 4
5 0
6 2
7 9
8 1

1 5
2 6
3 9
4 8
5 5
6 9
7 1
8 6

1 6
2 9
3 6
4 3
5 4
6 6
7 3
8 9

1 4
2 9
3 2
4 3
5 4
6 9
7 1
8 0

1 5
2 4
3 9
4 9
5 8
6 2
7 2
8 5

1 1
2 9
3 7
4 3
5 0
6 7
7 4
8 8

1 6
2 3
3 8
4 4
5 0
6 2
7 9
8 1

1 5
2 6
3 9
4 8
5 5
6 9
7 1
8 6

1 6
2 9
3 6
4 3
5 4
6 6
7 3
8 9

1 4
2 9
3 2
4 3
5 4
6 9
7 1
8 0

1 5
2 4
3 9
4 9
5 8
6 2
7 2
8 5

1 1
2 9
3 7
4 3
5 0
6 7
7 4
8 8

1 6
2 3
3 8
4 4
5 0
6 2
7 9
8 1

1 5
2 6
3 9
4 8
5 5
6 9
7 1
8 6

1 6
2 9
3 6
4 3
5 4
6 6
7 3
8 9

1 4
2 9
3 2
4 3
5 4
6 9
7 1
8 0

1 5
2 4
3 9
4 9
5 8
6 2
7 2
8 5

1 1
2 9
3 7
4 3
5 0
6 7
7 4
8 8

1 6
2 3
3 8
4 4
5 0
6 2
7 9
8 1

1 5
2 6
3 9
4 8
5 5
6 9
7 1
8 6

1 6
2 9
3 6
4 3
5 4
6 6
7 3
8 9

1 4
2 9
3 2
4 3
5 4
6 9
7 1
8 0

1 5
2 4
3 9
4 9
5 8
6 2
7 2
8 5

1 1
2 9
3 7
4 3
5 0
6 7
7 4
8 8

1 6
2 3
3 8
4 4
5 0
6 2
7 9
8 1

1 5
2 6
3 9
4 8
5 5
6 9
7 1
8 6

1 6
2 9
3 6
4 3
5 4
6 6
7 3
8 9

1 4
2 9
3 2
4 3
5 4
6 9
7 1
8 0

1 5
2 4
3 9
4 9
5 8
6 2
7 2
8 5

1 1
2 9
3 7
4 3
5 0
6 7
7 4
8 8

1 6
2 3
3 8
4 4
5 0
6 2
7 9
8 1

1 5
2 6
3 9
4 8
5 5
6 9
7 1
8 6

1 6
2 9
3 6
4 3
5 4
6 6
7 3
8 9

1 4
2 9
3 2
4 3
5 4
6 9
7 1
8 0

1 5
2 4
3 9
4 9
5 8
6 2
7 2
8 5

1 1
2 9
3 7
4 3
5 0
6 7
7 4
8 8

1 6
2 3
3 8
4 4
5 0
6 2
7 9
8 1

1 5
2 6
3 9
4 8
5 5
6 9
7 1
8 6

1 6
2 9
3 6
4 3
5 4
6 6
7 3
8 9

1 4
2 9
3 2
4 3
5 4
6 9
7 1
8 0

1 5
2 4
3 9
4 9
5 8
6 2
7 2
8 5

1 1
2 9
3 7
4 3
5 0
6 7
7 4
8 8

1 6
2 3
3 8
4 4
5 0
6 2
7 9
8 1

1 5
2 6
3 9
4 8
5 5
6 9
7 1
8 6

1 6
2 9
3 6
4 3
5 4
6 6
7 3
8 9

1 4
2 9
3 2
4 3
5 4
6 9
7 1
8 0

1 5
2 4
3 9
4 9
5 8
6 2
7 2
8 5

1 1
2 9
3 7
4 3
5 0
6 7
7 4
8 8

1 6
2 3
3 8
4 4
5 0
6 2
7 9
8 1

1 5
2 6
3 9
4 8
5 5
6 9
7 1
8 6

1 6
2 9
3 6
4 3
5 4
6 6
7 3
8 9

1 4
2 9
3 2
4 3
5 4
6 9
7 1
8 0

1 5
2 4
3 9
4 9
5 8
6 2
7 2
8 5

1 1
2 9
3 7
4 3
5 0
6 7
7 4
8 8

1 6
2 3
3 8
4 4
5 0
6 2
7 9
8 1

1 5
2 6
3 9
4 8
5 5
6 9
7 1
8 6

1 6
2 9
3 6
4 3
5 4
6 6
7 3
8 9

1 4
2 9
3 2
4 3
5 4
6 9
7 1
8 0

1 5
2 4
3 9
4 9
5 8
6 2
7 2
8 5

1 1
2 9
3 7
4 3
5 0
6 7
7 4
8 8

1 6
2 3
3 8
4 4
5 0
6 2
7 9
8 1

1 5
2 6
3 9
4 8
5 5
6 9
7 1
8 6

1 6
2 9
3 6
4 3
5 4
6 6
7 3
8 9

1 4
2 9
3 2
4 3
5 4
6 9
7 1
8 0

1 5
2 4
3 9
4 9
5 8
6 2
7 2
8 5

1 1
2 9
3 7
4 3
5 0
6 7
7 4
8 8

1 6
2 3
3 8
4 4
5 0
6 2
7 9
8 1

1 5
2 6
3 9
4 8
5 5
6 9
7 1
8 6

1 6
2 9
3 6
4 3
5 4
6 6
7 3
8 9

1 4
2 9
3 2
4 3
5 4
6 9
7 1
8 0

1 5
2 4
3 9
4 9
5 8
6 2
7 2
8 5

1 1
2 9
3 7
4 3
5 0
6 7
7 4
8 8

1 6
2 3
3 8
4 4
5 0
6 2
7 9
8 1

1 5
2 6
3 9
4 8
5 5
6 9
7 1
8 6

1 6
2 9
3 6
4 3
5 4
6 6
7 3
8 9

1 4
2 9
3 2
4 3
5 4
6 9
7 1
8 0

1 5
2 4
3 9
4 9
5 8
6 2
7 2
8 5

1 1
2 9
3 7
4 3
5 0
6 7
7 4
8 8

1 6
2 3
3 8
4 4
5 0
6 2
7 9
8 1

1 5
2 6
3 9
4 8
5 5
6 9
7 1
8 6

1 6
2 9
3 6
4 3
5 4
6 6
7 3
8 9

1 4
2 9
3 2
4 3
5 4
6 9
7 1
8 0

1 5
2 4
3 9
4 9
5 8
6 2
7 2
8 5

1 1
2 9
3 7
4 3
5 0
6 7
7 4
8 8

1 6
2 3
3 8
4 4
5 0
6 2
7 9
8 1

1 5
2 6
3 9
4 8
5 5
6 9
7 1
8 6

1 6
2 9
3 6
4 3
5 4
6 6
7 3
8 9

1 4
2 9
3 2
4 3
5 4
6 9
7 1
8 0

1 5
2 4
3 9
4 9
5 8
6 2
7 2
8 5

1 1
2 9
3 7
4 3
5 0
6 7
7 4
8 8

1 6
2 3
3 8
4 4
5 0
6 2
7 9
8 1

1 5
2 6
3 9
4 8
5 5
6 9
7 1
8 6

1 6
2 9
3 6
4 3
5 4
6 6
7 3
8 9

1 4
2 9
3 2
4 3
5 4
6 9
7 1
8 0

1 5
2 4
3 9
4 9
5 8
6 2
7 2
8 5

1 1
2 9
3 7
4 3
5 0
6 7
7 4
8 8

1 6
2 3
3 8
4 4
5 0
6 2
7 9
8 1

1 5
2 6
3 9
4 8
5 5
6 9
7 1
8 6

1 6
2 9
3 6
4 3
5 4
6 6
7 3
8 9

1 4
2 9
3 2
4 3
5 4
6 9
7 1
8 0

1 5
2 4
3 9
4 9
5 8
6 2
7 2
8 5

1 1
2 9
3 7
4 3
5 0
6 7
7 4
8 8

1 6
2 3
3 8
4 4
5 0
6 2
7 9
8 1

1 5
2 6
3 9
4 8
5 5
6 9
7 1
8 6

1 6
2 9
3 6
4 3
5 4
6 6
7 3
8 9

1 4
2 9
3 2
4 3
5 4
6 9
7 1
8 0

1 5
2 4
3 9
4 9
5 8
6 2
7 2
8 5

1 1
2 9
3 7
4 3
5 0
6 7
7 4
8 8

1 6
2 3
3 8
4 4
5 0
6 2
7 9
8 1