1 0
2 0
3 0
4 0
5 0
6 0
7 0
8 0
9 0
10 0
11 0
12 0
13 0
14 0
15 0
16 0

1 8
2 1
3 2
4 2
5 3
6 2
7 2
8 8
9 8
10 0
11 2
12 9
13 5
14 8
15 5
16 1

1 3
2 8
3 6
4 2
5 1
6 5
7 2
8 7
9 6
10 8
11 3
12 1
13 7
14 6
15 5
16 3

1 9
2 9
3 8
4 2
5 1
6 0
7 2
8 9
9 2
10 6
11 5
12 3
13 8
14 6
15 7
16 1

1 2
2 6
3 8
4 1
5 4
6 0
7 6
8 9
9 4
10 5
11 2
12 2
13 1
14 8
15 4
16 7

1 8
2 1
3 2
4 2
5 3
6 2
7 2
8 8
9 8
10 0
11 2
12 9
13 5
14 8
15 5
16 1

1 3
2 8
3 6
4 2
5 1
6 5
7 2
8 7
9 6
10 8
11 3
12 1
13 7
14 6
15 5
16 3

1 9
2 9
3 8
4 2
5 1
6 0
7 2
8 9
9 2
10 6
11 5
12 3
13 8
14 6
15 7
16 1

1 2
2 6
3 8
4 1
5 4
6 0
7 6
8 9
9 4
10 5
11 2
12 2
13 1
14 8
15 4
16 7

1 8
2 1
3 2
4 2
5 3
6 2
7 2
8 8
9 8
10 0
11 2
12 9
13 5
14 8
15 5
16 1

1 3
2 8
3 6
4 2
5 1
6 5
7 2
8 7
9 6
10 8
11 3
12 1
13 7
14 6
15 5
16 3

1 9
2 9
3 8
4 2
5 1
6 0
7 2
8 9
9 2
10 6
11 5
12 3
13 8
14 6
15 7
16 1

1 2
2 6
3 8
4 1
5 4
6 0
7 6
8 9
9 4
10 5
11 2
12 2
13 1
14 8
15 4
16 7

1 8
2 1
3 2
4 2
5 3
6 2
7 2
8 8
9 8
10 0
11 2
12 9
13 5
14 8
15 5
16 1

1 3
2 8
3 6
4 2
5 1
6 5
7 2
8 7
9 6
10 8
11 3
12 1
13 7
14 6
15 5
16 3

1 9
2 9
3 8
4 2
5 1
6 0
7 2
8 9
9 2
10 6
11 5
12 3
13 8
14 6
15 7
16 1

1 2
2 6
3 8
4 1
5 4
6 0
7 6
8 9
9 4
10 5
11 2
12 2
13 1
14 8
15 4
16 7

1 8
2 1
3 2
4 2
5 3
6 2
7 2
8 8
9 8
10 0
11 2
12 9
13 5
14 8
15 5
16 1

1 3
2 8
3 6
4 2
5 1
6 5
7 2
8 7
9 6
10 8
11 3
12 1
13 7
14 6
15 5
16 3

1 9
2 9
3 8
4 2
5 1
6 0
7 2
8 9
9 2
10 6
11 5
12 3
13 8
14 6
15 7
16 1

1 2
2 6
3 8
4 1
5 4
6 0
7 6
8 9
9 4
10 5
11 2
12 2
13 1
14 8
15 4
16 7

1 8
2 1
3 2
4 2
5 3
6 2
7 2
8 8
9 8
10 0
11 2
12 9
13 5
14 8
15 5
16 1

1 3
2 8
3 6
4 2
5 1
6 5
7 2
8 7
9 6
10 8
11 3
12 1
13 7
14 6
15 5
16 3

1 9
2 9
3 8
4 2
5 1
6 0
7 2
8 9
9 2
10 6
11 5
12 3
13 8
14 6
15 7
16 1

1 2
2 6
3 8
4 1
5 4
6 0
7 6
8 9
9 4
10 5
11 2
12 2
13 1
14 8
15 4
16 7

1 8
2 1
3 2
4 2
5 3
6 2
7 2
8 8
9 8
10 0
11 2
12 9
13 5
14 8
15 5
16 1

1 3
2 8
3 6
4 2
5 1
6 5
7 2
8 7
9 6
10 8
11 3
12 1
13 7
14 6
15 5
16 3

1 9
2 9
3 8
4 2
5 1
6 0
7 2
8 9
9 2
10 6
11 5
12 3
13 8
14 6
15 7
16 1

1 2
2 6
3 8
4 1
5 4
6 0
7 6
8 9
9 4
10 5
11 2
12 2
13 1
14 8
15 4
16 7

1 8
2 1
3 2
4 2
5 3
6 2
7 2
8 8
9 8
10 0
11 2
12 9
13 5
14 8
15 5
16 1

1 3
2 8
3 6
4 2
5 1
6 5
7 2
8 7
9 6
10 8
11 3
12 1
13 7
14 6
15 5
16 3

1 9
2 9
3 8
4 2
5 1
6 0
7 2
8 9
9 2
10 6
11 5
12 3
13 8
14 6
15 7
16 1

1 2
2 6
3 8
4 1
5 4
6 0
7 6
8 9
9 4
10 5
11 2
12 2
13 1
14 8
15 4
16 7

1 8
2 1
3 2
4 2
5 3
6 2
7 2
8 8
9 8
10 0
11 2
12 9
13 5
14 8
15 5
16 1

1 3
2 8
3 6
4 2
5 1
6 5
7 2
8 7
9 6
10 8
11 3
12 1
13 7
14 6
15 5
16 3

1 9
2 9
3 8
4 2
5 1
6 0
7 2
8 9
9 2
10 6
11 5
12 3
13 8
14 6
15 7
16 1

1 2
2 6
3 8
4 1
5 4
6 0
7 6
8 9
9 4
10 5
11 2
12 2
13 1
14 8
15 4
16 7

1 8
2 1
3 2
4 2
5 3
6 2
7 2
8 8
9 8
10 0
11 2
12 9
13 5
14 8
15 5
16 1

1 3
2 8
3 6
4 2
5 1
6 5
7 2
8 7
9 6
10 8
11 3
12 1
13 7
14 6
15 5
16 3

1 9
2 9
3 8
4 2
5 1
6 0
7 2
8 9
9 2
10 6
11 5
12 3
13 8
14 6
15 7
16 1

1 2
2 6
3 8
4 1
5 4
6 0
7 6
8 9
9 4
10 5
11 2
12 2
13 1
14 8
15 4
16 7

1 8
2 1
3 2
4 2
5 3
6 2
7 2
8 8
9 8
10 0
11 2
12 9
13 5
14 8
15 5
16 1

1 3
2 8
3 6
4 2
5 1
6 5
7 2
8 7
9 6
10 8
11 3
12 1
13 7
14 6
15 5
16 3

1 9
2 9
3 8
4 2
5 1
6 0
7 2
8 9
9 2
10 6
11 5
12 3
13 8
14 6
15 7
16 1

1 2
2 6
3 8
4 1
5 4
6 0
7 6
8 9
9 4
10 5
11 2
12 2
13 1
14 8
15 4
16 7

1 8
2 1
3 2
4 2
5 3
6 2
7 2
8 8
9 8
10 0
11 2
12 9
13 5
14 8
15 5
16 1

1 3
2 8
3 6
4 2
5 1
6 5
7 2
8 7
9 6
10 8
11 3
12 1
13 7
14 6
15 5
16 3

1 9
2 9
3 8
4 2
5 1
6 0
7 2
8 9
9 2
10 6
11 5
12 3
13 8
14 6
15 7
16 1

1 2
2 6
3 8
4 1
5 4
6 0
7 6
8 9
9 4
10 5
11 2
12 2
13 1
14 8
15 4
16 7

1 8
2 1
3 2
4 2
5 3
6 2
7 2
8 8
9 8
10 0
11 2
12 9
13 5
14 8
15 5
16 1

1 3
2 8
3 6
4 2
5 1
6 5
7 2
8 7
9 6
10 8
11 3
12 1
13 7
14 6
15 5
16 3

1 9
2 9
3 8
4 2
5 1
6 0
7 2
8 9
9 2
10 6
11 5
12 3
13 8
14 6
15 7
16 1

1 2
2 6
3 8
4 1
5 4
6 0
7 6
8 9
9 4
10 5
11 2
12 2
13 1
14 8
15 4
16 7

1 8
2 1
3 2
4 2
5 3
6 2
7 2
8 8
9 8
10 0
11 2
12 9
13 5
14 8
15 5
16 1

1 3
2 8
3 6
4 2
5 1
6 5
7 2
8 7
9 6
10 8
11 3
12 1
13 7
14 6
15 5
16 3

1 9
2 9
3 8
4 2
5 1
6 0
7 2
8 9
9 2
10 6
11 5
12 3
13 8
14 6
15 7
16 1

1 2
2 6
3 8
4 1
5 4
6 0
7 6
8 9
9 4
10 5
11 2
12 2
13 1
14 8
15 4
16 7

1 8
2 1
3 2
4 2
5 3
6 2
7 2
8 8
9 8
10 0
11 2
12 9
13 5
14 8
15 5
16 1

1 3
2 8
3 6
4 2
5 1
6 5
7 2
8 7
9 6
10 8
11 3
12 1
13 7
14 6
15 5
16 3

1 9
2 9
3 8
4 2
5 1
6 0
7 2
8 9
9 2
10 6
11 5
12 3
13 8
14 6
15 7
16 1

1 2
2 6
3 8
4 1
5 4
6 0
7 6
8 9
9 4
10 5
11 2
12 2
13 1
14 8
15 4
16 7

1 8
2 1
3 2
4 2
5 3
6 2
7 2
8 8
9 8
10 0
11 2
12 9
13 5
14 8
15 5
16 1

1 3
2 8
3 6
4 2
5 1
6 5
7 2
8 7
9 6
10 8
11 3
12 1
13 7
14 6
15 5
16 3

1 9
2 9
3 8
4 2
5 1
6 0
7 2
8 9
9 2
10 6
11 5
12 3
13 8
14 6
15 7
16 1

1 2
2 6
3 8
4 1
5 4
6 0
7 6
8 9
9 4
10 5
11 2
12 2
13 1
14 8
15 4
16 7

1 8
2 1
3 2
4 2
5 3
6 2
7 2
8 8
9 8
10 0
11 2
12 9
13 5
14 8
15 5
16 1

1 3
2 8
3 6
4 2
5 1
6 5
7 2
8 7
9 6
10 8
11 3
12 1
13 7
14 6
15 5
16 3

1 9
2 9
3 8
4 2
5 1
6 0
7 2
8 9
9 2
10 6
11 5
12 3
13 8
14 6
15 7
16 1

1 2
2 6
3 8
4 1
5 4
6 0
7 6
8 9
9 4
10 5
11 2
12 2
13 1
14 8
15 4
16 7

1 8
2 1
3 2
4 2
5 3
6 2
7 2
8 8
9 8
10 0
11 2
12 9
13 5
14 8
15 5
16 1

1 3
2 8
3 6
4 2
5 1
6 5
7 2
8 7
9 6
10 8
11 3
12 1
13 7
14 6
15 5
16 3

1 9
2 9
3 8
4 2
5 1
6 0
7 2
8 9
9 2
10 6
11 5
12 3
13 8
14 6
15 7
16 1

1 2
2 6
3 8
4 1
5 4
6 0
7 6
8 9
9 4
10 5
11 2
12 2
13 1
14 8
15 4
16 7

1 8
2 1
3 2
4 2
5 3
6 2
7 2
8 8
9 8
10 0
11 2
12 9
13 5
14 8
15 5
16 1

1 3
2 8
3 6
4 2
5 1
6 5
7 2
8 7
9 6
10 8
11 3
12 1
13 7
14 6
15 5
16 3

1 9
2 9
3 8
4 2
5 1
6 0
7 2
8 9
9 2
10 6
11 5
12 3
13 8
14 6
15 7
16 1

1 2
2 6
3 8
4 1
5 4
6 0
7 6
8 9
9 4
10 5
11 2
12 2
13 1
14 8
15 4
16 7

1 8
2 1
3 2
4 2
5 3
6 2
7 2
8 8
9 8
10 0
11 2
12 9
13 5
14 8
15 5
16 1

1 3
2 8
3 6
4 2
5 1
6 5
7 2
8 7
9 6
10 8
11 3
12 1
13 7
14 6
15 5
16 3

1 9
2 9
3 8
4 2
5 1
6 0
7 2
8 9
9 2
10 6
11 5
12 3
13 8
14 6
15 7
16 1

1 2
2 6
3 8
4 1
5 4
6 0
7 6
8 9
9 4
10 5
11 2
12 2
13 1
14 8
15 4
16 7