1 0
2 0
3 0
4 0
5 0
6 0
7 0
8 0

1 20
2 13
3 13
4 11
5 15
6 17
7 12
8 13

1 20
2 20
3 16
4 10
5 16
6 11
7 11
8 17

1 13
2 11
3 15
4 20
5 15
6 15
7 14
8 14

1 19
2 16
3 14
4 10
5 12
6 18
7 11
8 19

1 20
2 13
3 13
4 11
5 15
6 17
7 12
8 13

1 20
2 20
3 16
4 10
5 16
6 11
7 11
8 17

1 13
2 11
3 15
4 20
5 15
6 15
7 14
8 14

1 19
2 16
3 14
4 10
5 12
6 18
7 11
8 19

1 20
2 13
3 13
4 11
5 15
6 17
7 12
8 13

1 20
2 20
3 16
4 10
5 16
6 11
7 11
8 17

1 13
2 11
3 15
4 20
5 15
6 15
7 14
8 14

1 19
2 16
3 14
4 10
5 12
6 18
7 11
8 19

1 20
2 13
3 13
4 11
5 15
6 17
7 12
8 13

1 20
2 20
3 16
4 10
5 16
6 11
7 11
8 17

1 13
2 11
3 15
4 20
5 15
6 15
7 14
8 14

1 19
2 16
3 14
4 10
5 12
6 18
7 11
8 19

1 20
2 13
3 13
4 11
5 15
6 17
7 12
8 13

1 20
2 20
3 16
4 10
5 16
6 11
7 11
8 17

1 13
2 11
3 15
4 20
5 15
6 15
7 14
8 14

1 19
2 16
3 14
4 10
5 12
6 18
7 11
8 19

1 20
2 13
3 13
4 11
5 15
6 17
7 12
8 13

1 20
2 20
3 16
4 10
5 16
6 11
7 11
8 17

1 13
2 11
3 15
4 20
5 15
6 15
7 14
8 14

1 19
2 16
3 14
4 10
5 12
6 18
7 11
8 19

1 20
2 13
3 13
4 11
5 15
6 17
7 12
8 13

1 20
2 20
3 16
4 10
5 16
6 11
7 11
8 17

1 13
2 11
3 15
4 20
5 15
6 15
7 14
8 14

1 19
2 16
3 14
4 10
5 12
6 18
7 11
8 19

1 20
2 13
3 13
4 11
5 15
6 17
7 12
8 13

1 20
2 20
3 16
4 10
5 16
6 11
7 11
8 17

1 13
2 11
3 15
4 20
5 15
6 15
7 14
8 14

1 19
2 16
3 14
4 10
5 12
6 18
7 11
8 19

1 20
2 13
3 13
4 11
5 15
6 17
7 12
8 13

1 20
2 20
3 16
4 10
5 16
6 11
7 11
8 17

1 13
2 11
3 15
4 20
5 15
6 15
7 14
8 14

1 19
2 16
3 14
4 10
5 12
6 18
7 11
8 19

1 20
2 13
3 13
4 11
5 15
6 17
7 12
8 13

1 20
2 20
3 16
4 10
5 16
6 11
7 11
8 17

1 13
2 11
3 15
4 20
5 15
6 15
7 14
8 14

1 19
2 16
3 14
4 10
5 12
6 18
7 11
8 19

1 20
2 13
3 13
4 11
5 15
6 17
7 12
8 13

1 20
2 20
3 16
4 10
5 16
6 11
7 11
8 17

1 13
2 11
3 15
4 20
5 15
6 15
7 14
8 14

1 19
2 16
3 14
4 10
5 12
6 18
7 11
8 19

1 20
2 13
3 13
4 11
5 15
6 17
7 12
8 13

1 20
2 20
3 16
4 10
5 16
6 11
7 11
8 17

1 13
2 11
3 15
4 20
5 15
6 15
7 14
8 14

1 19
2 16
3 14
4 10
5 12
6 18
7 11
8 19

1 20
2 13
3 13
4 11
5 15
6 17
7 12
8 13

1 20
2 20
3 16
4 10
5 16
6 11
7 11
8 17

1 13
2 11
3 15
4 20
5 15
6 15
7 14
8 14

1 19
2 16
3 14
4 10
5 12
6 18
7 11
8 19

1 20
2 13
3 13
4 11
5 15
6 17
7 12
8 13

1 20
2 20
3 16
4 10
5 16
6 11
7 11
8 17

1 13
2 11
3 15
4 20
5 15
6 15
7 14
8 14

1 19
2 16
3 14
4 10
5 12
6 18
7 11
8 19

1 20
2 13
3 13
4 11
5 15
6 17
7 12
8 13

1 20
2 20
3 16
4 10
5 16
6 11
7 11
8 17

1 13
2 11
3 15
4 20
5 15
6 15
7 14
8 14

1 19
2 16
3 14
4 10
5 12
6 18
7 11
8 19

1 20
2 13
3 13
4 11
5 15
6 17
7 12
8 13

1 20
2 20
3 16
4 10
5 16
6 11
7 11
8 17

1 13
2 11
3 15
4 20
5 15
6 15
7 14
8 14

1 19
2 16
3 14
4 10
5 12
6 18
7 11
8 19

1 20
2 13
3 13
4 11
5 15
6 17
7 12
8 13

1 20
2 20
3 16
4 10
5 16
6 11
7 11
8 17

1 13
2 11
3 15
4 20
5 15
6 15
7 14
8 14

1 19
2 16
3 14
4 10
5 12
6 18
7 11
8 19

1 20
2 13
3 13
4 11
5 15
6 17
7 12
8 13

1 20
2 20
3 16
4 10
5 16
6 11
7 11
8 17

1 13
2 11
3 15
4 20
5 15
6 15
7 14
8 14

1 19
2 16
3 14
4 10
5 12
6 18
7 11
8 19

1 20
2 13
3 13
4 11
5 15
6 17
7 12
8 13

1 20
2 20
3 16
4 10
5 16
6 11
7 11
8 17

1 13
2 11
3 15
4 20
5 15
6 15
7 14
8 14

1 19
2 16
3 14
4 10
5 12
6 18
7 11
8 19

1 20
2 13
3 13
4 11
5 15
6 17
7 12
8 13

1 20
2 20
3 16
4 10
5 16
6 11
7 11
8 17

1 13
2 11
3 15
4 20
5 15
6 15
7 14
8 14

1 19
2 16
3 14
4 10
5 12
6 18
7 11
8 19