1 0
2 0
3 0
4 0
5 0
6 0
7 0
8 0

1 0
2 2
3 4
4 8
5 4
6 1
7 3
8 2

1 2
2 8
3 1
4 0
5 7
6 5
7 5
8 1

1 0
2 2
3 4
4 8
5 4
6 1
7 3
8 2

1 2
2 8
3 1
4 0
5 7
6 5
7 5
8 1

1 0
2 2
3 4
4 8
5 4
6 1
7 3
8 2

1 2
2 8
3 1
4 0
5 7
6 5
7 5
8 1

1 0
2 2
3 4
4 8
5 4
6 1
7 3
8 2

1 2
2 8
3 1
4 0
5 7
6 5
7 5
8 1

1 0
2 2
3 4
4 8
5 4
6 1
7 3
8 2

1 2
2 8
3 1
4 0
5 7
6 5
7 5
8 1

1 0
2 2
3 4
4 8
5 4
6 1
7 3
8 2

1 2
2 8
3 1
4 0
5 7
6 5
7 5
8 1

1 0
2 2
3 4
4 8
5 4
6 1
7 3
8 2

1 2
2 8
3 1
4 0
5 7
6 5
7 5
8 1

1 0
2 2
3 4
4 8
5 4
6 1
7 3
8 2

1 2
2 8
3 1
4 0
5 7
6 5
7 5
8 1

1 0
2 2
3 4
4 8
5 4
6 1
7 3
8 2

1 2
2 8
3 1
4 0
5 7
6 5
7 5
8 1

1 0
2 2
3 4
4 8
5 4
6 1
7 3
8 2

1 2
2 8
3 1
4 0
5 7
6 5
7 5
8 1

1 0
2 2
3 4
4 8
5 4
6 1
7 3
8 2

1 2
2 8
3 1
4 0
5 7
6 5
7 5
8 1

1 0
2 2
3 4
4 8
5 4
6 1
7 3
8 2

1 2
2 8
3 1
4 0
5 7
6 5
7 5
8 1

1 0
2 2
3 4
4 8
5 4
6 1
7 3
8 2

1 2
2 8
3 1
4 0
5 7
6 5
7 5
8 1

1 0
2 2
3 4
4 8
5 4
6 1
7 3
8 2

1 2
2 8
3 1
4 0
5 7
6 5
7 5
8 1

1 0
2 2
3 4
4 8
5 4
6 1
7 3
8 2

1 2
2 8
3 1
4 0
5 7
6 5
7 5
8 1

1 0
2 2
3 4
4 8
5 4
6 1
7 3
8 2

1 2
2 8
3 1
4 0
5 7
6 5
7 5
8 1

1 0
2 2
3 4
4 8
5 4
6 1
7 3
8 2

1 2
2 8
3 1
4 0
5 7
6 5
7 5
8 1

1 0
2 2
3 4
4 8
5 4
6 1
7 3
8 2

1 2
2 8
3 1
4 0
5 7
6 5
7 5
8 1

1 0
2 2
3 4
4 8
5 4
6 1
7 3
8 2

1 2
2 8
3 1
4 0
5 7
6 5
7 5
8 1

1 0
2 2
3 4
4 8
5 4
6 1
7 3
8 2

1 2
2 8
3 1
4 0
5 7
6 5
7 5
8 1