1 0
2 0
3 0
4 0
5 0
6 0
7 0
8 0
9 0
10 0
11 0
12 0
13 0
14 0
15 0
16 0

1 1
2 5
3 4
4 8
5 4
6 0
7 2
8 3
9 4
10 5
11 6
12 6
13 2
14 9
15 9
16 5

1 2
2 3
3 6
4 7
5 7
6 4
7 3
8 0
9 5
10 2
11 5
12 7
13 3
14 2
15 6
16 5

1 9
2 7
3 3
4 1
5 3
6 3
7 2
8 7
9 9
10 0
11 3
12 5
13 2
14 2
15 1
16 0

1 8
2 7
3 1
4 6
5 4
6 3
7 5
8 9
9 1
10 5
11 4
12 2
13 0
14 8
15 0
16 5

1 1
2 5
3 4
4 8
5 4
6 0
7 2
8 3
9 4
10 5
11 6
12 6
13 2
14 9
15 9
16 5

1 2
2 3
3 6
4 7
5 7
6 4
7 3
8 0
9 5
10 2
11 5
12 7
13 3
14 2
15 6
16 5

1 9
2 7
3 3
4 1
5 3
6 3
7 2
8 7
9 9
10 0
11 3
12 5
13 2
14 2
15 1
16 0

1 8
2 7
3 1
4 6
5 4
6 3
7 5
8 9
9 1
10 5
11 4
12 2
13 0
14 8
15 0
16 5

1 1
2 5
3 4
4 8
5 4
6 0
7 2
8 3
9 4
10 5
11 6
12 6
13 2
14 9
15 9
16 5

1 2
2 3
3 6
4 7
5 7
6 4
7 3
8 0
9 5
10 2
11 5
12 7
13 3
14 2
15 6
16 5

1 9
2 7
3 3
4 1
5 3
6 3
7 2
8 7
9 9
10 0
11 3
12 5
13 2
14 2
15 1
16 0

1 8
2 7
3 1
4 6
5 4
6 3
7 5
8 9
9 1
10 5
11 4
12 2
13 0
14 8
15 0
16 5

1 1
2 5
3 4
4 8
5 4
6 0
7 2
8 3
9 4
10 5
11 6
12 6
13 2
14 9
15 9
16 5

1 2
2 3
3 6
4 7
5 7
6 4
7 3
8 0
9 5
10 2
11 5
12 7
13 3
14 2
15 6
16 5

1 9
2 7
3 3
4 1
5 3
6 3
7 2
8 7
9 9
10 0
11 3
12 5
13 2
14 2
15 1
16 0

1 8
2 7
3 1
4 6
5 4
6 3
7 5
8 9
9 1
10 5
11 4
12 2
13 0
14 8
15 0
16 5

1 1
2 5
3 4
4 8
5 4
6 0
7 2
8 3
9 4
10 5
11 6
12 6
13 2
14 9
15 9
16 5

1 2
2 3
3 6
4 7
5 7
6 4
7 3
8 0
9 5
10 2
11 5
12 7
13 3
14 2
15 6
16 5

1 9
2 7
3 3
4 1
5 3
6 3
7 2
8 7
9 9
10 0
11 3
12 5
13 2
14 2
15 1
16 0

1 8
2 7
3 1
4 6
5 4
6 3
7 5
8 9
9 1
10 5
11 4
12 2
13 0
14 8
15 0
16 5

1 1
2 5
3 4
4 8
5 4
6 0
7 2
8 3
9 4
10 5
11 6
12 6
13 2
14 9
15 9
16 5

1 2
2 3
3 6
4 7
5 7
6 4
7 3
8 0
9 5
10 2
11 5
12 7
13 3
14 2
15 6
16 5

1 9
2 7
3 3
4 1
5 3
6 3
7 2
8 7
9 9
10 0
11 3
12 5
13 2
14 2
15 1
16 0

1 8
2 7
3 1
4 6
5 4
6 3
7 5
8 9
9 1
10 5
11 4
12 2
13 0
14 8
15 0
16 5

1 1
2 5
3 4
4 8
5 4
6 0
7 2
8 3
9 4
10 5
11 6
12 6
13 2
14 9
15 9
16 5

1 2
2 3
3 6
4 7
5 7
6 4
7 3
8 0
9 5
10 2
11 5
12 7
13 3
14 2
15 6
16 5

1 9
2 7
3 3
4 1
5 3
6 3
7 2
8 7
9 9
10 0
11 3
12 5
13 2
14 2
15 1
16 0

1 8
2 7
3 1
4 6
5 4
6 3
7 5
8 9
9 1
10 5
11 4
12 2
13 0
14 8
15 0
16 5

1 1
2 5
3 4
4 8
5 4
6 0
7 2
8 3
9 4
10 5
11 6
12 6
13 2
14 9
15 9
16 5

1 2
2 3
3 6
4 7
5 7
6 4
7 3
8 0
9 5
10 2
11 5
12 7
13 3
14 2
15 6
16 5

1 9
2 7
3 3
4 1
5 3
6 3
7 2
8 7
9 9
10 0
11 3
12 5
13 2
14 2
15 1
16 0

1 8
2 7
3 1
4 6
5 4
6 3
7 5
8 9
9 1
10 5
11 4
12 2
13 0
14 8
15 0
16 5

1 1
2 5
3 4
4 8
5 4
6 0
7 2
8 3
9 4
10 5
11 6
12 6
13 2
14 9
15 9
16 5

1 2
2 3
3 6
4 7
5 7
6 4
7 3
8 0
9 5
10 2
11 5
12 7
13 3
14 2
15 6
16 5

1 9
2 7
3 3
4 1
5 3
6 3
7 2
8 7
9 9
10 0
11 3
12 5
13 2
14 2
15 1
16 0

1 8
2 7
3 1
4 6
5 4
6 3
7 5
8 9
9 1
10 5
11 4
12 2
13 0
14 8
15 0
16 5

1 1
2 5
3 4
4 8
5 4
6 0
7 2
8 3
9 4
10 5
11 6
12 6
13 2
14 9
15 9
16 5

1 2
2 3
3 6
4 7
5 7
6 4
7 3
8 0
9 5
10 2
11 5
12 7
13 3
14 2
15 6
16 5

1 9
2 7
3 3
4 1
5 3
6 3
7 2
8 7
9 9
10 0
11 3
12 5
13 2
14 2
15 1
16 0

1 8
2 7
3 1
4 6
5 4
6 3
7 5
8 9
9 1
10 5
11 4
12 2
13 0
14 8
15 0
16 5