1 0
2 0
3 0
4 0

1 14
2 19
3 18
4 10

1 11
2 20
3 16
4 12

1 14
2 19
3 18
4 10

1 11
2 20
3 16
4 12

1 14
2 19
3 18
4 10

1 11
2 20
3 16
4 12

1 14
2 19
3 18
4 10

1 11
2 20
3 16
4 12

1 14
2 19
3 18
4 10

1 11
2 20
3 16
4 12

1 14
2 19
3 18
4 10

1 11
2 20
3 16
4 12

1 14
2 19
3 18
4 10

1 11
2 20
3 16
4 12

1 14
2 19
3 18
4 10

1 11
2 20
3 16
4 12

1 14
2 19
3 18
4 10

1 11
2 20
3 16
4 12

1 14
2 19
3 18
4 10

1 11
2 20
3 16
4 12

1 14
2 19
3 18
4 10

1 11
2 20
3 16
4 12

1 14
2 19
3 18
4 10

1 11
2 20
3 16
4 12

1 14
2 19
3 18
4 10

1 11
2 20
3 16
4 12

1 14
2 19
3 18
4 10

1 11
2 20
3 16
4 12

1 14
2 19
3 18
4 10

1 11
2 20
3 16
4 12