1 0
2 0
3 0
4 0
5 0
6 0
7 0
8 0

1 12
2 16
3 14
4 19
5 13
6 19
7 15
8 16

1 13
2 19
3 12
4 13
5 18
6 19
7 18
8 17

1 20
2 11
3 11
4 16
5 17
6 20
7 12
8 17

1 11
2 13
3 20
4 17
5 17
6 19
7 17
8 18

1 12
2 16
3 14
4 19
5 13
6 19
7 15
8 16

1 13
2 19
3 12
4 13
5 18
6 19
7 18
8 17

1 20
2 11
3 11
4 16
5 17
6 20
7 12
8 17

1 11
2 13
3 20
4 17
5 17
6 19
7 17
8 18

1 12
2 16
3 14
4 19
5 13
6 19
7 15
8 16

1 13
2 19
3 12
4 13
5 18
6 19
7 18
8 17

1 20
2 11
3 11
4 16
5 17
6 20
7 12
8 17

1 11
2 13
3 20
4 17
5 17
6 19
7 17
8 18

1 12
2 16
3 14
4 19
5 13
6 19
7 15
8 16

1 13
2 19
3 12
4 13
5 18
6 19
7 18
8 17

1 20
2 11
3 11
4 16
5 17
6 20
7 12
8 17

1 11
2 13
3 20
4 17
5 17
6 19
7 17
8 18

1 12
2 16
3 14
4 19
5 13
6 19
7 15
8 16

1 13
2 19
3 12
4 13
5 18
6 19
7 18
8 17

1 20
2 11
3 11
4 16
5 17
6 20
7 12
8 17

1 11
2 13
3 20
4 17
5 17
6 19
7 17
8 18

1 12
2 16
3 14
4 19
5 13
6 19
7 15
8 16

1 13
2 19
3 12
4 13
5 18
6 19
7 18
8 17

1 20
2 11
3 11
4 16
5 17
6 20
7 12
8 17

1 11
2 13
3 20
4 17
5 17
6 19
7 17
8 18

1 12
2 16
3 14
4 19
5 13
6 19
7 15
8 16

1 13
2 19
3 12
4 13
5 18
6 19
7 18
8 17

1 20
2 11
3 11
4 16
5 17
6 20
7 12
8 17

1 11
2 13
3 20
4 17
5 17
6 19
7 17
8 18

1 12
2 16
3 14
4 19
5 13
6 19
7 15
8 16

1 13
2 19
3 12
4 13
5 18
6 19
7 18
8 17

1 20
2 11
3 11
4 16
5 17
6 20
7 12
8 17

1 11
2 13
3 20
4 17
5 17
6 19
7 17
8 18

1 12
2 16
3 14
4 19
5 13
6 19
7 15
8 16

1 13
2 19
3 12
4 13
5 18
6 19
7 18
8 17

1 20
2 11
3 11
4 16
5 17
6 20
7 12
8 17

1 11
2 13
3 20
4 17
5 17
6 19
7 17
8 18

1 12
2 16
3 14
4 19
5 13
6 19
7 15
8 16

1 13
2 19
3 12
4 13
5 18
6 19
7 18
8 17

1 20
2 11
3 11
4 16
5 17
6 20
7 12
8 17

1 11
2 13
3 20
4 17
5 17
6 19
7 17
8 18

1 12
2 16
3 14
4 19
5 13
6 19
7 15
8 16

1 13
2 19
3 12
4 13
5 18
6 19
7 18
8 17

1 20
2 11
3 11
4 16
5 17
6 20
7 12
8 17

1 11
2 13
3 20
4 17
5 17
6 19
7 17
8 18

1 12
2 16
3 14
4 19
5 13
6 19
7 15
8 16

1 13
2 19
3 12
4 13
5 18
6 19
7 18
8 17

1 20
2 11
3 11
4 16
5 17
6 20
7 12
8 17

1 11
2 13
3 20
4 17
5 17
6 19
7 17
8 18

1 12
2 16
3 14
4 19
5 13
6 19
7 15
8 16

1 13
2 19
3 12
4 13
5 18
6 19
7 18
8 17

1 20
2 11
3 11
4 16
5 17
6 20
7 12
8 17

1 11
2 13
3 20
4 17
5 17
6 19
7 17
8 18

1 12
2 16
3 14
4 19
5 13
6 19
7 15
8 16

1 13
2 19
3 12
4 13
5 18
6 19
7 18
8 17

1 20
2 11
3 11
4 16
5 17
6 20
7 12
8 17

1 11
2 13
3 20
4 17
5 17
6 19
7 17
8 18

1 12
2 16
3 14
4 19
5 13
6 19
7 15
8 16

1 13
2 19
3 12
4 13
5 18
6 19
7 18
8 17

1 20
2 11
3 11
4 16
5 17
6 20
7 12
8 17

1 11
2 13
3 20
4 17
5 17
6 19
7 17
8 18