1 0
2 0
3 0
4 0
5 0
6 0
7 0
8 0
9 0
10 0
11 0
12 0
13 0
14 0
15 0
16 0

1 13
2 10
3 12
4 14
5 11
6 18
7 12
8 18
9 17
10 12
11 11
12 16
13 11
14 18
15 20
16 11

1 10
2 14
3 19
4 14
5 17
6 14
7 14
8 13
9 10
10 12
11 18
12 14
13 14
14 11
15 12
16 11

1 14
2 13
3 11
4 15
5 19
6 16
7 12
8 13
9 16
10 15
11 11
12 16
13 16
14 18
15 15
16 18

1 17
2 12
3 16
4 13
5 10
6 19
7 15
8 13
9 20
10 15
11 20
12 10
13 18
14 15
15 17
16 14

1 18
2 20
3 10
4 14
5 10
6 15
7 15
8 19
9 15
10 15
11 10
12 18
13 15
14 10
15 14
16 17

1 10
2 16
3 16
4 10
5 18
6 10
7 13
8 11
9 18
10 12
11 13
12 11
13 11
14 15
15 12
16 10

1 13
2 10
3 12
4 14
5 11
6 18
7 12
8 18
9 17
10 12
11 11
12 16
13 11
14 18
15 20
16 11

1 10
2 14
3 19
4 14
5 17
6 14
7 14
8 13
9 10
10 12
11 18
12 14
13 14
14 11
15 12
16 11

1 14
2 13
3 11
4 15
5 19
6 16
7 12
8 13
9 16
10 15
11 11
12 16
13 16
14 18
15 15
16 18

1 17
2 12
3 16
4 13
5 10
6 19
7 15
8 13
9 20
10 15
11 20
12 10
13 18
14 15
15 17
16 14

1 18
2 20
3 10
4 14
5 10
6 15
7 15
8 19
9 15
10 15
11 10
12 18
13 15
14 10
15 14
16 17

1 10
2 16
3 16
4 10
5 18
6 10
7 13
8 11
9 18
10 12
11 13
12 11
13 11
14 15
15 12
16 10

1 13
2 10
3 12
4 14
5 11
6 18
7 12
8 18
9 17
10 12
11 11
12 16
13 11
14 18
15 20
16 11

1 10
2 14
3 19
4 14
5 17
6 14
7 14
8 13
9 10
10 12
11 18
12 14
13 14
14 11
15 12
16 11

1 14
2 13
3 11
4 15
5 19
6 16
7 12
8 13
9 16
10 15
11 11
12 16
13 16
14 18
15 15
16 18

1 17
2 12
3 16
4 13
5 10
6 19
7 15
8 13
9 20
10 15
11 20
12 10
13 18
14 15
15 17
16 14

1 18
2 20
3 10
4 14
5 10
6 15
7 15
8 19
9 15
10 15
11 10
12 18
13 15
14 10
15 14
16 17

1 10
2 16
3 16
4 10
5 18
6 10
7 13
8 11
9 18
10 12
11 13
12 11
13 11
14 15
15 12
16 10

1 13
2 10
3 12
4 14
5 11
6 18
7 12
8 18
9 17
10 12
11 11
12 16
13 11
14 18
15 20
16 11

1 10
2 14
3 19
4 14
5 17
6 14
7 14
8 13
9 10
10 12
11 18
12 14
13 14
14 11
15 12
16 11

1 14
2 13
3 11
4 15
5 19
6 16
7 12
8 13
9 16
10 15
11 11
12 16
13 16
14 18
15 15
16 18

1 17
2 12
3 16
4 13
5 10
6 19
7 15
8 13
9 20
10 15
11 20
12 10
13 18
14 15
15 17
16 14

1 18
2 20
3 10
4 14
5 10
6 15
7 15
8 19
9 15
10 15
11 10
12 18
13 15
14 10
15 14
16 17

1 10
2 16
3 16
4 10
5 18
6 10
7 13
8 11
9 18
10 12
11 13
12 11
13 11
14 15
15 12
16 10

1 13
2 10
3 12
4 14
5 11
6 18
7 12
8 18
9 17
10 12
11 11
12 16
13 11
14 18
15 20
16 11

1 10
2 14
3 19
4 14
5 17
6 14
7 14
8 13
9 10
10 12
11 18
12 14
13 14
14 11
15 12
16 11

1 14
2 13
3 11
4 15
5 19
6 16
7 12
8 13
9 16
10 15
11 11
12 16
13 16
14 18
15 15
16 18

1 17
2 12
3 16
4 13
5 10
6 19
7 15
8 13
9 20
10 15
11 20
12 10
13 18
14 15
15 17
16 14

1 18
2 20
3 10
4 14
5 10
6 15
7 15
8 19
9 15
10 15
11 10
12 18
13 15
14 10
15 14
16 17

1 10
2 16
3 16
4 10
5 18
6 10
7 13
8 11
9 18
10 12
11 13
12 11
13 11
14 15
15 12
16 10

1 13
2 10
3 12
4 14
5 11
6 18
7 12
8 18
9 17
10 12
11 11
12 16
13 11
14 18
15 20
16 11

1 10
2 14
3 19
4 14
5 17
6 14
7 14
8 13
9 10
10 12
11 18
12 14
13 14
14 11
15 12
16 11

1 14
2 13
3 11
4 15
5 19
6 16
7 12
8 13
9 16
10 15
11 11
12 16
13 16
14 18
15 15
16 18

1 17
2 12
3 16
4 13
5 10
6 19
7 15
8 13
9 20
10 15
11 20
12 10
13 18
14 15
15 17
16 14

1 18
2 20
3 10
4 14
5 10
6 15
7 15
8 19
9 15
10 15
11 10
12 18
13 15
14 10
15 14
16 17

1 10
2 16
3 16
4 10
5 18
6 10
7 13
8 11
9 18
10 12
11 13
12 11
13 11
14 15
15 12
16 10

1 13
2 10
3 12
4 14
5 11
6 18
7 12
8 18
9 17
10 12
11 11
12 16
13 11
14 18
15 20
16 11

1 10
2 14
3 19
4 14
5 17
6 14
7 14
8 13
9 10
10 12
11 18
12 14
13 14
14 11
15 12
16 11

1 14
2 13
3 11
4 15
5 19
6 16
7 12
8 13
9 16
10 15
11 11
12 16
13 16
14 18
15 15
16 18

1 17
2 12
3 16
4 13
5 10
6 19
7 15
8 13
9 20
10 15
11 20
12 10
13 18
14 15
15 17
16 14

1 18
2 20
3 10
4 14
5 10
6 15
7 15
8 19
9 15
10 15
11 10
12 18
13 15
14 10
15 14
16 17

1 10
2 16
3 16
4 10
5 18
6 10
7 13
8 11
9 18
10 12
11 13
12 11
13 11
14 15
15 12
16 10

1 13
2 10
3 12
4 14
5 11
6 18
7 12
8 18
9 17
10 12
11 11
12 16
13 11
14 18
15 20
16 11

1 10
2 14
3 19
4 14
5 17
6 14
7 14
8 13
9 10
10 12
11 18
12 14
13 14
14 11
15 12
16 11

1 14
2 13
3 11
4 15
5 19
6 16
7 12
8 13
9 16
10 15
11 11
12 16
13 16
14 18
15 15
16 18

1 17
2 12
3 16
4 13
5 10
6 19
7 15
8 13
9 20
10 15
11 20
12 10
13 18
14 15
15 17
16 14

1 18
2 20
3 10
4 14
5 10
6 15
7 15
8 19
9 15
10 15
11 10
12 18
13 15
14 10
15 14
16 17

1 10
2 16
3 16
4 10
5 18
6 10
7 13
8 11
9 18
10 12
11 13
12 11
13 11
14 15
15 12
16 10

1 13
2 10
3 12
4 14
5 11
6 18
7 12
8 18
9 17
10 12
11 11
12 16
13 11
14 18
15 20
16 11

1 10
2 14
3 19
4 14
5 17
6 14
7 14
8 13
9 10
10 12
11 18
12 14
13 14
14 11
15 12
16 11

1 14
2 13
3 11
4 15
5 19
6 16
7 12
8 13
9 16
10 15
11 11
12 16
13 16
14 18
15 15
16 18

1 17
2 12
3 16
4 13
5 10
6 19
7 15
8 13
9 20
10 15
11 20
12 10
13 18
14 15
15 17
16 14

1 18
2 20
3 10
4 14
5 10
6 15
7 15
8 19
9 15
10 15
11 10
12 18
13 15
14 10
15 14
16 17

1 10
2 16
3 16
4 10
5 18
6 10
7 13
8 11
9 18
10 12
11 13
12 11
13 11
14 15
15 12
16 10

1 13
2 10
3 12
4 14
5 11
6 18
7 12
8 18
9 17
10 12
11 11
12 16
13 11
14 18
15 20
16 11

1 10
2 14
3 19
4 14
5 17
6 14
7 14
8 13
9 10
10 12
11 18
12 14
13 14
14 11
15 12
16 11

1 14
2 13
3 11
4 15
5 19
6 16
7 12
8 13
9 16
10 15
11 11
12 16
13 16
14 18
15 15
16 18

1 17
2 12
3 16
4 13
5 10
6 19
7 15
8 13
9 20
10 15
11 20
12 10
13 18
14 15
15 17
16 14

1 18
2 20
3 10
4 14
5 10
6 15
7 15
8 19
9 15
10 15
11 10
12 18
13 15
14 10
15 14
16 17

1 10
2 16
3 16
4 10
5 18
6 10
7 13
8 11
9 18
10 12
11 13
12 11
13 11
14 15
15 12
16 10