1 0
2 0
3 0
4 0
5 0
6 0
7 0
8 0
9 0
10 0
11 0
12 0
13 0
14 0
15 0
16 0

1 20
2 20
3 11
4 15
5 13
6 14
7 14
8 17
9 15
10 16
11 11
12 15
13 12
14 11
15 15
16 19

1 17
2 16
3 19
4 10
5 12
6 11
7 15
8 11
9 13
10 12
11 19
12 18
13 18
14 20
15 18
16 12

1 20
2 20
3 11
4 15
5 13
6 14
7 14
8 17
9 15
10 16
11 11
12 15
13 12
14 11
15 15
16 19

1 17
2 16
3 19
4 10
5 12
6 11
7 15
8 11
9 13
10 12
11 19
12 18
13 18
14 20
15 18
16 12

1 20
2 20
3 11
4 15
5 13
6 14
7 14
8 17
9 15
10 16
11 11
12 15
13 12
14 11
15 15
16 19

1 17
2 16
3 19
4 10
5 12
6 11
7 15
8 11
9 13
10 12
11 19
12 18
13 18
14 20
15 18
16 12

1 20
2 20
3 11
4 15
5 13
6 14
7 14
8 17
9 15
10 16
11 11
12 15
13 12
14 11
15 15
16 19

1 17
2 16
3 19
4 10
5 12
6 11
7 15
8 11
9 13
10 12
11 19
12 18
13 18
14 20
15 18
16 12

1 20
2 20
3 11
4 15
5 13
6 14
7 14
8 17
9 15
10 16
11 11
12 15
13 12
14 11
15 15
16 19

1 17
2 16
3 19
4 10
5 12
6 11
7 15
8 11
9 13
10 12
11 19
12 18
13 18
14 20
15 18
16 12

1 20
2 20
3 11
4 15
5 13
6 14
7 14
8 17
9 15
10 16
11 11
12 15
13 12
14 11
15 15
16 19

1 17
2 16
3 19
4 10
5 12
6 11
7 15
8 11
9 13
10 12
11 19
12 18
13 18
14 20
15 18
16 12

1 20
2 20
3 11
4 15
5 13
6 14
7 14
8 17
9 15
10 16
11 11
12 15
13 12
14 11
15 15
16 19

1 17
2 16
3 19
4 10
5 12
6 11
7 15
8 11
9 13
10 12
11 19
12 18
13 18
14 20
15 18
16 12

1 20
2 20
3 11
4 15
5 13
6 14
7 14
8 17
9 15
10 16
11 11
12 15
13 12
14 11
15 15
16 19

1 17
2 16
3 19
4 10
5 12
6 11
7 15
8 11
9 13
10 12
11 19
12 18
13 18
14 20
15 18
16 12

1 20
2 20
3 11
4 15
5 13
6 14
7 14
8 17
9 15
10 16
11 11
12 15
13 12
14 11
15 15
16 19

1 17
2 16
3 19
4 10
5 12
6 11
7 15
8 11
9 13
10 12
11 19
12 18
13 18
14 20
15 18
16 12

1 20
2 20
3 11
4 15
5 13
6 14
7 14
8 17
9 15
10 16
11 11
12 15
13 12
14 11
15 15
16 19

1 17
2 16
3 19
4 10
5 12
6 11
7 15
8 11
9 13
10 12
11 19
12 18
13 18
14 20
15 18
16 12

1 20
2 20
3 11
4 15
5 13
6 14
7 14
8 17
9 15
10 16
11 11
12 15
13 12
14 11
15 15
16 19

1 17
2 16
3 19
4 10
5 12
6 11
7 15
8 11
9 13
10 12
11 19
12 18
13 18
14 20
15 18
16 12

1 20
2 20
3 11
4 15
5 13
6 14
7 14
8 17
9 15
10 16
11 11
12 15
13 12
14 11
15 15
16 19

1 17
2 16
3 19
4 10
5 12
6 11
7 15
8 11
9 13
10 12
11 19
12 18
13 18
14 20
15 18
16 12

1 20
2 20
3 11
4 15
5 13
6 14
7 14
8 17
9 15
10 16
11 11
12 15
13 12
14 11
15 15
16 19

1 17
2 16
3 19
4 10
5 12
6 11
7 15
8 11
9 13
10 12
11 19
12 18
13 18
14 20
15 18
16 12

1 20
2 20
3 11
4 15
5 13
6 14
7 14
8 17
9 15
10 16
11 11
12 15
13 12
14 11
15 15
16 19

1 17
2 16
3 19
4 10
5 12
6 11
7 15
8 11
9 13
10 12
11 19
12 18
13 18
14 20
15 18
16 12

1 20
2 20
3 11
4 15
5 13
6 14
7 14
8 17
9 15
10 16
11 11
12 15
13 12
14 11
15 15
16 19

1 17
2 16
3 19
4 10
5 12
6 11
7 15
8 11
9 13
10 12
11 19
12 18
13 18
14 20
15 18
16 12

1 20
2 20
3 11
4 15
5 13
6 14
7 14
8 17
9 15
10 16
11 11
12 15
13 12
14 11
15 15
16 19

1 17
2 16
3 19
4 10
5 12
6 11
7 15
8 11
9 13
10 12
11 19
12 18
13 18
14 20
15 18
16 12

1 20
2 20
3 11
4 15
5 13
6 14
7 14
8 17
9 15
10 16
11 11
12 15
13 12
14 11
15 15
16 19

1 17
2 16
3 19
4 10
5 12
6 11
7 15
8 11
9 13
10 12
11 19
12 18
13 18
14 20
15 18
16 12

1 20
2 20
3 11
4 15
5 13
6 14
7 14
8 17
9 15
10 16
11 11
12 15
13 12
14 11
15 15
16 19

1 17
2 16
3 19
4 10
5 12
6 11
7 15
8 11
9 13
10 12
11 19
12 18
13 18
14 20
15 18
16 12

1 20
2 20
3 11
4 15
5 13
6 14
7 14
8 17
9 15
10 16
11 11
12 15
13 12
14 11
15 15
16 19

1 17
2 16
3 19
4 10
5 12
6 11
7 15
8 11
9 13
10 12
11 19
12 18
13 18
14 20
15 18
16 12

1 20
2 20
3 11
4 15
5 13
6 14
7 14
8 17
9 15
10 16
11 11
12 15
13 12
14 11
15 15
16 19

1 17
2 16
3 19
4 10
5 12
6 11
7 15
8 11
9 13
10 12
11 19
12 18
13 18
14 20
15 18
16 12