1 0
2 0
3 0
4 0
5 0
6 0
7 0
8 0

1 19
2 13
3 15
4 19
5 14
6 15
7 18
8 18

1 15
2 10
3 13
4 14
5 12
6 12
7 19
8 18

1 19
2 13
3 15
4 19
5 14
6 15
7 18
8 18

1 15
2 10
3 13
4 14
5 12
6 12
7 19
8 18

1 19
2 13
3 15
4 19
5 14
6 15
7 18
8 18

1 15
2 10
3 13
4 14
5 12
6 12
7 19
8 18

1 19
2 13
3 15
4 19
5 14
6 15
7 18
8 18

1 15
2 10
3 13
4 14
5 12
6 12
7 19
8 18

1 19
2 13
3 15
4 19
5 14
6 15
7 18
8 18

1 15
2 10
3 13
4 14
5 12
6 12
7 19
8 18

1 19
2 13
3 15
4 19
5 14
6 15
7 18
8 18

1 15
2 10
3 13
4 14
5 12
6 12
7 19
8 18

1 19
2 13
3 15
4 19
5 14
6 15
7 18
8 18

1 15
2 10
3 13
4 14
5 12
6 12
7 19
8 18

1 19
2 13
3 15
4 19
5 14
6 15
7 18
8 18

1 15
2 10
3 13
4 14
5 12
6 12
7 19
8 18

1 19
2 13
3 15
4 19
5 14
6 15
7 18
8 18

1 15
2 10
3 13
4 14
5 12
6 12
7 19
8 18

1 19
2 13
3 15
4 19
5 14
6 15
7 18
8 18

1 15
2 10
3 13
4 14
5 12
6 12
7 19
8 18

1 19
2 13
3 15
4 19
5 14
6 15
7 18
8 18

1 15
2 10
3 13
4 14
5 12
6 12
7 19
8 18

1 19
2 13
3 15
4 19
5 14
6 15
7 18
8 18

1 15
2 10
3 13
4 14
5 12
6 12
7 19
8 18

1 19
2 13
3 15
4 19
5 14
6 15
7 18
8 18

1 15
2 10
3 13
4 14
5 12
6 12
7 19
8 18

1 19
2 13
3 15
4 19
5 14
6 15
7 18
8 18

1 15
2 10
3 13
4 14
5 12
6 12
7 19
8 18

1 19
2 13
3 15
4 19
5 14
6 15
7 18
8 18

1 15
2 10
3 13
4 14
5 12
6 12
7 19
8 18