1 0
2 0
3 0
4 0
5 0
6 0
7 0
8 0
9 0
10 0
11 0
12 0
13 0
14 0
15 0
16 0

1 9
2 7
3 4
4 1
5 4
6 7
7 7
8 8
9 1
10 8
11 2
12 9
13 0
14 7
15 9
16 3

1 4
2 0
3 0
4 8
5 1
6 9
7 2
8 5
9 1
10 5
11 0
12 7
13 4
14 1
15 4
16 6

1 9
2 7
3 4
4 1
5 4
6 7
7 7
8 8
9 1
10 8
11 2
12 9
13 0
14 7
15 9
16 3

1 4
2 0
3 0
4 8
5 1
6 9
7 2
8 5
9 1
10 5
11 0
12 7
13 4
14 1
15 4
16 6

1 9
2 7
3 4
4 1
5 4
6 7
7 7
8 8
9 1
10 8
11 2
12 9
13 0
14 7
15 9
16 3

1 4
2 0
3 0
4 8
5 1
6 9
7 2
8 5
9 1
10 5
11 0
12 7
13 4
14 1
15 4
16 6

1 9
2 7
3 4
4 1
5 4
6 7
7 7
8 8
9 1
10 8
11 2
12 9
13 0
14 7
15 9
16 3

1 4
2 0
3 0
4 8
5 1
6 9
7 2
8 5
9 1
10 5
11 0
12 7
13 4
14 1
15 4
16 6

1 9
2 7
3 4
4 1
5 4
6 7
7 7
8 8
9 1
10 8
11 2
12 9
13 0
14 7
15 9
16 3

1 4
2 0
3 0
4 8
5 1
6 9
7 2
8 5
9 1
10 5
11 0
12 7
13 4
14 1
15 4
16 6

1 9
2 7
3 4
4 1
5 4
6 7
7 7
8 8
9 1
10 8
11 2
12 9
13 0
14 7
15 9
16 3

1 4
2 0
3 0
4 8
5 1
6 9
7 2
8 5
9 1
10 5
11 0
12 7
13 4
14 1
15 4
16 6

1 9
2 7
3 4
4 1
5 4
6 7
7 7
8 8
9 1
10 8
11 2
12 9
13 0
14 7
15 9
16 3

1 4
2 0
3 0
4 8
5 1
6 9
7 2
8 5
9 1
10 5
11 0
12 7
13 4
14 1
15 4
16 6

1 9
2 7
3 4
4 1
5 4
6 7
7 7
8 8
9 1
10 8
11 2
12 9
13 0
14 7
15 9
16 3

1 4
2 0
3 0
4 8
5 1
6 9
7 2
8 5
9 1
10 5
11 0
12 7
13 4
14 1
15 4
16 6

1 9
2 7
3 4
4 1
5 4
6 7
7 7
8 8
9 1
10 8
11 2
12 9
13 0
14 7
15 9
16 3

1 4
2 0
3 0
4 8
5 1
6 9
7 2
8 5
9 1
10 5
11 0
12 7
13 4
14 1
15 4
16 6

1 9
2 7
3 4
4 1
5 4
6 7
7 7
8 8
9 1
10 8
11 2
12 9
13 0
14 7
15 9
16 3

1 4
2 0
3 0
4 8
5 1
6 9
7 2
8 5
9 1
10 5
11 0
12 7
13 4
14 1
15 4
16 6