1 0
2 0
3 0
4 0
5 0
6 0
7 0
8 0

1 17
2 18
3 15
4 16
5 15
6 10
7 16
8 14

1 12
2 10
3 13
4 20
5 20
6 10
7 18
8 15

1 12
2 15
3 20
4 10
5 11
6 11
7 16
8 17

1 18
2 13
3 20
4 15
5 16
6 20
7 19
8 15

1 17
2 14
3 14
4 16
5 10
6 12
7 19
8 19

1 13
2 20
3 13
4 10
5 12
6 17
7 11
8 11

1 17
2 18
3 15
4 16
5 15
6 10
7 16
8 14

1 12
2 10
3 13
4 20
5 20
6 10
7 18
8 15

1 12
2 15
3 20
4 10
5 11
6 11
7 16
8 17

1 18
2 13
3 20
4 15
5 16
6 20
7 19
8 15

1 17
2 14
3 14
4 16
5 10
6 12
7 19
8 19

1 13
2 20
3 13
4 10
5 12
6 17
7 11
8 11

1 17
2 18
3 15
4 16
5 15
6 10
7 16
8 14

1 12
2 10
3 13
4 20
5 20
6 10
7 18
8 15

1 12
2 15
3 20
4 10
5 11
6 11
7 16
8 17

1 18
2 13
3 20
4 15
5 16
6 20
7 19
8 15

1 17
2 14
3 14
4 16
5 10
6 12
7 19
8 19

1 13
2 20
3 13
4 10
5 12
6 17
7 11
8 11

1 17
2 18
3 15
4 16
5 15
6 10
7 16
8 14

1 12
2 10
3 13
4 20
5 20
6 10
7 18
8 15

1 12
2 15
3 20
4 10
5 11
6 11
7 16
8 17

1 18
2 13
3 20
4 15
5 16
6 20
7 19
8 15

1 17
2 14
3 14
4 16
5 10
6 12
7 19
8 19

1 13
2 20
3 13
4 10
5 12
6 17
7 11
8 11

1 17
2 18
3 15
4 16
5 15
6 10
7 16
8 14

1 12
2 10
3 13
4 20
5 20
6 10
7 18
8 15

1 12
2 15
3 20
4 10
5 11
6 11
7 16
8 17

1 18
2 13
3 20
4 15
5 16
6 20
7 19
8 15

1 17
2 14
3 14
4 16
5 10
6 12
7 19
8 19

1 13
2 20
3 13
4 10
5 12
6 17
7 11
8 11

1 17
2 18
3 15
4 16
5 15
6 10
7 16
8 14

1 12
2 10
3 13
4 20
5 20
6 10
7 18
8 15

1 12
2 15
3 20
4 10
5 11
6 11
7 16
8 17

1 18
2 13
3 20
4 15
5 16
6 20
7 19
8 15

1 17
2 14
3 14
4 16
5 10
6 12
7 19
8 19

1 13
2 20
3 13
4 10
5 12
6 17
7 11
8 11

1 17
2 18
3 15
4 16
5 15
6 10
7 16
8 14

1 12
2 10
3 13
4 20
5 20
6 10
7 18
8 15

1 12
2 15
3 20
4 10
5 11
6 11
7 16
8 17

1 18
2 13
3 20
4 15
5 16
6 20
7 19
8 15

1 17
2 14
3 14
4 16
5 10
6 12
7 19
8 19

1 13
2 20
3 13
4 10
5 12
6 17
7 11
8 11

1 17
2 18
3 15
4 16
5 15
6 10
7 16
8 14

1 12
2 10
3 13
4 20
5 20
6 10
7 18
8 15

1 12
2 15
3 20
4 10
5 11
6 11
7 16
8 17

1 18
2 13
3 20
4 15
5 16
6 20
7 19
8 15

1 17
2 14
3 14
4 16
5 10
6 12
7 19
8 19

1 13
2 20
3 13
4 10
5 12
6 17
7 11
8 11

1 17
2 18
3 15
4 16
5 15
6 10
7 16
8 14

1 12
2 10
3 13
4 20
5 20
6 10
7 18
8 15

1 12
2 15
3 20
4 10
5 11
6 11
7 16
8 17

1 18
2 13
3 20
4 15
5 16
6 20
7 19
8 15

1 17
2 14
3 14
4 16
5 10
6 12
7 19
8 19

1 13
2 20
3 13
4 10
5 12
6 17
7 11
8 11

1 17
2 18
3 15
4 16
5 15
6 10
7 16
8 14

1 12
2 10
3 13
4 20
5 20
6 10
7 18
8 15

1 12
2 15
3 20
4 10
5 11
6 11
7 16
8 17

1 18
2 13
3 20
4 15
5 16
6 20
7 19
8 15

1 17
2 14
3 14
4 16
5 10
6 12
7 19
8 19

1 13
2 20
3 13
4 10
5 12
6 17
7 11
8 11