1 0
2 0
3 0
4 0
5 0
6 0
7 0
8 0

1 14
2 17
3 14
4 15
5 15
6 16
7 19
8 13

1 19
2 18
3 16
4 16
5 13
6 15
7 12
8 11

1 11
2 15
3 20
4 19
5 16
6 18
7 12
8 18

1 16
2 19
3 11
4 11
5 10
6 18
7 17
8 10

1 14
2 17
3 14
4 15
5 15
6 16
7 19
8 13

1 19
2 18
3 16
4 16
5 13
6 15
7 12
8 11

1 11
2 15
3 20
4 19
5 16
6 18
7 12
8 18

1 16
2 19
3 11
4 11
5 10
6 18
7 17
8 10

1 14
2 17
3 14
4 15
5 15
6 16
7 19
8 13

1 19
2 18
3 16
4 16
5 13
6 15
7 12
8 11

1 11
2 15
3 20
4 19
5 16
6 18
7 12
8 18

1 16
2 19
3 11
4 11
5 10
6 18
7 17
8 10

1 14
2 17
3 14
4 15
5 15
6 16
7 19
8 13

1 19
2 18
3 16
4 16
5 13
6 15
7 12
8 11

1 11
2 15
3 20
4 19
5 16
6 18
7 12
8 18

1 16
2 19
3 11
4 11
5 10
6 18
7 17
8 10

1 14
2 17
3 14
4 15
5 15
6 16
7 19
8 13

1 19
2 18
3 16
4 16
5 13
6 15
7 12
8 11

1 11
2 15
3 20
4 19
5 16
6 18
7 12
8 18

1 16
2 19
3 11
4 11
5 10
6 18
7 17
8 10

1 14
2 17
3 14
4 15
5 15
6 16
7 19
8 13

1 19
2 18
3 16
4 16
5 13
6 15
7 12
8 11

1 11
2 15
3 20
4 19
5 16
6 18
7 12
8 18

1 16
2 19
3 11
4 11
5 10
6 18
7 17
8 10

1 14
2 17
3 14
4 15
5 15
6 16
7 19
8 13

1 19
2 18
3 16
4 16
5 13
6 15
7 12
8 11

1 11
2 15
3 20
4 19
5 16
6 18
7 12
8 18

1 16
2 19
3 11
4 11
5 10
6 18
7 17
8 10

1 14
2 17
3 14
4 15
5 15
6 16
7 19
8 13

1 19
2 18
3 16
4 16
5 13
6 15
7 12
8 11

1 11
2 15
3 20
4 19
5 16
6 18
7 12
8 18

1 16
2 19
3 11
4 11
5 10
6 18
7 17
8 10

1 14
2 17
3 14
4 15
5 15
6 16
7 19
8 13

1 19
2 18
3 16
4 16
5 13
6 15
7 12
8 11

1 11
2 15
3 20
4 19
5 16
6 18
7 12
8 18

1 16
2 19
3 11
4 11
5 10
6 18
7 17
8 10

1 14
2 17
3 14
4 15
5 15
6 16
7 19
8 13

1 19
2 18
3 16
4 16
5 13
6 15
7 12
8 11

1 11
2 15
3 20
4 19
5 16
6 18
7 12
8 18

1 16
2 19
3 11
4 11
5 10
6 18
7 17
8 10