1 0
2 0
3 0
4 0
5 0
6 0
7 0
8 0
9 0
10 0
11 0
12 0
13 0
14 0
15 0
16 0

1 18
2 16
3 12
4 11
5 11
6 14
7 11
8 20
9 20
10 18
11 16
12 16
13 12
14 10
15 19
16 13

1 19
2 13
3 11
4 19
5 11
6 14
7 19
8 20
9 12
10 12
11 13
12 19
13 11
14 15
15 16
16 19

1 17
2 16
3 18
4 10
5 18
6 16
7 14
8 11
9 16
10 10
11 10
12 16
13 11
14 10
15 16
16 19

1 12
2 15
3 17
4 16
5 18
6 11
7 10
8 19
9 10
10 11
11 14
12 20
13 15
14 17
15 16
16 12

1 18
2 16
3 12
4 11
5 11
6 14
7 11
8 20
9 20
10 18
11 16
12 16
13 12
14 10
15 19
16 13

1 19
2 13
3 11
4 19
5 11
6 14
7 19
8 20
9 12
10 12
11 13
12 19
13 11
14 15
15 16
16 19

1 17
2 16
3 18
4 10
5 18
6 16
7 14
8 11
9 16
10 10
11 10
12 16
13 11
14 10
15 16
16 19

1 12
2 15
3 17
4 16
5 18
6 11
7 10
8 19
9 10
10 11
11 14
12 20
13 15
14 17
15 16
16 12

1 18
2 16
3 12
4 11
5 11
6 14
7 11
8 20
9 20
10 18
11 16
12 16
13 12
14 10
15 19
16 13

1 19
2 13
3 11
4 19
5 11
6 14
7 19
8 20
9 12
10 12
11 13
12 19
13 11
14 15
15 16
16 19

1 17
2 16
3 18
4 10
5 18
6 16
7 14
8 11
9 16
10 10
11 10
12 16
13 11
14 10
15 16
16 19

1 12
2 15
3 17
4 16
5 18
6 11
7 10
8 19
9 10
10 11
11 14
12 20
13 15
14 17
15 16
16 12

1 18
2 16
3 12
4 11
5 11
6 14
7 11
8 20
9 20
10 18
11 16
12 16
13 12
14 10
15 19
16 13

1 19
2 13
3 11
4 19
5 11
6 14
7 19
8 20
9 12
10 12
11 13
12 19
13 11
14 15
15 16
16 19

1 17
2 16
3 18
4 10
5 18
6 16
7 14
8 11
9 16
10 10
11 10
12 16
13 11
14 10
15 16
16 19

1 12
2 15
3 17
4 16
5 18
6 11
7 10
8 19
9 10
10 11
11 14
12 20
13 15
14 17
15 16
16 12

1 18
2 16
3 12
4 11
5 11
6 14
7 11
8 20
9 20
10 18
11 16
12 16
13 12
14 10
15 19
16 13

1 19
2 13
3 11
4 19
5 11
6 14
7 19
8 20
9 12
10 12
11 13
12 19
13 11
14 15
15 16
16 19

1 17
2 16
3 18
4 10
5 18
6 16
7 14
8 11
9 16
10 10
11 10
12 16
13 11
14 10
15 16
16 19

1 12
2 15
3 17
4 16
5 18
6 11
7 10
8 19
9 10
10 11
11 14
12 20
13 15
14 17
15 16
16 12

1 18
2 16
3 12
4 11
5 11
6 14
7 11
8 20
9 20
10 18
11 16
12 16
13 12
14 10
15 19
16 13

1 19
2 13
3 11
4 19
5 11
6 14
7 19
8 20
9 12
10 12
11 13
12 19
13 11
14 15
15 16
16 19

1 17
2 16
3 18
4 10
5 18
6 16
7 14
8 11
9 16
10 10
11 10
12 16
13 11
14 10
15 16
16 19

1 12
2 15
3 17
4 16
5 18
6 11
7 10
8 19
9 10
10 11
11 14
12 20
13 15
14 17
15 16
16 12

1 18
2 16
3 12
4 11
5 11
6 14
7 11
8 20
9 20
10 18
11 16
12 16
13 12
14 10
15 19
16 13

1 19
2 13
3 11
4 19
5 11
6 14
7 19
8 20
9 12
10 12
11 13
12 19
13 11
14 15
15 16
16 19

1 17
2 16
3 18
4 10
5 18
6 16
7 14
8 11
9 16
10 10
11 10
12 16
13 11
14 10
15 16
16 19

1 12
2 15
3 17
4 16
5 18
6 11
7 10
8 19
9 10
10 11
11 14
12 20
13 15
14 17
15 16
16 12

1 18
2 16
3 12
4 11
5 11
6 14
7 11
8 20
9 20
10 18
11 16
12 16
13 12
14 10
15 19
16 13

1 19
2 13
3 11
4 19
5 11
6 14
7 19
8 20
9 12
10 12
11 13
12 19
13 11
14 15
15 16
16 19

1 17
2 16
3 18
4 10
5 18
6 16
7 14
8 11
9 16
10 10
11 10
12 16
13 11
14 10
15 16
16 19

1 12
2 15
3 17
4 16
5 18
6 11
7 10
8 19
9 10
10 11
11 14
12 20
13 15
14 17
15 16
16 12

1 18
2 16
3 12
4 11
5 11
6 14
7 11
8 20
9 20
10 18
11 16
12 16
13 12
14 10
15 19
16 13

1 19
2 13
3 11
4 19
5 11
6 14
7 19
8 20
9 12
10 12
11 13
12 19
13 11
14 15
15 16
16 19

1 17
2 16
3 18
4 10
5 18
6 16
7 14
8 11
9 16
10 10
11 10
12 16
13 11
14 10
15 16
16 19

1 12
2 15
3 17
4 16
5 18
6 11
7 10
8 19
9 10
10 11
11 14
12 20
13 15
14 17
15 16
16 12

1 18
2 16
3 12
4 11
5 11
6 14
7 11
8 20
9 20
10 18
11 16
12 16
13 12
14 10
15 19
16 13

1 19
2 13
3 11
4 19
5 11
6 14
7 19
8 20
9 12
10 12
11 13
12 19
13 11
14 15
15 16
16 19

1 17
2 16
3 18
4 10
5 18
6 16
7 14
8 11
9 16
10 10
11 10
12 16
13 11
14 10
15 16
16 19

1 12
2 15
3 17
4 16
5 18
6 11
7 10
8 19
9 10
10 11
11 14
12 20
13 15
14 17
15 16
16 12