1 0
2 0
3 0
4 0

1 1
2 4
3 7
4 8

1 2
2 2
3 5
4 8

1 2
2 5
3 1
4 0

1 0
2 7
3 9
4 1

1 1
2 4
3 7
4 8

1 2
2 2
3 5
4 8

1 2
2 5
3 1
4 0

1 0
2 7
3 9
4 1

1 1
2 4
3 7
4 8

1 2
2 2
3 5
4 8

1 2
2 5
3 1
4 0

1 0
2 7
3 9
4 1

1 1
2 4
3 7
4 8

1 2
2 2
3 5
4 8

1 2
2 5
3 1
4 0

1 0
2 7
3 9
4 1

1 1
2 4
3 7
4 8

1 2
2 2
3 5
4 8

1 2
2 5
3 1
4 0

1 0
2 7
3 9
4 1

1 1
2 4
3 7
4 8

1 2
2 2
3 5
4 8

1 2
2 5
3 1
4 0

1 0
2 7
3 9
4 1

1 1
2 4
3 7
4 8

1 2
2 2
3 5
4 8

1 2
2 5
3 1
4 0

1 0
2 7
3 9
4 1

1 1
2 4
3 7
4 8

1 2
2 2
3 5
4 8

1 2
2 5
3 1
4 0

1 0
2 7
3 9
4 1

1 1
2 4
3 7
4 8

1 2
2 2
3 5
4 8

1 2
2 5
3 1
4 0

1 0
2 7
3 9
4 1

1 1
2 4
3 7
4 8

1 2
2 2
3 5
4 8

1 2
2 5
3 1
4 0

1 0
2 7
3 9
4 1

1 1
2 4
3 7
4 8

1 2
2 2
3 5
4 8

1 2
2 5
3 1
4 0

1 0
2 7
3 9
4 1

1 1
2 4
3 7
4 8

1 2
2 2
3 5
4 8

1 2
2 5
3 1
4 0

1 0
2 7
3 9
4 1

1 1
2 4
3 7
4 8

1 2
2 2
3 5
4 8

1 2
2 5
3 1
4 0

1 0
2 7
3 9
4 1

1 1
2 4
3 7
4 8

1 2
2 2
3 5
4 8

1 2
2 5
3 1
4 0

1 0
2 7
3 9
4 1

1 1
2 4
3 7
4 8

1 2
2 2
3 5
4 8

1 2
2 5
3 1
4 0

1 0
2 7
3 9
4 1

1 1
2 4
3 7
4 8

1 2
2 2
3 5
4 8

1 2
2 5
3 1
4 0

1 0
2 7
3 9
4 1

1 1
2 4
3 7
4 8

1 2
2 2
3 5
4 8

1 2
2 5
3 1
4 0

1 0
2 7
3 9
4 1

1 1
2 4
3 7
4 8

1 2
2 2
3 5
4 8

1 2
2 5
3 1
4 0

1 0
2 7
3 9
4 1

1 1
2 4
3 7
4 8

1 2
2 2
3 5
4 8

1 2
2 5
3 1
4 0

1 0
2 7
3 9
4 1

1 1
2 4
3 7
4 8

1 2
2 2
3 5
4 8

1 2
2 5
3 1
4 0

1 0
2 7
3 9
4 1