1 0
2 0
3 0
4 0

1 11
2 13
3 11
4 18

1 19
2 15
3 11
4 19

1 11
2 13
3 11
4 18

1 19
2 15
3 11
4 19

1 11
2 13
3 11
4 18

1 19
2 15
3 11
4 19

1 11
2 13
3 11
4 18

1 19
2 15
3 11
4 19

1 11
2 13
3 11
4 18

1 19
2 15
3 11
4 19

1 11
2 13
3 11
4 18

1 19
2 15
3 11
4 19

1 11
2 13
3 11
4 18

1 19
2 15
3 11
4 19

1 11
2 13
3 11
4 18

1 19
2 15
3 11
4 19

1 11
2 13
3 11
4 18

1 19
2 15
3 11
4 19

1 11
2 13
3 11
4 18

1 19
2 15
3 11
4 19

1 11
2 13
3 11
4 18

1 19
2 15
3 11
4 19

1 11
2 13
3 11
4 18

1 19
2 15
3 11
4 19

1 11
2 13
3 11
4 18

1 19
2 15
3 11
4 19

1 11
2 13
3 11
4 18

1 19
2 15
3 11
4 19

1 11
2 13
3 11
4 18

1 19
2 15
3 11
4 19