1 0
2 0
3 0
4 0
5 0
6 0
7 0
8 0
9 0
10 0
11 0
12 0
13 0
14 0
15 0
16 0

1 19
2 14
3 10
4 19
5 11
6 20
7 15
8 13
9 19
10 16
11 11
12 15
13 20
14 20
15 19
16 11

1 18
2 17
3 12
4 16
5 16
6 11
7 15
8 16
9 11
10 14
11 13
12 13
13 12
14 17
15 13
16 12

1 16
2 13
3 16
4 19
5 13
6 13
7 18
8 18
9 13
10 18
11 15
12 13
13 18
14 15
15 11
16 10

1 18
2 11
3 11
4 11
5 13
6 14
7 17
8 15
9 15
10 18
11 10
12 14
13 17
14 17
15 15
16 10

1 19
2 14
3 10
4 19
5 11
6 20
7 15
8 13
9 19
10 16
11 11
12 15
13 20
14 20
15 19
16 11

1 18
2 17
3 12
4 16
5 16
6 11
7 15
8 16
9 11
10 14
11 13
12 13
13 12
14 17
15 13
16 12

1 16
2 13
3 16
4 19
5 13
6 13
7 18
8 18
9 13
10 18
11 15
12 13
13 18
14 15
15 11
16 10

1 18
2 11
3 11
4 11
5 13
6 14
7 17
8 15
9 15
10 18
11 10
12 14
13 17
14 17
15 15
16 10

1 19
2 14
3 10
4 19
5 11
6 20
7 15
8 13
9 19
10 16
11 11
12 15
13 20
14 20
15 19
16 11

1 18
2 17
3 12
4 16
5 16
6 11
7 15
8 16
9 11
10 14
11 13
12 13
13 12
14 17
15 13
16 12

1 16
2 13
3 16
4 19
5 13
6 13
7 18
8 18
9 13
10 18
11 15
12 13
13 18
14 15
15 11
16 10

1 18
2 11
3 11
4 11
5 13
6 14
7 17
8 15
9 15
10 18
11 10
12 14
13 17
14 17
15 15
16 10

1 19
2 14
3 10
4 19
5 11
6 20
7 15
8 13
9 19
10 16
11 11
12 15
13 20
14 20
15 19
16 11

1 18
2 17
3 12
4 16
5 16
6 11
7 15
8 16
9 11
10 14
11 13
12 13
13 12
14 17
15 13
16 12

1 16
2 13
3 16
4 19
5 13
6 13
7 18
8 18
9 13
10 18
11 15
12 13
13 18
14 15
15 11
16 10

1 18
2 11
3 11
4 11
5 13
6 14
7 17
8 15
9 15
10 18
11 10
12 14
13 17
14 17
15 15
16 10

1 19
2 14
3 10
4 19
5 11
6 20
7 15
8 13
9 19
10 16
11 11
12 15
13 20
14 20
15 19
16 11

1 18
2 17
3 12
4 16
5 16
6 11
7 15
8 16
9 11
10 14
11 13
12 13
13 12
14 17
15 13
16 12

1 16
2 13
3 16
4 19
5 13
6 13
7 18
8 18
9 13
10 18
11 15
12 13
13 18
14 15
15 11
16 10

1 18
2 11
3 11
4 11
5 13
6 14
7 17
8 15
9 15
10 18
11 10
12 14
13 17
14 17
15 15
16 10

1 19
2 14
3 10
4 19
5 11
6 20
7 15
8 13
9 19
10 16
11 11
12 15
13 20
14 20
15 19
16 11

1 18
2 17
3 12
4 16
5 16
6 11
7 15
8 16
9 11
10 14
11 13
12 13
13 12
14 17
15 13
16 12

1 16
2 13
3 16
4 19
5 13
6 13
7 18
8 18
9 13
10 18
11 15
12 13
13 18
14 15
15 11
16 10

1 18
2 11
3 11
4 11
5 13
6 14
7 17
8 15
9 15
10 18
11 10
12 14
13 17
14 17
15 15
16 10

1 19
2 14
3 10
4 19
5 11
6 20
7 15
8 13
9 19
10 16
11 11
12 15
13 20
14 20
15 19
16 11

1 18
2 17
3 12
4 16
5 16
6 11
7 15
8 16
9 11
10 14
11 13
12 13
13 12
14 17
15 13
16 12

1 16
2 13
3 16
4 19
5 13
6 13
7 18
8 18
9 13
10 18
11 15
12 13
13 18
14 15
15 11
16 10

1 18
2 11
3 11
4 11
5 13
6 14
7 17
8 15
9 15
10 18
11 10
12 14
13 17
14 17
15 15
16 10

1 19
2 14
3 10
4 19
5 11
6 20
7 15
8 13
9 19
10 16
11 11
12 15
13 20
14 20
15 19
16 11

1 18
2 17
3 12
4 16
5 16
6 11
7 15
8 16
9 11
10 14
11 13
12 13
13 12
14 17
15 13
16 12

1 16
2 13
3 16
4 19
5 13
6 13
7 18
8 18
9 13
10 18
11 15
12 13
13 18
14 15
15 11
16 10

1 18
2 11
3 11
4 11
5 13
6 14
7 17
8 15
9 15
10 18
11 10
12 14
13 17
14 17
15 15
16 10

1 19
2 14
3 10
4 19
5 11
6 20
7 15
8 13
9 19
10 16
11 11
12 15
13 20
14 20
15 19
16 11

1 18
2 17
3 12
4 16
5 16
6 11
7 15
8 16
9 11
10 14
11 13
12 13
13 12
14 17
15 13
16 12

1 16
2 13
3 16
4 19
5 13
6 13
7 18
8 18
9 13
10 18
11 15
12 13
13 18
14 15
15 11
16 10

1 18
2 11
3 11
4 11
5 13
6 14
7 17
8 15
9 15
10 18
11 10
12 14
13 17
14 17
15 15
16 10

1 19
2 14
3 10
4 19
5 11
6 20
7 15
8 13
9 19
10 16
11 11
12 15
13 20
14 20
15 19
16 11

1 18
2 17
3 12
4 16
5 16
6 11
7 15
8 16
9 11
10 14
11 13
12 13
13 12
14 17
15 13
16 12

1 16
2 13
3 16
4 19
5 13
6 13
7 18
8 18
9 13
10 18
11 15
12 13
13 18
14 15
15 11
16 10

1 18
2 11
3 11
4 11
5 13
6 14
7 17
8 15
9 15
10 18
11 10
12 14
13 17
14 17
15 15
16 10

1 19
2 14
3 10
4 19
5 11
6 20
7 15
8 13
9 19
10 16
11 11
12 15
13 20
14 20
15 19
16 11

1 18
2 17
3 12
4 16
5 16
6 11
7 15
8 16
9 11
10 14
11 13
12 13
13 12
14 17
15 13
16 12

1 16
2 13
3 16
4 19
5 13
6 13
7 18
8 18
9 13
10 18
11 15
12 13
13 18
14 15
15 11
16 10

1 18
2 11
3 11
4 11
5 13
6 14
7 17
8 15
9 15
10 18
11 10
12 14
13 17
14 17
15 15
16 10

1 19
2 14
3 10
4 19
5 11
6 20
7 15
8 13
9 19
10 16
11 11
12 15
13 20
14 20
15 19
16 11

1 18
2 17
3 12
4 16
5 16
6 11
7 15
8 16
9 11
10 14
11 13
12 13
13 12
14 17
15 13
16 12

1 16
2 13
3 16
4 19
5 13
6 13
7 18
8 18
9 13
10 18
11 15
12 13
13 18
14 15
15 11
16 10

1 18
2 11
3 11
4 11
5 13
6 14
7 17
8 15
9 15
10 18
11 10
12 14
13 17
14 17
15 15
16 10

1 19
2 14
3 10
4 19
5 11
6 20
7 15
8 13
9 19
10 16
11 11
12 15
13 20
14 20
15 19
16 11

1 18
2 17
3 12
4 16
5 16
6 11
7 15
8 16
9 11
10 14
11 13
12 13
13 12
14 17
15 13
16 12

1 16
2 13
3 16
4 19
5 13
6 13
7 18
8 18
9 13
10 18
11 15
12 13
13 18
14 15
15 11
16 10

1 18
2 11
3 11
4 11
5 13
6 14
7 17
8 15
9 15
10 18
11 10
12 14
13 17
14 17
15 15
16 10

1 19
2 14
3 10
4 19
5 11
6 20
7 15
8 13
9 19
10 16
11 11
12 15
13 20
14 20
15 19
16 11

1 18
2 17
3 12
4 16
5 16
6 11
7 15
8 16
9 11
10 14
11 13
12 13
13 12
14 17
15 13
16 12

1 16
2 13
3 16
4 19
5 13
6 13
7 18
8 18
9 13
10 18
11 15
12 13
13 18
14 15
15 11
16 10

1 18
2 11
3 11
4 11
5 13
6 14
7 17
8 15
9 15
10 18
11 10
12 14
13 17
14 17
15 15
16 10

1 19
2 14
3 10
4 19
5 11
6 20
7 15
8 13
9 19
10 16
11 11
12 15
13 20
14 20
15 19
16 11

1 18
2 17
3 12
4 16
5 16
6 11
7 15
8 16
9 11
10 14
11 13
12 13
13 12
14 17
15 13
16 12

1 16
2 13
3 16
4 19
5 13
6 13
7 18
8 18
9 13
10 18
11 15
12 13
13 18
14 15
15 11
16 10

1 18
2 11
3 11
4 11
5 13
6 14
7 17
8 15
9 15
10 18
11 10
12 14
13 17
14 17
15 15
16 10

1 19
2 14
3 10
4 19
5 11
6 20
7 15
8 13
9 19
10 16
11 11
12 15
13 20
14 20
15 19
16 11

1 18
2 17
3 12
4 16
5 16
6 11
7 15
8 16
9 11
10 14
11 13
12 13
13 12
14 17
15 13
16 12

1 16
2 13
3 16
4 19
5 13
6 13
7 18
8 18
9 13
10 18
11 15
12 13
13 18
14 15
15 11
16 10

1 18
2 11
3 11
4 11
5 13
6 14
7 17
8 15
9 15
10 18
11 10
12 14
13 17
14 17
15 15
16 10

1 19
2 14
3 10
4 19
5 11
6 20
7 15
8 13
9 19
10 16
11 11
12 15
13 20
14 20
15 19
16 11

1 18
2 17
3 12
4 16
5 16
6 11
7 15
8 16
9 11
10 14
11 13
12 13
13 12
14 17
15 13
16 12

1 16
2 13
3 16
4 19
5 13
6 13
7 18
8 18
9 13
10 18
11 15
12 13
13 18
14 15
15 11
16 10

1 18
2 11
3 11
4 11
5 13
6 14
7 17
8 15
9 15
10 18
11 10
12 14
13 17
14 17
15 15
16 10

1 19
2 14
3 10
4 19
5 11
6 20
7 15
8 13
9 19
10 16
11 11
12 15
13 20
14 20
15 19
16 11

1 18
2 17
3 12
4 16
5 16
6 11
7 15
8 16
9 11
10 14
11 13
12 13
13 12
14 17
15 13
16 12

1 16
2 13
3 16
4 19
5 13
6 13
7 18
8 18
9 13
10 18
11 15
12 13
13 18
14 15
15 11
16 10

1 18
2 11
3 11
4 11
5 13
6 14
7 17
8 15
9 15
10 18
11 10
12 14
13 17
14 17
15 15
16 10

1 19
2 14
3 10
4 19
5 11
6 20
7 15
8 13
9 19
10 16
11 11
12 15
13 20
14 20
15 19
16 11

1 18
2 17
3 12
4 16
5 16
6 11
7 15
8 16
9 11
10 14
11 13
12 13
13 12
14 17
15 13
16 12

1 16
2 13
3 16
4 19
5 13
6 13
7 18
8 18
9 13
10 18
11 15
12 13
13 18
14 15
15 11
16 10

1 18
2 11
3 11
4 11
5 13
6 14
7 17
8 15
9 15
10 18
11 10
12 14
13 17
14 17
15 15
16 10

1 19
2 14
3 10
4 19
5 11
6 20
7 15
8 13
9 19
10 16
11 11
12 15
13 20
14 20
15 19
16 11

1 18
2 17
3 12
4 16
5 16
6 11
7 15
8 16
9 11
10 14
11 13
12 13
13 12
14 17
15 13
16 12

1 16
2 13
3 16
4 19
5 13
6 13
7 18
8 18
9 13
10 18
11 15
12 13
13 18
14 15
15 11
16 10

1 18
2 11
3 11
4 11
5 13
6 14
7 17
8 15
9 15
10 18
11 10
12 14
13 17
14 17
15 15
16 10