1 0
2 0
3 0
4 0

1 6
2 4
3 3
4 5

1 4
2 5
3 4
4 6

1 0
2 6
3 9
4 9

1 8
2 0
3 1
4 3

1 7
2 9
3 8
4 8

1 8
2 9
3 0
4 4

1 6
2 4
3 3
4 5

1 4
2 5
3 4
4 6

1 0
2 6
3 9
4 9

1 8
2 0
3 1
4 3

1 7
2 9
3 8
4 8

1 8
2 9
3 0
4 4

1 6
2 4
3 3
4 5

1 4
2 5
3 4
4 6

1 0
2 6
3 9
4 9

1 8
2 0
3 1
4 3

1 7
2 9
3 8
4 8

1 8
2 9
3 0
4 4

1 6
2 4
3 3
4 5

1 4
2 5
3 4
4 6

1 0
2 6
3 9
4 9

1 8
2 0
3 1
4 3

1 7
2 9
3 8
4 8

1 8
2 9
3 0
4 4

1 6
2 4
3 3
4 5

1 4
2 5
3 4
4 6

1 0
2 6
3 9
4 9

1 8
2 0
3 1
4 3

1 7
2 9
3 8
4 8

1 8
2 9
3 0
4 4

1 6
2 4
3 3
4 5

1 4
2 5
3 4
4 6

1 0
2 6
3 9
4 9

1 8
2 0
3 1
4 3

1 7
2 9
3 8
4 8

1 8
2 9
3 0
4 4

1 6
2 4
3 3
4 5

1 4
2 5
3 4
4 6

1 0
2 6
3 9
4 9

1 8
2 0
3 1
4 3

1 7
2 9
3 8
4 8

1 8
2 9
3 0
4 4

1 6
2 4
3 3
4 5

1 4
2 5
3 4
4 6

1 0
2 6
3 9
4 9

1 8
2 0
3 1
4 3

1 7
2 9
3 8
4 8

1 8
2 9
3 0
4 4

1 6
2 4
3 3
4 5

1 4
2 5
3 4
4 6

1 0
2 6
3 9
4 9

1 8
2 0
3 1
4 3

1 7
2 9
3 8
4 8

1 8
2 9
3 0
4 4

1 6
2 4
3 3
4 5

1 4
2 5
3 4
4 6

1 0
2 6
3 9
4 9

1 8
2 0
3 1
4 3

1 7
2 9
3 8
4 8

1 8
2 9
3 0
4 4