1 0
2 0
3 0
4 0
5 0
6 0
7 0
8 0
9 0
10 0
11 0
12 0
13 0
14 0
15 0
16 0

1 9
2 8
3 4
4 9
5 1
6 9
7 4
8 0
9 0
10 4
11 9
12 9
13 5
14 9
15 1
16 7

1 7
2 7
3 4
4 9
5 5
6 9
7 2
8 1
9 9
10 8
11 7
12 5
13 5
14 3
15 4
16 1

1 9
2 4
3 9
4 5
5 1
6 7
7 6
8 3
9 5
10 3
11 4
12 2
13 8
14 8
15 2
16 7

1 3
2 3
3 5
4 6
5 0
6 1
7 2
8 6
9 4
10 0
11 9
12 5
13 6
14 0
15 6
16 3

1 7
2 0
3 4
4 2
5 2
6 3
7 4
8 1
9 8
10 3
11 9
12 5
13 5
14 8
15 0
16 6

1 0
2 1
3 1
4 5
5 1
6 6
7 6
8 4
9 8
10 5
11 5
12 9
13 9
14 4
15 0
16 1

1 9
2 8
3 4
4 9
5 1
6 9
7 4
8 0
9 0
10 4
11 9
12 9
13 5
14 9
15 1
16 7

1 7
2 7
3 4
4 9
5 5
6 9
7 2
8 1
9 9
10 8
11 7
12 5
13 5
14 3
15 4
16 1

1 9
2 4
3 9
4 5
5 1
6 7
7 6
8 3
9 5
10 3
11 4
12 2
13 8
14 8
15 2
16 7

1 3
2 3
3 5
4 6
5 0
6 1
7 2
8 6
9 4
10 0
11 9
12 5
13 6
14 0
15 6
16 3

1 7
2 0
3 4
4 2
5 2
6 3
7 4
8 1
9 8
10 3
11 9
12 5
13 5
14 8
15 0
16 6

1 0
2 1
3 1
4 5
5 1
6 6
7 6
8 4
9 8
10 5
11 5
12 9
13 9
14 4
15 0
16 1

1 9
2 8
3 4
4 9
5 1
6 9
7 4
8 0
9 0
10 4
11 9
12 9
13 5
14 9
15 1
16 7

1 7
2 7
3 4
4 9
5 5
6 9
7 2
8 1
9 9
10 8
11 7
12 5
13 5
14 3
15 4
16 1

1 9
2 4
3 9
4 5
5 1
6 7
7 6
8 3
9 5
10 3
11 4
12 2
13 8
14 8
15 2
16 7

1 3
2 3
3 5
4 6
5 0
6 1
7 2
8 6
9 4
10 0
11 9
12 5
13 6
14 0
15 6
16 3

1 7
2 0
3 4
4 2
5 2
6 3
7 4
8 1
9 8
10 3
11 9
12 5
13 5
14 8
15 0
16 6

1 0
2 1
3 1
4 5
5 1
6 6
7 6
8 4
9 8
10 5
11 5
12 9
13 9
14 4
15 0
16 1

1 9
2 8
3 4
4 9
5 1
6 9
7 4
8 0
9 0
10 4
11 9
12 9
13 5
14 9
15 1
16 7

1 7
2 7
3 4
4 9
5 5
6 9
7 2
8 1
9 9
10 8
11 7
12 5
13 5
14 3
15 4
16 1

1 9
2 4
3 9
4 5
5 1
6 7
7 6
8 3
9 5
10 3
11 4
12 2
13 8
14 8
15 2
16 7

1 3
2 3
3 5
4 6
5 0
6 1
7 2
8 6
9 4
10 0
11 9
12 5
13 6
14 0
15 6
16 3

1 7
2 0
3 4
4 2
5 2
6 3
7 4
8 1
9 8
10 3
11 9
12 5
13 5
14 8
15 0
16 6

1 0
2 1
3 1
4 5
5 1
6 6
7 6
8 4
9 8
10 5
11 5
12 9
13 9
14 4
15 0
16 1

1 9
2 8
3 4
4 9
5 1
6 9
7 4
8 0
9 0
10 4
11 9
12 9
13 5
14 9
15 1
16 7

1 7
2 7
3 4
4 9
5 5
6 9
7 2
8 1
9 9
10 8
11 7
12 5
13 5
14 3
15 4
16 1

1 9
2 4
3 9
4 5
5 1
6 7
7 6
8 3
9 5
10 3
11 4
12 2
13 8
14 8
15 2
16 7

1 3
2 3
3 5
4 6
5 0
6 1
7 2
8 6
9 4
10 0
11 9
12 5
13 6
14 0
15 6
16 3

1 7
2 0
3 4
4 2
5 2
6 3
7 4
8 1
9 8
10 3
11 9
12 5
13 5
14 8
15 0
16 6

1 0
2 1
3 1
4 5
5 1
6 6
7 6
8 4
9 8
10 5
11 5
12 9
13 9
14 4
15 0
16 1

1 9
2 8
3 4
4 9
5 1
6 9
7 4
8 0
9 0
10 4
11 9
12 9
13 5
14 9
15 1
16 7

1 7
2 7
3 4
4 9
5 5
6 9
7 2
8 1
9 9
10 8
11 7
12 5
13 5
14 3
15 4
16 1

1 9
2 4
3 9
4 5
5 1
6 7
7 6
8 3
9 5
10 3
11 4
12 2
13 8
14 8
15 2
16 7

1 3
2 3
3 5
4 6
5 0
6 1
7 2
8 6
9 4
10 0
11 9
12 5
13 6
14 0
15 6
16 3

1 7
2 0
3 4
4 2
5 2
6 3
7 4
8 1
9 8
10 3
11 9
12 5
13 5
14 8
15 0
16 6

1 0
2 1
3 1
4 5
5 1
6 6
7 6
8 4
9 8
10 5
11 5
12 9
13 9
14 4
15 0
16 1

1 9
2 8
3 4
4 9
5 1
6 9
7 4
8 0
9 0
10 4
11 9
12 9
13 5
14 9
15 1
16 7

1 7
2 7
3 4
4 9
5 5
6 9
7 2
8 1
9 9
10 8
11 7
12 5
13 5
14 3
15 4
16 1

1 9
2 4
3 9
4 5
5 1
6 7
7 6
8 3
9 5
10 3
11 4
12 2
13 8
14 8
15 2
16 7

1 3
2 3
3 5
4 6
5 0
6 1
7 2
8 6
9 4
10 0
11 9
12 5
13 6
14 0
15 6
16 3

1 7
2 0
3 4
4 2
5 2
6 3
7 4
8 1
9 8
10 3
11 9
12 5
13 5
14 8
15 0
16 6

1 0
2 1
3 1
4 5
5 1
6 6
7 6
8 4
9 8
10 5
11 5
12 9
13 9
14 4
15 0
16 1

1 9
2 8
3 4
4 9
5 1
6 9
7 4
8 0
9 0
10 4
11 9
12 9
13 5
14 9
15 1
16 7

1 7
2 7
3 4
4 9
5 5
6 9
7 2
8 1
9 9
10 8
11 7
12 5
13 5
14 3
15 4
16 1

1 9
2 4
3 9
4 5
5 1
6 7
7 6
8 3
9 5
10 3
11 4
12 2
13 8
14 8
15 2
16 7

1 3
2 3
3 5
4 6
5 0
6 1
7 2
8 6
9 4
10 0
11 9
12 5
13 6
14 0
15 6
16 3

1 7
2 0
3 4
4 2
5 2
6 3
7 4
8 1
9 8
10 3
11 9
12 5
13 5
14 8
15 0
16 6

1 0
2 1
3 1
4 5
5 1
6 6
7 6
8 4
9 8
10 5
11 5
12 9
13 9
14 4
15 0
16 1

1 9
2 8
3 4
4 9
5 1
6 9
7 4
8 0
9 0
10 4
11 9
12 9
13 5
14 9
15 1
16 7

1 7
2 7
3 4
4 9
5 5
6 9
7 2
8 1
9 9
10 8
11 7
12 5
13 5
14 3
15 4
16 1

1 9
2 4
3 9
4 5
5 1
6 7
7 6
8 3
9 5
10 3
11 4
12 2
13 8
14 8
15 2
16 7

1 3
2 3
3 5
4 6
5 0
6 1
7 2
8 6
9 4
10 0
11 9
12 5
13 6
14 0
15 6
16 3

1 7
2 0
3 4
4 2
5 2
6 3
7 4
8 1
9 8
10 3
11 9
12 5
13 5
14 8
15 0
16 6

1 0
2 1
3 1
4 5
5 1
6 6
7 6
8 4
9 8
10 5
11 5
12 9
13 9
14 4
15 0
16 1

1 9
2 8
3 4
4 9
5 1
6 9
7 4
8 0
9 0
10 4
11 9
12 9
13 5
14 9
15 1
16 7

1 7
2 7
3 4
4 9
5 5
6 9
7 2
8 1
9 9
10 8
11 7
12 5
13 5
14 3
15 4
16 1

1 9
2 4
3 9
4 5
5 1
6 7
7 6
8 3
9 5
10 3
11 4
12 2
13 8
14 8
15 2
16 7

1 3
2 3
3 5
4 6
5 0
6 1
7 2
8 6
9 4
10 0
11 9
12 5
13 6
14 0
15 6
16 3

1 7
2 0
3 4
4 2
5 2
6 3
7 4
8 1
9 8
10 3
11 9
12 5
13 5
14 8
15 0
16 6

1 0
2 1
3 1
4 5
5 1
6 6
7 6
8 4
9 8
10 5
11 5
12 9
13 9
14 4
15 0
16 1

1 9
2 8
3 4
4 9
5 1
6 9
7 4
8 0
9 0
10 4
11 9
12 9
13 5
14 9
15 1
16 7

1 7
2 7
3 4
4 9
5 5
6 9
7 2
8 1
9 9
10 8
11 7
12 5
13 5
14 3
15 4
16 1

1 9
2 4
3 9
4 5
5 1
6 7
7 6
8 3
9 5
10 3
11 4
12 2
13 8
14 8
15 2
16 7

1 3
2 3
3 5
4 6
5 0
6 1
7 2
8 6
9 4
10 0
11 9
12 5
13 6
14 0
15 6
16 3

1 7
2 0
3 4
4 2
5 2
6 3
7 4
8 1
9 8
10 3
11 9
12 5
13 5
14 8
15 0
16 6

1 0
2 1
3 1
4 5
5 1
6 6
7 6
8 4
9 8
10 5
11 5
12 9
13 9
14 4
15 0
16 1

1 9
2 8
3 4
4 9
5 1
6 9
7 4
8 0
9 0
10 4
11 9
12 9
13 5
14 9
15 1
16 7

1 7
2 7
3 4
4 9
5 5
6 9
7 2
8 1
9 9
10 8
11 7
12 5
13 5
14 3
15 4
16 1

1 9
2 4
3 9
4 5
5 1
6 7
7 6
8 3
9 5
10 3
11 4
12 2
13 8
14 8
15 2
16 7

1 3
2 3
3 5
4 6
5 0
6 1
7 2
8 6
9 4
10 0
11 9
12 5
13 6
14 0
15 6
16 3

1 7
2 0
3 4
4 2
5 2
6 3
7 4
8 1
9 8
10 3
11 9
12 5
13 5
14 8
15 0
16 6

1 0
2 1
3 1
4 5
5 1
6 6
7 6
8 4
9 8
10 5
11 5
12 9
13 9
14 4
15 0
16 1

1 9
2 8
3 4
4 9
5 1
6 9
7 4
8 0
9 0
10 4
11 9
12 9
13 5
14 9
15 1
16 7

1 7
2 7
3 4
4 9
5 5
6 9
7 2
8 1
9 9
10 8
11 7
12 5
13 5
14 3
15 4
16 1

1 9
2 4
3 9
4 5
5 1
6 7
7 6
8 3
9 5
10 3
11 4
12 2
13 8
14 8
15 2
16 7

1 3
2 3
3 5
4 6
5 0
6 1
7 2
8 6
9 4
10 0
11 9
12 5
13 6
14 0
15 6
16 3

1 7
2 0
3 4
4 2
5 2
6 3
7 4
8 1
9 8
10 3
11 9
12 5
13 5
14 8
15 0
16 6

1 0
2 1
3 1
4 5
5 1
6 6
7 6
8 4
9 8
10 5
11 5
12 9
13 9
14 4
15 0
16 1

1 9
2 8
3 4
4 9
5 1
6 9
7 4
8 0
9 0
10 4
11 9
12 9
13 5
14 9
15 1
16 7

1 7
2 7
3 4
4 9
5 5
6 9
7 2
8 1
9 9
10 8
11 7
12 5
13 5
14 3
15 4
16 1

1 9
2 4
3 9
4 5
5 1
6 7
7 6
8 3
9 5
10 3
11 4
12 2
13 8
14 8
15 2
16 7

1 3
2 3
3 5
4 6
5 0
6 1
7 2
8 6
9 4
10 0
11 9
12 5
13 6
14 0
15 6
16 3

1 7
2 0
3 4
4 2
5 2
6 3
7 4
8 1
9 8
10 3
11 9
12 5
13 5
14 8
15 0
16 6

1 0
2 1
3 1
4 5
5 1
6 6
7 6
8 4
9 8
10 5
11 5
12 9
13 9
14 4
15 0
16 1

1 9
2 8
3 4
4 9
5 1
6 9
7 4
8 0
9 0
10 4
11 9
12 9
13 5
14 9
15 1
16 7

1 7
2 7
3 4
4 9
5 5
6 9
7 2
8 1
9 9
10 8
11 7
12 5
13 5
14 3
15 4
16 1

1 9
2 4
3 9
4 5
5 1
6 7
7 6
8 3
9 5
10 3
11 4
12 2
13 8
14 8
15 2
16 7

1 3
2 3
3 5
4 6
5 0
6 1
7 2
8 6
9 4
10 0
11 9
12 5
13 6
14 0
15 6
16 3

1 7
2 0
3 4
4 2
5 2
6 3
7 4
8 1
9 8
10 3
11 9
12 5
13 5
14 8
15 0
16 6

1 0
2 1
3 1
4 5
5 1
6 6
7 6
8 4
9 8
10 5
11 5
12 9
13 9
14 4
15 0
16 1