1 0
2 0
3 0
4 0
5 0
6 0
7 0
8 0
9 0
10 0
11 0
12 0
13 0
14 0
15 0
16 0

1 15
2 10
3 13
4 18
5 15
6 18
7 16
8 16
9 19
10 18
11 17
12 20
13 16
14 17
15 15
16 10

1 15
2 17
3 10
4 17
5 18
6 15
7 19
8 13
9 16
10 13
11 14
12 14
13 13
14 11
15 19
16 12

1 15
2 10
3 13
4 18
5 15
6 18
7 16
8 16
9 19
10 18
11 17
12 20
13 16
14 17
15 15
16 10

1 15
2 17
3 10
4 17
5 18
6 15
7 19
8 13
9 16
10 13
11 14
12 14
13 13
14 11
15 19
16 12

1 15
2 10
3 13
4 18
5 15
6 18
7 16
8 16
9 19
10 18
11 17
12 20
13 16
14 17
15 15
16 10

1 15
2 17
3 10
4 17
5 18
6 15
7 19
8 13
9 16
10 13
11 14
12 14
13 13
14 11
15 19
16 12

1 15
2 10
3 13
4 18
5 15
6 18
7 16
8 16
9 19
10 18
11 17
12 20
13 16
14 17
15 15
16 10

1 15
2 17
3 10
4 17
5 18
6 15
7 19
8 13
9 16
10 13
11 14
12 14
13 13
14 11
15 19
16 12

1 15
2 10
3 13
4 18
5 15
6 18
7 16
8 16
9 19
10 18
11 17
12 20
13 16
14 17
15 15
16 10

1 15
2 17
3 10
4 17
5 18
6 15
7 19
8 13
9 16
10 13
11 14
12 14
13 13
14 11
15 19
16 12

1 15
2 10
3 13
4 18
5 15
6 18
7 16
8 16
9 19
10 18
11 17
12 20
13 16
14 17
15 15
16 10

1 15
2 17
3 10
4 17
5 18
6 15
7 19
8 13
9 16
10 13
11 14
12 14
13 13
14 11
15 19
16 12

1 15
2 10
3 13
4 18
5 15
6 18
7 16
8 16
9 19
10 18
11 17
12 20
13 16
14 17
15 15
16 10

1 15
2 17
3 10
4 17
5 18
6 15
7 19
8 13
9 16
10 13
11 14
12 14
13 13
14 11
15 19
16 12

1 15
2 10
3 13
4 18
5 15
6 18
7 16
8 16
9 19
10 18
11 17
12 20
13 16
14 17
15 15
16 10

1 15
2 17
3 10
4 17
5 18
6 15
7 19
8 13
9 16
10 13
11 14
12 14
13 13
14 11
15 19
16 12

1 15
2 10
3 13
4 18
5 15
6 18
7 16
8 16
9 19
10 18
11 17
12 20
13 16
14 17
15 15
16 10

1 15
2 17
3 10
4 17
5 18
6 15
7 19
8 13
9 16
10 13
11 14
12 14
13 13
14 11
15 19
16 12

1 15
2 10
3 13
4 18
5 15
6 18
7 16
8 16
9 19
10 18
11 17
12 20
13 16
14 17
15 15
16 10

1 15
2 17
3 10
4 17
5 18
6 15
7 19
8 13
9 16
10 13
11 14
12 14
13 13
14 11
15 19
16 12