1 0
2 0
3 0
4 0
5 0
6 0
7 0
8 0

1 17
2 17
3 10
4 15
5 15
6 11
7 14
8 17

1 17
2 16
3 11
4 16
5 10
6 10
7 10
8 16

1 18
2 13
3 17
4 19
5 11
6 17
7 20
8 13

1 14
2 10
3 18
4 10
5 15
6 17
7 19
8 19

1 17
2 17
3 10
4 15
5 15
6 11
7 14
8 17

1 17
2 16
3 11
4 16
5 10
6 10
7 10
8 16

1 18
2 13
3 17
4 19
5 11
6 17
7 20
8 13

1 14
2 10
3 18
4 10
5 15
6 17
7 19
8 19

1 17
2 17
3 10
4 15
5 15
6 11
7 14
8 17

1 17
2 16
3 11
4 16
5 10
6 10
7 10
8 16

1 18
2 13
3 17
4 19
5 11
6 17
7 20
8 13

1 14
2 10
3 18
4 10
5 15
6 17
7 19
8 19

1 17
2 17
3 10
4 15
5 15
6 11
7 14
8 17

1 17
2 16
3 11
4 16
5 10
6 10
7 10
8 16

1 18
2 13
3 17
4 19
5 11
6 17
7 20
8 13

1 14
2 10
3 18
4 10
5 15
6 17
7 19
8 19

1 17
2 17
3 10
4 15
5 15
6 11
7 14
8 17

1 17
2 16
3 11
4 16
5 10
6 10
7 10
8 16

1 18
2 13
3 17
4 19
5 11
6 17
7 20
8 13

1 14
2 10
3 18
4 10
5 15
6 17
7 19
8 19

1 17
2 17
3 10
4 15
5 15
6 11
7 14
8 17

1 17
2 16
3 11
4 16
5 10
6 10
7 10
8 16

1 18
2 13
3 17
4 19
5 11
6 17
7 20
8 13

1 14
2 10
3 18
4 10
5 15
6 17
7 19
8 19

1 17
2 17
3 10
4 15
5 15
6 11
7 14
8 17

1 17
2 16
3 11
4 16
5 10
6 10
7 10
8 16

1 18
2 13
3 17
4 19
5 11
6 17
7 20
8 13

1 14
2 10
3 18
4 10
5 15
6 17
7 19
8 19

1 17
2 17
3 10
4 15
5 15
6 11
7 14
8 17

1 17
2 16
3 11
4 16
5 10
6 10
7 10
8 16

1 18
2 13
3 17
4 19
5 11
6 17
7 20
8 13

1 14
2 10
3 18
4 10
5 15
6 17
7 19
8 19

1 17
2 17
3 10
4 15
5 15
6 11
7 14
8 17

1 17
2 16
3 11
4 16
5 10
6 10
7 10
8 16

1 18
2 13
3 17
4 19
5 11
6 17
7 20
8 13

1 14
2 10
3 18
4 10
5 15
6 17
7 19
8 19

1 17
2 17
3 10
4 15
5 15
6 11
7 14
8 17

1 17
2 16
3 11
4 16
5 10
6 10
7 10
8 16

1 18
2 13
3 17
4 19
5 11
6 17
7 20
8 13

1 14
2 10
3 18
4 10
5 15
6 17
7 19
8 19