1 0
2 0
3 0
4 0

1 16
2 20
3 20
4 12

1 17
2 18
3 15
4 10

1 16
2 20
3 20
4 12

1 17
2 18
3 15
4 10

1 16
2 20
3 20
4 12

1 17
2 18
3 15
4 10

1 16
2 20
3 20
4 12

1 17
2 18
3 15
4 10

1 16
2 20
3 20
4 12

1 17
2 18
3 15
4 10

1 16
2 20
3 20
4 12

1 17
2 18
3 15
4 10

1 16
2 20
3 20
4 12

1 17
2 18
3 15
4 10

1 16
2 20
3 20
4 12

1 17
2 18
3 15
4 10

1 16
2 20
3 20
4 12

1 17
2 18
3 15
4 10

1 16
2 20
3 20
4 12

1 17
2 18
3 15
4 10

1 16
2 20
3 20
4 12

1 17
2 18
3 15
4 10

1 16
2 20
3 20
4 12

1 17
2 18
3 15
4 10

1 16
2 20
3 20
4 12

1 17
2 18
3 15
4 10

1 16
2 20
3 20
4 12

1 17
2 18
3 15
4 10

1 16
2 20
3 20
4 12

1 17
2 18
3 15
4 10